-2.314598747889543007e-03 -4.581831094895783690e-03 -6.754184860442101132e-03 -8.784099566271352799e-03 -1.062455508191754126e-02 -1.223026153015132657e-02 -1.355935811381273753e-02 -1.457560585008957701e-02 -1.525067480297743160e-02 -1.556616282093122201e-02 -1.551500749111650937e-02 -1.510202588569486103e-02 -1.434335148663521721e-02 -1.326500469471437148e-02 -1.190070707774779600e-02 -1.028945313456944635e-02 -8.473077733081190235e-03 -6.494290445653957099e-03 -4.395322894236431549e-03 -2.217259775511913437e-03
-4.676565815458177261e-03 -9.258551661243414471e-03 -1.365080511303502948e-02 -1.775764251445416386e-02 -2.148385445293600829e-02 -2.473710614996571522e-02 -2.743153842562966183e-02 -2.949238992457208983e-02 -3.086093682845868907e-02 -3.149895933372031526e-02 -3.139183971247275218e-02 -3.054971489366222273e-02 -2.900636467250406261e-02 -2.681593666571672682e-02 -2.404838503324307000e-02 -2.078404045556325394e-02 -1.710857297626783291e-02 -1.310877113085771525e-02 -8.869755903515822923e-03 -4.473716281405508248e-03
-7.133118614687977525e-03 -1.412499343106612439e-02 -2.083283454224165582e-02 -2.711177785660160225e-02 -3.281608977195998866e-02 -3.780274842025647952e-02 -4.193727806356419008e-02 -4.510145634319492891e-02 -4.720171752276929034e-02 -4.817688023741179687e-02 -4.800365979021011670e-02 -4.669864019153927709e-02 -4.431640323996707126e-02 -4.094397444456399082e-02 -3.669282290517808520e-02 -3.168974397206672511e-02 -2.606841011469228711e-02 -1.996246846930091468e-02 -1.350121505318623363e-02 -6.807838028394076237e-03
-9.730925568605549442e-03 -1.927547533168846514e-02 -2.844376476239146578e-02 -3.704051961867865089e-02 -4.486595161120483094e-02 -5.172048537302461474e-02 -5.741334608948110707e-02 -6.177441168235216218e-02 -6.466754094291181365e-02 -6.600315995246920642e-02 -6.574723629874601460e-02 -6.392474214219452666e-02 -6.061658729856631012e-02 -5.595070720637509987e-02 -5.008913458838803318e-02 -4.321369983331922737e-02 -3.551284278401298927e-02 -2.717146595008700788e-02 -1.836478233867540333e-02 -9.256401963261481902e-03
-1.251511324355993569e-02 -2.480219448618932107e-02 -3.662621875752943013e-02 -4.774055311575196858e-02 -5.788667843796015122e-02 -6.679985900461965498e-02 -7.422118476697223133e-02 -7.991524452541777512e-02 -8.369084037367635620e-02 -8.542093445136478280e-02 -8.505734583765466039e-02 -8.263644913981570139e-02 -7.827446165020461588e-02 -7.215308546747184471e-02 -6.449927350448993180e-02 -5.556302579455220381e-02 -4.559775985220915206e-02 -3.484572135412285221e-02 -2.353000725562186604e-02 -1.185297398895504388e-02
-1.552733435721429141e-02 -3.079194549648400780e-02 -4.551833030664672458e-02 -5.940876092585740953e-02 -7.214032796163287464e-02 -8.337106296815623152e-02 -9.275625636371612193e-02 -9.997448218339451131e-02 -1.047595563404089131e-01 -1.069323235410781364e-01 -1.064246877032395677e-01 -1.032892314164549769e-01 -9.769166595177097845e-02 -8.988787493468335110e-02 -8.019177967657008244e-02 -6.894133368822061292e-02 -5.646941372185283053e-02 -4.308362081696769097e-02 -2.905653518759053477e-02 -1.462547261950132224e-02
-1.880227234388712199e-02 -3.731990860213228733e-02 -5.524635653431194532e-02 -7.223576051760752237e-02 -8.789477767829263766e-02 -1.017877614268062753e-01 -1.134582587924103936e-01 -1.224668247970905066e-01 -1.284404961758581210e-01 -1.311240342615478671e-01 -1.304197800998552204e-01 -1.264040970402715014e-01 -1.193150567346586283e-01 -1.095149211870135031e-01 -9.743858711477759726e-02 -8.354108156971661037e-02 -6.825489677095882002e-02 -5.196280575755336112e-02 -3.498701960668371830e-02 -1.759236528808844069e-02
-2.236182966986783108e-02 -4.443903855295917860e-02 -6.591137980241262850e-02 -8.639309534707126370e-02 -1.054152073992679350e-01 -1.224269070619840721e-01 -1.368221452503339541e-01 -1.479940046741352877e-01 -1.554114946989801627e-01 -1.587034606428715522e-01 -1.577262271123034687e-01 -1.525922671550085652e-01 -1.436494764438807636e-01 -1.314181099225597837e-01 -1.165065180850687609e-01 -9.952945345394652310e-02 -8.104625378471909392e-02 -6.152568770161460920e-02 -4.133636213086020611e-02 -2.075698243342623261e-02
-2.620600454997241979e-02 -5.216303336145686892e-02 -7.756699774812921000e-02 -1.020099721646828411e-01 -1.249460034986385193e-01 -1.456824545749017263e-01 -1.634093638836406348e-01 -1.772754769871691671e-01 -1.865079228865029193e-01 -1.905520121437141168e-01 -1.891893218905963403e-01 -1.825891976906094394e-01 -1.712724049010548311e-01 -1.560014556122949481e-01 -1.376398351556185062e-01 -1.170239048964187845e-01 -9.487493925247295068e-02 -7.175730621611295379e-02 -4.807576411408565065e-02 -2.409919900952242969e-02
-3.029918100579815504e-02 -6.044009550610597581e-02 -9.018357693937367747e-02 -1.191337378266675712e-01 -1.466762931747774834e-01 -1.719474849861663546e-01 -1.938573006460772019e-01 -2.111905440858401206e-01 -2.227925691118431972e-01 -2.278072363641304721e-01 -2.258897050292309472e-01 -2.173027041586947650e-01 -2.028493820223968291e-01 -1.836753907577217126e-01 -1.610273584644037470e-01 -1.360513466943029937e-01 -1.096722374423612922e-01 -8.255281517092018240e-02 -5.511012615051168878e-02 -2.756404197756304880e-02
-3.455063428888394822e-02 -6.911458160079778090e-02 -1.035934531776042944e-01 -1.376650679372840858e-01 -1.706778551705738500e-01 -2.015737384472136295e-01 -2.288815050517281624e-01 -2.508362895572831541e-01 -2.656637904603619815e-01 -2.719937277019761068e-01 -2.692587374737456796e-01 -2.578819353879163168e-01 -2.391466915418807293e-01 -2.148231747222787980e-01 -1.867427660468012340e-01 -1.564818332842038973e-01 -1.252097974863968788e-01 -9.367154608053697429e-02 -6.224784377840351934e-02 -3.104680943071844168e-02
-3.878877110477453594e-02 -7.787411891456759439e-02 -1.174105404047205425e-01 -1.572551138119657743e-01 -1.967959602587394385e-01 -2.347870090965581968e-01 -2.692557691093189209e-01 -2.976034529217569946e-01 -3.170234556926391778e-01 -3.252344299025221597e-01 -3.212599909666686848e-01 -3.058130979754958845e-01 -2.810288718569827204e-01 -2.497265168990883966e-01 -2.146382615165664809e-01 -1.779233113229378993e-01 -1.410135098597493086e-01 -1.046756802542244819e-01 -6.916285412285283485e-02 -3.437531195887373603e-02
-4.273032227213827833e-02 -8.618253741503090204e-02 -1.309193456610381612e-01 -1.771482246338434152e-01 -2.244609951161854466e-01 -2.715125148345571837e-01 -3.157239314003049691e-01 -3.532425993455367563e-01 -3.795055271986590983e-01 -3.905584112680317022e-01 -3.846423874420796807e-01 -3.630197004253559179e-01 -3.293973367673298513e-01 -2.884033262126427521e-01 -2.441567545939040129e-01 -1.995588040640941807e-01 -1.562450850492618781e-01 -1.148547806751299694e-01 -7.535252006197692975e-02 -3.729155466356426363e-02
-4.594992901498571453e-02 -9.320624020864191894e-02 -1.429353308505119657e-01 -1.959530930941849880e-01 -2.523668689538722254e-01 -3.110053228347790522e-01 -3.686877865811819532e-01 -4.197331793304658332e-01 -4.565687129051406168e-01 -4.721096773163037663e-01 -4.630684887329915567e-01 -4.317767072980744913e-01 -3.849066264358587119e-01 -3.302427867160298014e-01 -2.740000218654984887e-01 -2.199041054894358138e-01 -1.695522189604074803e-01 -1.231456813353390412e-01 -8.010085052516104087e-02 -3.943837122012140012e-02
-4.786308527999032919e-02 -9.775664873389466880e-02 -1.516587762662915395e-01 -2.113380971748944070e-01 -2.779358238919496515e-01 -3.510532946809410415e-01 -4.272036904084805520e-01 -4.982069945026817437e-01 -5.514627158196518941e-01 -5.741584913689629088e-01 -5.600938436098715778e-01 -5.136377061347786599e-01 -4.469386289118791322e-01 -3.731661700537146631e-01 -3.015502868424762561e-01 -2.364726178813367219e-01 -1.789084241223229121e-01 -1.280741267598293764e-01 -8.246675180759475976e-02 -4.036107618346342074e-02
-4.774557816132261878e-02 -9.829653559285408959e-02 -1.545889890364915420e-01 -2.197052022665822446e-01 -2.965164198743605040e-01 -3.863948629031520032e-01 -4.863364223934977804e-01 -5.851316371257159199e-01 -6.624543389021612105e-01 -6.959131800934584833e-01 -6.742651938481314389e-01 -6.054107335428119407e-01 -5.107371601493196911e-01 -4.118664748264006525e-01 -3.219522943837219708e-01 -2.453911143318119048e-01 -1.815115292228566823e-01 -1.277726672549636955e-01 -8.133064067759657179e-02 -3.953916186520543830e-02
-4.482210485129579924e-02 -9.308873694226935114e-02 -1.486447628236075291e-01 -2.160624634848392067e-01 -3.005466266669302167e-01 -4.063766462154925763e-01 -5.322766954762938596e-01 -6.641033421422120053e-01 -7.715347197480494357e-01 -8.187946625713121707e-01 -7.873889875235061675e-01 -6.903041244962353495e-01 -5.619360251077092361e-01 -4.350696425004245138e-01 -3.270705931616229578e-01 -2.411959555913937570e-01 -1.739005881596760450e-01 -1.201649309898493584e-01 -7.554306677146009619e-02 -3.646484481987919551e-02
-3.845273539885087077e-02 -8.057671309047877151e-02 -1.307173146453680379e-01 -1.945978603165199883e-01 -2.796723885526372633e-01 -3.935799991988576663e-01 -5.378868727746943801e-01 -6.968690456877857375e-01 -8.309569500799443009e-01 -8.908258344546385876e-01 -8.504145507284056604e-01 -7.280256301365254368e-01 -5.713321921882071885e-01 -4.237124487738238021e-01 -3.054321920594993411e-01 -2.173849625605931146e-01 -1.525541007161078932e-01 -1.034207686281101712e-01 -6.420963999863367466e-02 -3.077699906003686370e-02
-2.840964618761997879e-02 -6.002110801137815199e-02 -9.882885510299105336e-02 -1.505653741653063538e-01 -2.234927252946499188e-01 -3.272700106823452915e-01 -4.662484119419390005e-01 -6.261188253072526022e-01 -7.648391530631568624e-01 -8.275724170592997364e-01 -7.848407332026261507e-01 -6.573567434345369831e-01 -4.983548724737637547e-01 -3.544731375073923996e-01 -2.451355151109658459e-01 -1.684723586335331591e-01 -1.151902823659064767e-01 -7.671325600336116601e-02 -4.709370758708555926e-02 -2.243320900678834329e-02
-1.516131299643527774e-02 -3.223202426619133087e-02 -5.370681600458906968e-02 -8.344784096475191260e-02 -1.275394311966810135e-01 -1.938905314452560591e-01 -2.874452633825320125e-01 -3.994737762430999317e-01 -4.992916093229194940e-01 -5.450001718084990232e-01 -5.136872009107951165e-01 -4.214658407982580512e-01 -3.091956600087749085e-01 -2.113367252197398682e-01 -1.405481046186897454e-01 -9.357940770887226978e-02 -6.258051533379287157e-02 -4.109155593091631115e-02 -2.501318665209621706e-02 -1.186170915888157262e-02
