-3.402136278934710448e-03 -6.876858414610716001e-03 -1.049664885542865578e-02 -1.433336974001622917e-02 -1.845680917750534139e-02 -2.293156829117869860e-02 -2.781145459927616276e-02 -3.312994560491381441e-02 -3.888508540142559394e-02 -4.501684047862652971e-02 -5.137517308175964387e-02 -5.767873992252772058e-02 -6.346820536630125298e-02 -6.806631960514426816e-02 -7.057022003354694595e-02 -6.991522324558505086e-02 -6.505144733407958180e-02 -5.524136648457209087e-02 -4.041044014888815067e-02 -2.140460873553205051e-02
-6.731683574627338358e-03 -1.360863849820209519e-02 -2.077636545662412543e-02 -2.838004638235542762e-02 -3.656232210372625108e-02 -4.545803094152166268e-02 -5.518431801634523376e-02 -6.582324151587402861e-02 -7.739356431213664789e-02 -8.980712233579819792e-02 -1.028051207962213942e-01 -1.158715879622079503e-01 -1.281276552691114345e-01 -1.382264364381599331e-01 -1.442979958066216151e-01 -1.440360963720595244e-01 -1.350437270408850754e-01 -1.154962793731671988e-01 -8.498844443491017364e-02 -4.520237914930511081e-02
-9.915945692747830248e-03 -2.004963281208592060e-02 -3.062013355406445134e-02 -4.184817445610176240e-02 -5.395442913163348009e-02 -6.715395086660512491e-02 -8.164455236523336656e-02 -9.758514319429735517e-02 -1.150588282596577278e-01 -1.340129813244018142e-01 -1.541666117652985557e-01 -1.748746524058230889e-01 -1.949433331405531489e-01 -2.124094137511707558e-01 -2.243459271611626116e-01 -2.268566196884290176e-01 -2.155370539037745337e-01 -1.866397731033909435e-01 -1.387723236224154000e-01 -7.436123112486675568e-02
-1.288244135383541204e-02 -2.605380535347311469e-02 -3.980636895237204403e-02 -5.443814248945020445e-02 -7.025330279432512315e-02 -8.755883306596241866e-02 -1.066548102143495408e-01 -1.278139667355759901e-01 -1.512436571853325862e-01 -1.770193827409294318e-01 -2.049735203780189419e-01 -2.345155965458322611e-01 -2.643535326064935798e-01 -2.920893866448447951e-01 -3.137202832862375224e-01 -3.232775355083620794e-01 -3.132051627108178860e-01 -2.762180165519479424e-01 -2.085605567283851103e-01 -1.130584479995836999e-01
-1.555999416007075933e-02 -3.147678214037384625e-02 -4.811340818461617291e-02 -6.584476142146392097e-02 -8.506185433696888953e-02 -1.061732953317500588e-01 -1.296019053570957313e-01 -1.557722792125839917e-01 -1.850824868384775002e-01 -2.178473004872066576e-01 -2.541913130416355027e-01 -2.938520962490087651e-01 -3.358200670761797846e-01 -3.776901481327450960e-01 -4.146064739878255190e-01 -4.380289683186829874e-01 -4.355109302563979212e-01 -3.934408807950829368e-01 -3.031458807014235646e-01 -1.669850694211576225e-01
-1.788074629867663842e-02 -3.617993479497243897e-02 -5.532574184209242824e-02 -7.576569700582051758e-02 -9.797609524089963273e-02 -1.224706332916893764e-01 -1.498072509578054490e-01 -1.805908142764376945e-01 -2.154667280406260821e-01 -2.550955360204475997e-01 -3.000871332721279372e-01 -3.508445071779887625e-01 -4.071884523477970474e-01 -4.674556742442481649e-01 -5.265797769784957838e-01 -5.731558605338249457e-01 -5.876140875664255248e-01 -5.459275138461551213e-01 -4.305420369014377746e-01 -2.417680508050618626e-01
-1.978304981248798708e-02 -4.003648493815013115e-02 -6.124395726982108379e-02 -8.391624097901519141e-02 -1.086062462658249905e-01 -1.359259191091901076e-01 -1.665656983101481969e-01 -2.013170534850453330e-01 -2.410980051552392145e-01 -2.869792060369759090e-01 -3.402001259381864373e-01 -4.021304294482830888e-01 -4.739968749945545068e-01 -5.558021898667900862e-01 -6.432857371098188448e-01 -7.223292222718477040e-01 -7.641861455377734202e-01 -7.300245684972790361e-01 -5.889337447247700030e-01 -3.371766834093631315e-01
-2.121497871059752419e-02 -4.293901950487542113e-02 -6.569740817326145954e-02 -9.004911889942998626e-02 -1.166067788813082429e-01 -1.460611454637594508e-01 -1.792126238227855217e-01 -2.170137594665250136e-01 -2.606287364733240186e-01 -3.115186900650941393e-01 -3.715616255861389217e-01 -4.431850030500952276e-01 -5.292990980990885941e-01 -6.321635378104649705e-01 -7.491935135229338405e-01 -8.642048353459044208e-01 -9.388037196296314946e-01 -9.174465016024101471e-01 -7.536377954636234167e-01 -4.383273721730103212e-01
-2.213785929091281746e-02 -4.480721700940439034e-02 -6.855758258740335398e-02 -9.397609317183329425e-02 -1.217106531212042153e-01 -1.524993185869848444e-01 -1.872099506915422817e-01 -2.268966527246665532e-01 -2.728838909736279184e-01 -3.268967380741978901e-01 -3.912640629913679557e-01 -4.691979138414123507e-01 -5.649263042282405278e-01 -6.825905251662496287e-01 -8.212213298722167432e-01 -9.634851221690600154e-01 -1.063879804317515720e+00 -1.053994218361550717e+00 -8.751192205394366930e-01 -5.138167032210194662e-01
-2.252924433651061487e-02 -4.559442892374204748e-02 -6.974964942716657679e-02 -9.558707088147627706e-02 -1.237604751167506040e-01 -1.550155839305525918e-01 -1.902312712303763642e-01 -2.304790278153981409e-01 -2.771125366308156424e-01 -3.319083356068091017e-01 -3.972887293758504135e-01 -4.766369818835297645e-01 -5.744806534031225986e-01 -6.954037264086730952e-01 -8.388368760518475353e-01 -9.872185529128691961e-01 -1.093427222943303301e+00 -1.086068711862468561e+00 -9.035871811539443188e-01 -5.315121239141143983e-01
-2.238470405293495682e-02 -4.529161525628859486e-02 -6.925957141373537129e-02 -9.486210164480349261e-02 -1.227286514790009025e-01 -1.535713174729801123e-01 -1.882206005613797084e-01 -2.276756616962096746e-01 -2.731779289821015810e-01 -3.263224778062629450e-01 -3.892262562285891403e-01 -4.647449978606880694e-01 -5.565195804293585624e-01 -6.678564990331279372e-01 -7.970546782979347489e-01 -9.272230562868495340e-01 -1.015858570530387306e+00 -1.000039764971280887e+00 -8.263008815681048835e-01 -4.831370450584111520e-01
-2.171796322375253718e-02 -4.392777796750973324e-02 -6.713495153026378948e-02 -9.187316470909297206e-02 -1.187207596559224088e-01 -1.483204920305310481e-01 -1.814042215155132198e-01 -2.188251359063017043e-01 -2.616002678467505560e-01 -3.109669760009783901e-01 -3.684518958674132261e-01 -4.359179565648180765e-01 -5.153904476340975815e-01 -6.079386624514240278e-01 -7.100440892701046502e-01 -8.064230645272765230e-01 -8.633653317475938893e-01 -8.335864161863231203e-01 -6.783707665638282203e-01 -3.914349165695595878e-01
-2.055937635569936653e-02 -4.156661653317746119e-02 -6.347933515331982690e-02 -8.677489619481326688e-02 -1.119608036081114477e-01 -1.395857076908431638e-01 -1.702507386015212620e-01 -2.046204322039498480e-01 -2.434306053793058588e-01 -2.874868609808287068e-01 -3.376367089408242039e-01 -3.946659898967643243e-01 -4.589638968941524011e-01 -5.295234576606134835e-01 -6.014895146870442577e-01 -6.620028198346831205e-01 -6.870658449956271729e-01 -6.457096744423402868e-01 -5.142383073398208992e-01 -2.912882000400202620e-01
-1.895293717024846419e-02 -3.829999028835084224e-02 -5.844092005003483775e-02 -7.978632185990830461e-02 -1.027618959802752419e-01 -1.278108421467851752e-01 -1.553926589251044821e-01 -1.859753185105336160e-01 -2.200147074932761737e-01 -2.579102214327452791e-01 -2.999142194431149711e-01 -3.459499637410807238e-01 -3.952379979629795925e-01 -4.455259936626760897e-01 -4.916501307914095675e-01 -5.235799533413210138e-01 -5.255599064318180469e-01 -4.793520492382199460e-01 -3.724922577926385037e-01 -2.067253472763605215e-01
-1.695237754330521096e-02 -3.423951729359520080e-02 -5.219807583591710987e-02 -7.116762634722630099e-02 -9.148967747413049023e-02 -1.135031442134116497e-01 -1.375337961937982967e-01 -1.638735345789151254e-01 -1.927426847820832845e-01 -2.242240912108929285e-01 -2.581501702303082291e-01 -2.939124607773030418e-01 -3.301447551510245937e-01 -3.642138885234253443e-01 -3.914950727050071633e-01 -4.046785165031159814e-01 -3.939625484800642896e-01 -3.493583568996100897e-01 -2.651896229852956921e-01 -1.444420976223496911e-01
-1.461705238320403465e-02 -2.950762733499827026e-02 -4.494426755425302150e-02 -6.119648424203395776e-02 -7.852608152834723854e-02 -9.717829954986266505e-02 -1.173658896409837116e-01 -1.392423813717845460e-01 -1.628584621678680899e-01 -1.880930709489087027e-01 -2.145473025043013182e-01 -2.413864414622710897e-01 -2.671160880241240654e-01 -2.892929535199043056e-01 -3.042273179546476913e-01 -3.068774948468347419e-01 -2.913472276304713282e-01 -2.524102310662508231e-01 -1.878996257782540313e-01 -1.008399583776010550e-01
-1.200820903843997055e-02 -2.422966359968268743e-02 -3.687492589086814598e-02 -5.014800125417564342e-02 -6.423992752139393025e-02 -7.931811471095595589e-02 -9.550912565455638159e-02 -1.128716920006929969e-01 -1.313557823339464858e-01 -1.507424454453978047e-01 -1.705590414945576672e-01 -1.899661734527545998e-01 -2.076201805014985524e-01 -2.215338196546440264e-01 -2.289975160309321300e-01 -2.266874434605976874e-01 -2.111404225559485037e-01 -1.797093371282575680e-01 -1.318227062396891414e-01 -6.999804639502005266e-02
-9.186102843267542409e-03 -1.852789025908208043e-02 -2.817778927148241463e-02 -3.828071725697655692e-02 -4.896755765498143204e-02 -6.034513877560861855e-02 -7.248081620299193228e-02 -8.537951110696587187e-02 -9.895057211809914210e-02 -1.129619487272284922e-01 -1.269802258075803381e-01 -1.402984976422245456e-01 -1.518615891343849666e-01 -1.602122332558431617e-01 -1.635035460634549076e-01 -1.596465675265585082e-01 -1.466637593408931517e-01 -1.232594438638637269e-01 -8.947776158179232553e-02 -4.717219671718816260e-02
-6.208300076749115673e-03 -1.251798493330295511e-02 -1.902764991903587929e-02 -2.582956220005198228e-02 -3.300448970609962118e-02 -4.061409848987253268e-02 -4.868951519852178500e-02 -5.721498429706329408e-02 -6.610509585777074593e-02 -7.517460734816409917e-02 -8.410145755767828302e-02 -9.238596893537216748e-02 -9.931509828651605143e-02 -1.039485312795400129e-01 -1.051534502811463517e-01 -1.017212722225295657e-01 -9.259062593551056763e-02 -7.716300926845814923e-02 -5.563261267808224109e-02 -2.919459058364834089e-02
-3.129100606963948830e-03 -6.308095013582778673e-03 -9.585287228404690621e-03 -1.300540231036152565e-02 -1.660678267394843921e-02 -2.041725443455110617e-02 -2.444815294031944114e-02 -2.868584031171985543e-02 -3.308022190613288394e-02 -3.752996843513824177e-02 -4.186505905664532345e-02 -4.582882789551358249e-02 -4.906429030612715486e-02 -5.111322787959024505e-02 -5.144007115455884183e-02 -4.949357198271267522e-02 -4.481288770395720766e-02 -3.716725074748881280e-02 -2.669298007664099720e-02 -1.397192033225712164e-02
