-6.505739183324228680e-02 -1.326545134038669971e-01 -2.031927171518288777e-01 -2.722720935350961269e-01 -3.294380502398087662e-01 -3.615072680602666733e-01 -3.604940891259318381e-01 -3.296861114568455098e-01 -2.815043381067602324e-01 -2.295282741021127670e-01 -1.824516745250280014e-01 -1.434024216750411362e-01 -1.122023872740322559e-01 -8.749486743509528319e-02 -6.780393321136798934e-02 -5.186949976387019573e-02 -3.869010271725546735e-02 -2.748209029136213996e-02 -1.762475924857426213e-02 -8.610070752348325182e-03
-1.267639260324447126e-01 -2.593390162120464137e-01 -3.992701586012270543e-01 -5.380590921565731044e-01 -6.540450771658189444e-01 -7.191939152690499659e-01 -7.162887221599005816e-01 -6.523044891651053057e-01 -5.536747131405012068e-01 -4.488116463291316194e-01 -3.552260669889583111e-01 -2.785695644124889236e-01 -2.178437548703381632e-01 -1.699639308927392012e-01 -1.318504339744077380e-01 -1.009838837007333984e-01 -7.540882310470437000e-02 -5.361350362776901718e-02 -3.440688010146043113e-02 -1.681552892454913489e-02
-1.805951664419333524e-01 -3.709595318505826134e-01 -5.746707998591381594e-01 -7.798292476023529485e-01 -9.533303943459446872e-01 -1.051025350526290758e+00 -1.045382910529316645e+00 -9.473706755154265302e-01 -7.986701702612511999e-01 -6.432147102011599449e-01 -5.068727761581893754e-01 -3.968236083899725486e-01 -3.104648814910819787e-01 -2.426432199116885791e-01 -1.886475848949587530e-01 -1.448066014010062907e-01 -1.083477619633698708e-01 -7.715622822952528104e-02 -4.957372610498693433e-02 -2.424516510197436553e-02
-2.206754091694841380e-01 -4.543641893023466216e-01 -7.065343398398137298e-01 -9.629391062945253932e-01 -1.181507790394687119e+00 -1.305038736628280516e+00 -1.297516027091361712e+00 -1.173142701467237536e+00 -9.859745475586166874e-01 -7.922637604877990070e-01 -6.241274278147269650e-01 -4.894921554243193418e-01 -3.842127768115194963e-01 -3.014512733068157591e-01 -2.352854570194445605e-01 -1.812467952188617781e-01 -1.360193485868416707e-01 -9.708991156520237198e-02 -6.248660137483126598e-02 -3.059141864227096427e-02
-2.419196313967928169e-01 -4.975444104927596034e-01 -7.726146553237943637e-01 -1.051812565992410242e+00 -1.289888731958650947e+00 -1.425200087380848135e+00 -1.418885294608019709e+00 -1.286257869852610369e+00 -1.085581391323587441e+00 -8.773666273994762399e-01 -6.960373947429604469e-01 -5.500336707020495597e-01 -4.349512827712699869e-01 -3.435975406636451734e-01 -2.697894128449943030e-01 -2.088752159425760480e-01 -1.573928439334063845e-01 -1.126974191656913565e-01 -7.269133287826362588e-02 -3.563389606247153313e-02
-2.430043003503129795e-01 -4.971769344518611189e-01 -7.663405627678272491e-01 -1.035405112571204045e+00 -1.262890270183527619e+00 -1.393338983319448943e+00 -1.392085921374508706e+00 -1.272933443083634986e+00 -1.088261033031886704e+00 -8.930487824815058762e-01 -7.194931528058773340e-01 -5.765820283911922139e-01 -4.614162724430058704e-01 -3.681249227704585514e-01 -2.913919125290516665e-01 -2.270711913992509989e-01 -1.719792947128995775e-01 -1.236155670296612413e-01 -7.994738644273617634e-02 -3.925284091485430060e-02
-2.274969984176778426e-01 -4.615653869413111066e-01 -7.028347198000226559e-01 -9.375551357187725809e-01 -1.132816055979589676e+00 -1.246427209907759348e+00 -1.252539817589656934e+00 -1.161700428165930221e+00 -1.013698352450922213e+00 -8.513320549509649782e-01 -7.012723675578914628e-01 -5.728037694118703893e-01 -4.655489991829719343e-01 -3.760323688994462454e-01 -3.005758020473123238e-01 -2.360378072457401111e-01 -1.798374985903868906e-01 -1.298381383108341836e-01 -8.422979618736781138e-02 -4.143007508350537299e-02
-2.019635169045114476e-01 -4.058519704083710100e-01 -6.093588264652394226e-01 -8.008013717210981097e-01 -9.569228308188728604e-01 -1.049835996270067628e+00 -1.063027175296729299e+00 -1.003528312055951277e+00 -8.975837689603534120e-01 -7.745413355372965380e-01 -6.544331799976593755e-01 -5.461674191070721163e-01 -4.516518864276244938e-01 -3.698404826475265583e-01 -2.988370449419331942e-01 -2.366663795110164892e-01 -1.814946923830076386e-01 -1.316696646797965442e-01 -8.570360456387333958e-02 -4.223766666866343028e-02
-1.728368948496416257e-01 -3.442906873278162583e-01 -5.103134404304519034e-01 -6.615296532223648995e-01 -7.826874725413037748e-01 -8.570707451200156868e-01 -8.752625075031765789e-01 -8.415345488866972090e-01 -7.715670341011136024e-01 -6.838226820197607081e-01 -5.923583157803459232e-01 -5.049868402210332397e-01 -4.249097516511257111e-01 -3.528216173476458328e-01 -2.882635218898464413e-01 -2.302957606454168193e-01 -1.778051749487562505e-01 -1.296422102535605414e-01 -8.467728459012821562e-02 -4.181699649432677607e-02
-1.444827235157956913e-01 -2.858802162162982774e-01 -4.196199368308184408e-01 -5.384658531919810365e-01 -6.326969590335321802e-01 -6.927162833299971290e-01 -7.134501718056696085e-01 -6.973806448634074506e-01 -6.534440832936241339e-01 -5.927999278579033637e-01 -5.249484353613234067e-01 -4.562211879817789084e-01 -3.901270237598382096e-01 -3.282657166176110031e-01 -2.710988702862031641e-01 -2.184478550270395059e-01 -1.697879907825037837e-01 -1.244166825883740862e-01 -8.154630686684674612e-02 -4.035301785638335109e-02
-1.190443116121503442e-01 -2.344947702247180132e-01 -3.420291941391653823e-01 -4.361736698399827361e-01 -5.106667836123484072e-01 -5.599387856510867900e-01 -5.812359347730338133e-01 -5.759882793276892565e-01 -5.492863906841900512e-01 -5.078678650541614825e-01 -4.580696173580900421e-01 -4.047417432528045422e-01 -3.510970704487009209e-01 -2.990133537704502409e-01 -2.494181330555771126e-01 -2.026087110730901697e-01 -1.584822176639235913e-01 -1.166901699699562089e-01 -7.673821336788051728e-02 -3.804874655924140453e-02
-9.716408816550481387e-02 -1.908922366344350252e-01 -2.774516342214742859e-01 -3.527244313617993732e-01 -4.125427472912202576e-01 -4.535146933909956490e-01 -4.740508808878412528e-01 -4.749761999586252226e-01 -4.592684487151280082e-01 -4.310806041523342347e-01 -3.946478544882497941e-01 -3.535620686268556856e-01 -3.105030700016364609e-01 -2.672720168238505445e-01 -2.249515023879822828e-01 -1.840866005514288362e-01 -1.448419466579296266e-01 -1.071235223955310650e-01 -7.066756676227145539e-02 -3.510373067301299221e-02
-7.871410810766006627e-02 -1.544372169362303038e-01 -2.241005792932030671e-01 -2.846007280969423126e-01 -3.330553854904927946e-01 -3.672677490172798764e-01 -3.862349685512780906e-01 -3.904258625404952165e-01 -3.816385529296034695e-01 -3.625007110156608925e-01 -3.358674992133059978e-01 -3.043528128112318321e-01 -2.700805724793601814e-01 -2.346199967007804588e-01 -1.990292101830889171e-01 -1.639442091455706463e-01 -1.296754168416394959e-01 -9.629435913874526132e-02 -6.370475917945735145e-02 -3.169856661880263160e-02
-6.325445599053372558e-02 -1.240393735191666208e-01 -1.799054863829556705e-01 -2.285069299355151629e-01 -2.677849359474920865e-01 -2.962346617292771489e-01 -3.131660972507703811e-01 -3.188329657799102157e-01 -3.143479992309048954e-01 -3.014115958972592990e-01 -2.819671358306088949e-01 -2.579007035141008264e-01 -2.308462608241521885e-01 -2.020980951839659034e-01 -1.726010799734986334e-01 -1.429855650423967894e-01 -1.136211246249056728e-01 -8.467371388437477941e-02 -5.615850179789304980e-02 -2.798574765591891472e-02
-5.026428187950230525e-02 -9.856008948321119678e-02 -1.429744029039425324e-01 -1.817351126678405093e-01 -2.133404222624779301e-01 -2.367169431818094416e-01 -2.513590664573364664e-01 -2.573899472029033131e-01 -2.555077995124759305e-01 -2.468300483801157130e-01 -2.326885574488140318e-01 -2.144364651158687518e-01 -1.933055856048039867e-01 -1.703249555577272256e-01 -1.462913959315349233e-01 -1.217758148603043794e-01 -9.714977845628151865e-02 -7.262084272159470555e-02 -4.826974902124784444e-02 -2.408590333231891770e-02
-3.924257764493083861e-02 -7.696225910405354864e-02 -1.116968599467763612e-01 -1.421185623255089847e-01 -1.671244907201459573e-01 -1.859333798182203623e-01 -1.981630354442670272e-01 -2.038597675667908060e-01 -2.034630780248411763e-01 -1.977121597287902766e-01 -1.875205224785284897e-01 -1.738509488139050041e-01 -1.576145812205259622e-01 -1.396046745416137380e-01 -1.204636598704648398e-01 -1.006764829142145906e-01 -8.058130076662972652e-02 -6.039010392583479131e-02 -4.021373149460481800e-02 -2.008810998888375249e-02
-2.974375102969924536e-02 -5.834946152274717024e-02 -8.473215809962493517e-02 -1.079177059773850783e-01 -1.271055296638660126e-01 -1.417289726727981591e-01 -1.514998560165984332e-01 -1.564229453040749396e-01 -1.567725383297664254e-01 -1.530349329451876628e-01 -1.458303881008782554e-01 -1.358321687765612351e-01 -1.236970757071294974e-01 -1.100154401139517429e-01 -9.528203826386204278e-02 -7.988510382460203840e-02 -6.410881708964315251e-02 -4.814451650409131561e-02 -3.210695067323238866e-02 -1.605279782650891399e-02
-2.138293501519035120e-02 -4.195964727110601533e-02 -6.096455300318744108e-02 -7.771452505811742018e-02 -9.165090533671770012e-02 -1.023770740326268303e-01 -1.096844202956844955e-01 -1.135595642112581100e-01 -1.141691471996409551e-01 -1.118245972408799804e-01 -1.069338855860926668e-01 -9.995023227670762900e-02 -9.132608306815519217e-02 -8.147793971519866341e-02 -7.076390538459492729e-02 -5.947305040708101426e-02 -4.782430482957723827e-02 -3.597218100624172132e-02 -2.401675306296809781e-02 -1.201611567252289063e-02
-1.382832649309279419e-02 -2.714162114188276367e-02 -3.945185657680284896e-02 -5.032491607195514055e-02 -5.940647083507726023e-02 -6.644396959448652107e-02 -7.130116919861417824e-02 -7.396168254522586527e-02 -7.451985062446649100e-02 -7.316036397760762588e-02 -7.013029793435893167e-02 -6.570877574592617898e-02 -6.017905658157077925e-02 -5.380630521003891553e-02 -4.682256830931084968e-02 -3.941884432976975466e-02 -3.174314739456208373e-02 -2.390313218328679948e-02 -1.597176322757983338e-02 -7.994917364956844949e-03
-6.788748483831688954e-03 -1.332667417378463268e-02 -1.937633836796757297e-02 -2.472683416753902394e-02 -2.920611323361551465e-02 -3.269117141461391068e-02 -3.511461318529428971e-02 -3.646612038125882083e-02 -3.678816262880856697e-02 -3.616666867609228536e-02 -3.471812001590141722e-02 -3.257548951753510419e-02 -2.987504928312394864e-02 -2.674564032177745992e-02 -2.330120452256162489e-02 -1.963658997579669635e-02 -1.582628997254146089e-02 -1.192541769471548545e-02 -7.972244515963664013e-03 -3.991788564507811610e-03
