-1.091580373239600839e-02 -2.165968405744871789e-02 -3.204626033247729572e-02 -4.186619601804911217e-02 -5.088172057078556298e-02 -5.883085345399913235e-02 -6.544217768982206473e-02 -7.045975953890298848e-02 -7.367463115581886213e-02 -7.495596225848463745e-02 -7.427301078774169174e-02 -7.170094426092300799e-02 -6.740829697117353692e-02 -6.162990518283122110e-02 -5.463338480067767011e-02 -4.668738414384508706e-02 -3.803757836873006976e-02 -2.889297110210936603e-02 -1.942189400365772547e-02 -9.756052917312001832e-03
-2.200352606652382359e-02 -4.367667657827695865e-02 -6.465916191444598393e-02 -8.453680423907303232e-02 -1.028298179686965991e-01 -1.189994943759768581e-01 -1.324780819734051041e-01 -1.427221838344306937e-01 -1.492827889108165329e-01 -1.518761918102140562e-01 -1.504351189825137713e-01 -1.451224692937490846e-01 -1.363023134972577988e-01 -1.244779094633594457e-01 -1.102162386832660629e-01 -9.407853783228892208e-02 -7.656996860416538653e-02 -5.811240283484560287e-02 -3.903854215124204219e-02 -1.960231647406169425e-02
-3.342162613452515085e-02 -6.638434474681595421e-02 -9.837690988116232216e-02 -1.287920402057698144e-01 -1.569012338476185320e-01 -1.818591974004923895e-01 -2.027484144973785984e-01 -2.186680631310806699e-01 -2.288581055200591685e-01 -2.328308722238480455e-01 -2.304687979383276963e-01 -2.220514837199005775e-01 -2.082005474207981877e-01 -1.897631772563378727e-01 -1.676750778497068661e-01 -1.428405515737726783e-01 -1.160513311055297314e-01 -8.794808543272852885e-02 -5.901753651088336577e-02 -2.961464266868318179e-02
-4.529863309910137081e-02 -9.006215521518813605e-02 -1.336720728036770167e-01 -1.753532059214346628e-01 -2.141238516922178703e-01 -2.487876073733874538e-01 -2.779882619673466060e-01 -3.003434621490967960e-01 -3.146506289501214138e-01 -3.201203272376565434e-01 -3.165576466838985192e-01 -3.044140851674476123e-01 -2.846851460835492786e-01 -2.586991154195960596e-01 -2.278803116733669476e-01 -1.935572309128496538e-01 -1.568467168704805736e-01 -1.186110697214375204e-01 -7.946887034675791106e-02 -3.983871313694951899e-02
-5.771073593872222407e-02 -1.148935611411552732e-01 -1.708959928937324735e-01 -2.248248331715055892e-01 -2.754533182331605490e-01 -3.211789970462121113e-01 -3.600733088815769034e-01 -3.900664493362577256e-01 -4.092799718720436242e-01 -4.164414776244335648e-01 -4.112268057072940852e-01 -3.943616894295012276e-01 -3.674266353246463668e-01 -3.324677273798459232e-01 -2.915897708297349733e-01 -2.466613179606799433e-01 -1.991672245019594223e-01 -1.501805783541030614e-01 -1.004081388731931646e-01 -5.027131138118515891e-02
-7.065073516425274258e-02 -1.409053189754622959e-01 -2.101934648020621355e-01 -2.775966973147182548e-01 -3.416852260996725010e-01 -4.004006394386468992e-01 -4.510567357086330276e-01 -4.905637536469064086e-01 -5.159536555395807245e-01 -5.251303713759891689e-01 -5.175393744589756873e-01 -4.943747427205147371e-01 -4.581898104896049984e-01 -4.121545549434513789e-01 -3.593494668628732791e-01 -3.023309976018784817e-01 -2.429802534143075399e-01 -1.825358778987882236e-01 -1.217117946488077002e-01 -6.083837866774213093e-02
-8.398686186469160597e-02 -1.678834660266196599e-01 -2.513756756167605522e-01 -3.336824943025061274e-01 -4.132870414856760211e-01 -4.876710247599935211e-01 -5.531625878174797339e-01 -6.051272348318785799e-01 -6.387666555004420932e-01 -6.505058171630058172e-01 -6.393579243361139364e-01 -6.073653620197150271e-01 -5.587827984077170518e-01 -4.986037427429055313e-01 -4.313204506090397850e-01 -3.603324810074353124e-01 -2.878868109123183250e-01 -2.152708692040997684e-01 -1.430647301901387669e-01 -7.137042253960936000e-02
-9.741323195982885819e-02 -1.952658575504687688e-01 -2.937423289192925835e-01 -3.924652033686045760e-01 -4.900861161144842715e-01 -5.837563648325621024e-01 -6.685999970384660651e-01 -7.376423242130473179e-01 -7.829382310965097291e-01 -7.981729567042643581e-01 -7.815251143282621049e-01 -7.366326630075193949e-01 -6.708222660561199424e-01 -5.921026658907245777e-01 -5.069810804862745490e-01 -4.197884958002923161e-01 -3.329630926312447392e-01 -2.475959596421381248e-01 -1.639058033257908276e-01 -8.157855561073174000e-02
-1.104001482039331516e-01 -2.220237137688716167e-01 -3.358574573200654445e-01 -4.523203573892012330e-01 -5.707064112567432623e-01 -6.882376548408114525e-01 -7.987521591521580255e-01 -8.918257053926913480e-01 -9.541579608344350483e-01 -9.744110966459945677e-01 -9.491778605362757304e-01 -8.850753547297856016e-01 -7.949366221627839346e-01 -6.917007608771866822e-01 -5.846293405265602372e-01 -4.788598868640615014e-01 -3.765782882023766542e-01 -2.782437177208974544e-01 -1.833838983914469478e-01 -9.103800357187367964e-02
-1.221633771756943931e-01 -2.465685987523520140e-01 -3.753219536533350942e-01 -5.101280479135604784e-01 -6.516358719972947799e-01 -7.979196569649743553e-01 -9.417633760569494861e-01 -1.067986814898054915e+00 -1.154750743719493045e+00 -1.182170634187734493e+00 -1.144064868649594224e+00 -1.052205934101654972e+00 -9.286299734656805471e-01 -7.938575704747974360e-01 -6.606243106483549177e-01 -5.343700996512292800e-01 -4.162347933244286979e-01 -3.054152909401157689e-01 -2.003479206696612003e-01 -9.918954266313881329e-02
-1.316838865340387577e-01 -2.667563861028713901e-01 -4.086651135508784782e-01 -5.608367342654114740e-01 -7.260451978087317793e-01 -9.042365037456192578e-01 -1.087747689239043858e+00 -1.255592541075820634e+00 -1.374069315322226537e+00 -1.410813131619491623e+00 -1.355510726369463015e+00 -1.227562639423303459e+00 -1.062273187751260783e+00 -8.903935592984080216e-01 -7.285172284927627917e-01 -5.815271658762883877e-01 -4.485384147416578982e-01 -3.268302542922088549e-01 -2.134025603982118990e-01 -1.053722150554569498e-01
-1.378136310335815740e-01 -2.800861985392138487e-01 -4.315791708678588523e-01 -5.975459301859503691e-01 -7.832451077965952857e-01 -9.911656806985236212e-01 -1.213903703066529838e+00 -1.424677552594845409e+00 -1.576690228108772684e+00 -1.623318711976567297e+00 -1.549468900742343669e+00 -1.383334979549560195e+00 -1.175252679674446243e+00 -9.670351080222793216e-01 -7.788026313246806387e-01 -6.141153387573116129e-01 -4.694716781875140077e-01 -3.399539696042894743e-01 -2.210588787867160954e-01 -1.088967067192336824e-01
-1.394804780114771992e-01 -2.841556425821603615e-01 -4.397141149133468319e-01 -6.127544000810219993e-01 -8.104595124753521951e-01 -1.037435133849187396e+00 -1.286820737208917542e+00 -1.527812945699910330e+00 -1.703879501242662853e+00 -1.757571590055894140e+00 -1.670137326612034734e+00 -1.476483882908399048e+00 -1.238302384054471128e+00 -1.005521692948832202e+00 -8.005439919349455202e-01 -6.256173284654622524e-01 -4.751141151151300202e-01 -3.424352879984717823e-01 -2.219804928188987558e-01 -1.091556158980247215e-01
-1.359471177128535047e-01 -2.772861041937774162e-01 -4.299420982011524783e-01 -6.008356234732931123e-01 -7.975917133854368846e-01 -1.025308605300058629e+00 -1.277334112588437653e+00 -1.522211046359534414e+00 -1.701652629682121498e+00 -1.756212831683482190e+00 -1.666459184834031548e+00 -1.468541937559577848e+00 -1.226234450093334427e+00 -9.909032927610746944e-01 -7.852733320517170101e-01 -6.112440859104619761e-01 -4.627026208367895910e-01 -3.326650381861824823e-01 -2.152696838903704335e-01 -1.057451021793786722e-01
-1.270160579018890512e-01 -2.590407987594998684e-01 -4.014837723598923547e-01 -5.604549975698669417e-01 -7.423502855433513625e-01 -9.508866093173656830e-01 -1.179150573895377807e+00 -1.398725641944158493e+00 -1.558516618332420389e+00 -1.607042948819557449e+00 -1.527559108062533255e+00 -1.351274740316425582e+00 -1.133597044217217409e+00 -9.198748836429135878e-01 -7.310539540430248673e-01 -5.698505813542447118e-01 -4.315449085241492289e-01 -3.102234928379376533e-01 -2.006854348788683906e-01 -9.855492312230496044e-02
-1.130716430822378132e-01 -2.303302546398909023e-01 -3.561380894402371711e-01 -4.950703561498326355e-01 -6.513353250402605932e-01 -8.263400016892300526e-01 -1.012960658964580096e+00 -1.188333160777069741e+00 -1.313960521036743323e+00 -1.352125767450878202e+00 -1.290703251966275555e+00 -1.152398226158468431e+00 -9.781151129186219650e-01 -8.025729519831573677e-01 -6.433371735166415473e-01 -5.043330939659703693e-01 -3.832090327662429075e-01 -2.759753168125544387e-01 -1.786915002681341569e-01 -8.778900665375689860e-02
-9.493743625602955871e-02 -1.930419764471445476e-01 -2.974501562673560473e-01 -4.110913538982188808e-01 -5.360409864345178077e-01 -6.717389903524717543e-01 -8.114964733471761171e-01 -9.387047494475615483e-01 -1.027854569835204401e+00 -1.055001932982358115e+00 -1.012593113283238866e+00 -9.148879113994053958e-01 -7.881708901284711910e-01 -6.560004632286150494e-01 -5.318220431244186086e-01 -4.201917295994290757e-01 -3.208651693881254818e-01 -2.317631117430217214e-01 -1.503149382337927442e-01 -7.390950757706814256e-02
-7.363481806580955691e-02 -1.494369546536069571e-01 -2.294290347200781677e-01 -3.152237797285868948e-01 -4.074510030250487191e-01 -5.046000519857617439e-01 -6.011894101133674617e-01 -6.862192386275581812e-01 -7.444284264637830439e-01 -7.622339527713445362e-01 -7.354573723522866979e-01 -6.720811401578654642e-01 -5.872545834356210914e-01 -4.954747265026349101e-01 -4.061187715148836253e-01 -3.234045468706195359e-01 -2.482427072000242818e-01 -1.798905173402859381e-01 -1.168950384359790373e-01 -5.753404332317442471e-02
-5.016441511651740376e-02 -1.016374129848379854e-01 -1.555703060765758761e-01 -2.127214988494909309e-01 -2.730512768835278159e-01 -3.350654837217605930e-01 -3.949852670054931347e-01 -4.462925184511439269e-01 -4.807279754226930768e-01 -4.913213354515274522e-01 -4.759863693789607719e-01 -4.387659161643034933e-01 -3.875661334668699665e-01 -3.304471694577388874e-01 -2.732020669019932790e-01 -2.189457262786081992e-01 -1.687917294286000458e-01 -1.226589422671621882e-01 -7.984046229566386932e-02 -3.933161473537701708e-02
-2.538530270869218675e-02 -5.137674885429735494e-02 -7.848402667490517182e-02 -1.069871802218005652e-01 -1.367324774940816834e-01 -1.668444394213561832e-01 -1.954233739182978102e-01 -2.194691429218325884e-01 -2.354058526997757639e-01 -2.403319158300918912e-01 -2.333976393540500571e-01 -2.162701239605801795e-01 -1.922839940953659787e-01 -1.649966702098581151e-01 -1.371455119685827950e-01 -1.103530300661068331e-01 -8.531455432462152488e-02 -6.211245903952498232e-02 -4.047621833249511608e-02 -1.995195695300276337e-02
