-1.583551537400453707e-02 -3.093231518617937589e-02 -4.459283043797555857e-02 -5.620825303358386454e-02 -6.531250424555572198e-02 -7.163192458519394845e-02 -7.511368092454605294e-02 -7.591887406842466601e-02 -7.437909746525646348e-02 -7.092927223124827207e-02 -6.603668656509721624e-02 -6.014270244136532551e-02 -5.362518484963555571e-02 -4.678129437226023757e-02 -3.982586067687476916e-02 -3.289930147382795489e-02 -2.608005427538959142e-02 -1.939801683646825634e-02 -1.284718507268703055e-02 -6.396658154082976791e-03
-3.240972468965035158e-02 -6.330091399081572145e-02 -9.123073553693406001e-02 -1.149276657959403120e-01 -1.334098288048123637e-01 -1.461015044238525018e-01 -1.529038874499139833e-01 -1.541827066672767643e-01 -1.506682311035939248e-01 -1.433013092417343703e-01 -1.330747656806524348e-01 -1.209089402667440361e-01 -1.075767429291122484e-01 -9.367413183567475932e-02 -7.962283342320967960e-02 -6.569129357585530571e-02 -5.202289020917690021e-02 -3.866482246081012070e-02 -2.559406876394763886e-02 -1.273945054311649214e-02
-5.050244117482956263e-02 -9.863084513081918359e-02 -1.421014673608374801e-01 -1.788617547092088977e-01 -2.072975402029771930e-01 -2.264602423939134079e-01 -2.362175588517354263e-01 -2.372397319314478448e-01 -2.308097527462740495e-01 -2.185329379402858874e-01 -2.020521113589623663e-01 -1.828415486716984117e-01 -1.620987104766734854e-01 -1.407156227758653011e-01 -1.193000252259462796e-01 -9.822010667072254841e-02 -7.765537989942022934e-02 -5.764430957837027303e-02 -3.812480908699798776e-02 -1.896708434230070378e-02
-7.096908854256306354e-02 -1.386182597527253202e-01 -1.996818432716615521e-01 -2.511191317472628026e-01 -2.904566769999268883e-01 -3.162226396726008915e-01 -3.282650110725800485e-01 -3.277480758922316495e-01 -3.167977024780724293e-01 -2.979684211156632401e-01 -2.737591327634656402e-01 -2.463063978200906445e-01 -2.172608868885915478e-01 -1.877895844431804462e-01 -1.586415085992725071e-01 -1.302337045063671761e-01 -1.027341949327436610e-01 -7.613221860914221040e-02 -5.029376899554519054e-02 -2.500406692245621051e-02
-9.475461816559305195e-02 -1.851879923396947958e-01 -2.668807801544353930e-01 -3.354623690236560596e-01 -3.871684190016281835e-01 -4.196890050501976832e-01 -4.328563647220115551e-01 -4.286806819094960419e-01 -4.106603940769847916e-01 -3.827824593159903088e-01 -3.487091863569294903e-01 -3.113638823394014321e-01 -2.728487729570100440e-01 -2.345402580447988605e-01 -1.972426718511743615e-01 -1.613389762374988490e-01 -1.269154492312282168e-01 -9.385657188175261512e-02 -6.191395833670777088e-02 -3.075539791906538659e-02
-1.228523082074045869e-01 -2.404698787157132922e-01 -3.471234251273416227e-01 -4.365596960197814513e-01 -5.028999487417115111e-01 -5.423372634830571082e-01 -5.546564075526058124e-01 -5.433780187574754894e-01 -5.143447253414107356e-01 -4.737794956229776089e-01 -4.269280231055648800e-01 -3.775905026618346927e-01 -3.282299056798372305e-01 -2.802799323466259596e-01 -2.344499056664150483e-01 -1.909640510361681753e-01 -1.497320386715927654e-01 -1.104646466212681200e-01 -7.275005953473578924e-02 -3.610354818790600245e-02
-1.561246002441477598e-01 -3.065274268470344898e-01 -4.441361349880089127e-01 -5.599481540563036042e-01 -6.444363338398195751e-01 -6.909680533410860193e-01 -6.991636586176726009e-01 -6.753011174051478660e-01 -6.293225909276140007e-01 -5.709813092304956150e-01 -5.076117968228153199e-01 -4.438359803651307778e-01 -3.821997411066024308e-01 -3.238995204522551186e-01 -2.693129006951097693e-01 -2.183352585447297101e-01 -1.705839918278852230e-01 -1.255198721256892969e-01 -8.251804911805622755e-02 -4.090869710919533414e-02
-1.948164389346066783e-01 -3.844325636667608737e-01 -5.606982799887080260e-01 -7.106159835702544614e-01 -8.184113229387220967e-01 -8.722284138740340476e-01 -8.712552167057873165e-01 -8.266814347011078867e-01 -7.554653798269563847e-01 -6.728022491542292594e-01 -5.885959284167319172e-01 -5.079210436856296251e-01 -4.328303846051873016e-01 -3.638051020454741713e-01 -3.005668344418286897e-01 -2.424800699537781323e-01 -1.887487648434104104e-01 -1.385127765293395208e-01 -9.089352438518547017e-02 -4.501316725766348753e-02
-2.375573793279444623e-01 -4.720824957734552352e-01 -6.950480261233542567e-01 -8.879996239545135950e-01 -1.025345468188411768e+00 -1.086541042950866398e+00 -1.069905298318067022e+00 -9.945760144711462969e-01 -8.884924997610691433e-01 -7.746081388150800606e-01 -6.656452025547159312e-01 -5.663426579613856093e-01 -4.773838214975518746e-01 -3.979222514336349104e-01 -3.266690738485964474e-01 -2.622693480965379575e-01 -2.034181813748293655e-01 -1.488889157622070303e-01 -9.753006755350913937e-02 -4.825042871342877931e-02
-2.800062648937717835e-01 -5.608802926380828113e-01 -8.346922770004353564e-01 -1.076500267211288886e+00 -1.247734065532237091e+00 -1.315913236226567751e+00 -1.278037385046212782e+00 -1.163978800524102741e+00 -1.016145026859672784e+00 -8.669930936635539265e-01 -7.318692189886323307e-01 -6.141919093701434518e-01 -5.124059121171555820e-01 -4.238270773389560264e-01 -3.459174326060924232e-01 -2.765099947321686957e-01 -2.137656503806094344e-01 -1.560946203993647807e-01 -1.020873804982180139e-01 -5.045844570448815292e-02
-3.143104930010372500e-01 -6.339490509065943691e-01 -9.522302025573176065e-01 -1.238190124238603529e+00 -1.440315316984102978e+00 -1.513934288277031470e+00 -1.454629144491125459e+00 -1.303137839895332162e+00 -1.116275046511344904e+00 -9.355007721159378509e-01 -7.780969042105448930e-01 -6.456494330941332516e-01 -5.341463439209094277e-01 -4.390542277861305132e-01 -3.566627909624383030e-01 -2.840874286614492594e-01 -2.190397607376608491e-01 -1.596365131276546168e-01 -1.042663483949408665e-01 -5.149597077442551185e-02
-3.312117050984804689e-01 -6.705567845610405087e-01 -1.012301232878868307e+00 -1.322118612094604684e+00 -1.540937831767520194e+00 -1.616874050854688383e+00 -1.544656432340057339e+00 -1.371438397225557493e+00 -1.162459724447294063e+00 -9.642947926407242631e-01 -7.951372683747102155e-01 -6.553322751665756618e-01 -5.393522253957170332e-01 -4.415666834506846161e-01 -3.575907911064761802e-01 -2.841370274903139426e-01 -2.186693915855889014e-01 -1.591453062857420275e-01 -1.038455153508466428e-01 -5.125908563146490404e-02
-3.247908625185060294e-01 -6.571944610856310653e-01 -9.913575520427382326e-01 -1.293778361496109808e+00 -1.507127090986243534e+00 -1.581166473539285633e+00 -1.510839100362930454e+00 -1.341876138030328791e+00 -1.137633077803911208e+00 -9.435237326085408327e-01 -7.775032157544365941e-01 -6.401457478865537620e-01 -5.262081870469336176e-01 -4.302519152725347573e-01 -3.479950973899954558e-01 -2.762003446227625503e-01 -2.123554544915227660e-01 -1.544297700586280686e-01 -1.007112850601688536e-01 -4.969483283450663175e-02
-2.962744790340060552e-01 -5.967127603628550325e-01 -8.944632175255875506e-01 -1.160689933164166243e+00 -1.348197405387461911e+00 -1.416353245184572396e+00 -1.361261715918712367e+00 -1.220180502074294182e+00 -1.045272712004000848e+00 -8.750615889364923294e-01 -7.261315132965281416e-01 -6.005434374632176997e-01 -4.949346492955257193e-01 -4.052209184185881496e-01 -3.279358316595855638e-01 -2.603136446169950213e-01 -2.001222502298600769e-01 -1.455070095477038472e-01 -9.487498034838603989e-02 -4.680893585837727494e-02
-2.531258324668672621e-01 -5.061319069742070687e-01 -7.512501552798921400e-01 -9.662237883645915515e-01 -1.117485626464836956e+00 -1.177116368932918933e+00 -1.142704830665934645e+00 -1.040214591545152834e+00 -9.067258629675318815e-01 -7.711495039879837643e-01 -6.477497958481325258e-01 -5.402419739704766855e-01 -4.476589130600113209e-01 -3.677491369326105208e-01 -2.982125623500099798e-01 -2.369960392504911750e-01 -1.823128539587925978e-01 -1.326010014417441374e-01 -8.647267986652429350e-02 -4.266591323542291009e-02
-2.043609649881668044e-01 -4.054738492463194621e-01 -5.955293880618822699e-01 -7.587058906549403181e-01 -8.736767225341111054e-01 -9.236115983244090888e-01 -9.073141280488091764e-01 -8.407843669038321810e-01 -7.475330505795784175e-01 -6.472971448712440123e-01 -5.514663130567223348e-01 -4.646212883167245566e-01 -3.876511329525329508e-01 -3.198974587554163085e-01 -2.601686082875071526e-01 -2.071450326860390379e-01 -1.595320834184553449e-01 -1.161114190084433506e-01 -7.574878499692461187e-02 -3.738199633513935444e-02
-1.564616635745502138e-01 -3.084111906883880150e-01 -4.489716215001972044e-01 -5.675092560915730999e-01 -6.514040507323131113e-01 -6.913515925695210562e-01 -6.868865534949312179e-01 -6.471154982636159181e-01 -5.858822019199035891e-01 -5.158150138198388523e-01 -4.453622017268708544e-01 -3.789618781956394233e-01 -3.184024542596451957e-01 -2.640181477137750754e-01 -2.154190926096297976e-01 -1.718833515138615542e-01 -1.325590199535339464e-01 -9.656380475878495462e-02 -6.302902107830130052e-02 -3.111327984007929495e-02
-1.123243322906861824e-01 -2.203881141591929327e-01 -3.188585299045825772e-01 -4.009162655628969452e-01 -4.593822180025776136e-01 -4.893392743715485049e-01 -4.906600536833797266e-01 -4.683092817344667314e-01 -4.300920869109330358e-01 -3.837031646115872108e-01 -3.349427145856486709e-01 -2.874099524027424746e-01 -2.429709100871056404e-01 -2.023526841510744356e-01 -1.656061357864395678e-01 -1.324102391202904294e-01 -1.022568224065956710e-01 -7.455574064842489246e-02 -4.869019483519174823e-02 -2.404208052327865691e-02
-7.226849641211104125e-02 -1.413975952883105569e-01 -2.038267422595263501e-01 -2.555188950511498858e-01 -2.926002033979228090e-01 -3.125823228442236590e-01 -3.154545520447007423e-01 -3.037942514086448553e-01 -2.817640466038797142e-01 -2.537204724559827818e-01 -2.232327993846438263e-01 -1.927519785724011447e-01 -1.637166594119734142e-01 -1.368153091463345516e-01 -1.122424918225068680e-01 -8.989463874664499476e-02 -6.950229865253772232e-02 -5.071212223737084357e-02 -3.313390088696785418e-02 -1.636483000200030999e-02
-3.531961779573399018e-02 -6.900554284340848499e-02 -9.929103647809102429e-02 -1.242988305507325558e-01 -1.423259240409910642e-01 -1.523235345180977141e-01 -1.543019919939500606e-01 -1.493640742573697777e-01 -1.393209374888631225e-01 -1.261380249188686631e-01 -1.115046677430302224e-01 -9.664626038411207321e-02 -8.232807558932946079e-02 -6.894930689247910638e-02 -5.665383163011147860e-02 -4.542351538852078263e-02 -3.514559102901990140e-02 -2.565654471351537860e-02 -1.676844590729459350e-02 -8.283323900512696084e-03
