-3.557287500525586812e-03 -7.038564738749847512e-03 -1.036771546823925076e-02 -1.346879324195874965e-02 -1.626719443063833273e-02 -1.869177801982451620e-02 -2.067793831799097370e-02 -2.217131576330593282e-02 -2.313155699743965621e-02 -2.353546159276189223e-02 -2.337880296550659889e-02 -2.267649285313348001e-02 -2.146086905530199956e-02 -1.977849933115815792e-02 -1.768604256546670375e-02 -1.524584467800649268e-02 -1.252202441437955463e-02 -9.577439714865810735e-03 -6.471918164652368244e-03 -3.261700847633971449e-03
-7.190580888199677237e-03 -1.422927760085024654e-02 -2.096351110577480970e-02 -2.724026921454702349e-02 -3.290821374777352926e-02 -3.782197936279885209e-02 -4.184866093956535887e-02 -4.487577973105971035e-02 -4.681947600779400032e-02 -4.763150641436173643e-02 -4.730327710115349304e-02 -4.586630750936178391e-02 -4.338847424059038421e-02 -3.996707662323815274e-02 -3.571981777326935920e-02 -3.077532549990049521e-02 -2.526483172979599248e-02 -1.931582999510439436e-02 -1.304852316048156838e-02 -6.574884289496115905e-03
-1.097575058232868814e-02 -2.172445180401944703e-02 -3.201678579961814153e-02 -4.162057901483715017e-02 -5.030343749564003542e-02 -5.783929487601419811e-02 -6.401897778418808027e-02 -6.866367724424884966e-02 -7.163911373525218285e-02 -7.286782753470257001e-02 -7.233653813851732839e-02 -7.009699981387380874e-02 -6.625964859123442685e-02 -6.098152721843933671e-02 -5.445082617092561472e-02 -4.687084260391664176e-02 -3.844616328030696362e-02 -2.937253378660176217e-02 -1.983147610481444598e-02 -9.989302088213943345e-03
-1.498797914576217687e-02 -2.967602109640530075e-02 -4.375861376551790777e-02 -5.692184759125963611e-02 -6.884568157198160676e-02 -7.921279078194091994e-02 -8.772429889192318031e-02 -9.412084797429114136e-02 -9.820551401150168225e-02 -9.986418843530223133e-02 -9.907810537869686518e-02 -9.592553896757372023e-02 -9.057159979984201470e-02 -8.324858942358821789e-02 -7.423113368945302715e-02 -6.381109855647945639e-02 -5.227647350306924984e-02 -3.989669649153225472e-02 -2.691554046163547112e-02 -1.355085245906424186e-02
-1.930015552510756099e-02 -3.823304561975854332e-02 -5.641981644436170479e-02 -7.346255520530531324e-02 -8.894468917774604744e-02 -1.024419253078444753e-01 -1.135446411877400336e-01 -1.218899136032268182e-01 -1.271979592169702467e-01 -1.293053511631575558e-01 -1.281862194334692506e-01 -1.239555074282350788e-01 -1.168526754069861839e-01 -1.072101304860393622e-01 -9.541405935013261286e-02 -8.186600761721674058e-02 -6.695196875709373552e-02 -5.102226276643135466e-02 -3.438313079175146780e-02 -1.729854303305573826e-02
-2.397959979025519189e-02 -4.753619974330323961e-02 -7.022506087878400971e-02 -9.156389485566920894e-02 -1.110286373092824463e-01 -1.280656296268127270e-01 -1.421224788182444687e-01 -1.526962345024044654e-01 -1.593910960148484934e-01 -1.619730666129696461e-01 -1.604059801690969622e-01 -1.548576637781728660e-01 -1.456735147521124873e-01 -1.333252605706031213e-01 -1.183489893272343385e-01 -1.012869514333445686e-01 -8.264317351378865084e-02 -6.285728092811719570e-02 -4.229617226236252747e-02 -2.126019640722757315e-02
-2.908206870212425021e-02 -5.770712667485886072e-02 -8.538036583392205614e-02 -1.115393406925929976e-01 -1.355403967709640223e-01 -1.566695326557355772e-01 -1.741835038815448822e-01 -1.873814957512794366e-01 -1.956971905858019556e-01 -1.987898958711283304e-01 -1.966070381347153617e-01 -1.893957319865103572e-01 -1.776585356846031027e-01 -1.620684441520290897e-01 -1.433697340168152423e-01 -1.222896783938865750e-01 -9.947651042498782681e-02 -7.546755058477225275e-02 -5.068408294931225216e-02 -2.544607603155363620e-02
-3.464155970957207009e-02 -6.882989079978885094e-02 -1.020499408275167968e-01 -1.336727108936661135e-01 -1.629241354961513955e-01 -1.888886765805203316e-01 -2.105605895480965606e-01 -2.269491280766893215e-01 -2.372263063879821166e-01 -2.408823366144688394e-01 -2.378366152645949583e-01 -2.284597704802653617e-01 -2.134965010154392107e-01 -1.939203030295314489e-01 -1.707718518968801280e-01 -1.450255650432386856e-01 -1.175056930753130002e-01 -8.885237973900722563e-02 -5.952654102444185358e-02 -2.984003516549913956e-02
-4.065431936852961087e-02 -8.092098044204469598e-02 -1.203168365908703769e-01 -1.581774369520124179e-01 -1.935948032421408171e-01 -2.254005022696858040e-01 -2.522211114401382015e-01 -2.726281268040508521e-01 -2.853765503510603541e-01 -2.896764869728075120e-01 -2.853973310585130041e-01 -2.731102803205361362e-01 -2.539474626483393949e-01 -2.293444449919716244e-01 -2.007718459892546825e-01 -1.695350738076016051e-01 -1.366683686933813646e-01 -1.029097863979998584e-01 -6.872970274010901937e-02 -3.438752384113292343e-02
-4.705479311894118777e-02 -9.388291979554709565e-02 -1.401190155115181468e-01 -1.851253879711245998e-01 -2.278770961049427779e-01 -2.668972557303040394e-01 -3.002947788766238135e-01 -3.259648042425762338e-01 -3.419739164564427614e-01 -3.470483051282918785e-01 -3.409647974465233045e-01 -3.246359070505582811e-01 -2.998383639065154704e-01 -2.687381197152184931e-01 -2.334360270005963467e-01 -1.956745809673978709e-01 -1.567229809701398136e-01 -1.173887515771371293e-01 -7.809497917696804625e-02 -3.898037839077271582e-02
-5.368198402860376028e-02 -1.074369266089295893e-01 -1.611509292181544650e-01 -2.143278267840973417e-01 -2.658901808097901553e-01 -3.140141362649060408e-01 -3.560896847082488659e-01 -3.889506922312149229e-01 -4.094895348619752573e-01 -4.155604536935383897e-01 -4.067635035833332968e-01 -3.846215639987325408e-01 -3.520279986987943643e-01 -3.123322671418831686e-01 -2.685592313352596072e-01 -2.230042282731200809e-01 -1.771602771275920252e-01 -1.318272837322149726e-01 -8.728109938663140832e-02 -4.343899198563082320e-02
-6.023626988639400881e-02 -1.210318845653800268e-01 -1.827196829353780749e-01 -2.451431648316368117e-01 -3.073345414416959742e-01 -3.671564436664343511e-01 -4.210427868746748348e-01 -4.641541692584095213e-01 -4.913259786682749874e-01 -4.987837143244769345e-01 -4.857805746438392247e-01 -4.549813436742742856e-01 -4.112838560661474796e-01 -3.599911084051859445e-01 -3.054610742020483771e-01 -2.506222031478835266e-01 -1.970865811016971336e-01 -1.454790276460786735e-01 -9.576314492280520174e-02 -4.749447250945267041e-02
-6.623120605725858756e-02 -1.337344216507926065e-01 -2.035507714999974793e-01 -2.761792959166730066e-01 -3.511002511725467290e-01 -4.260788763843219029e-01 -4.963904362294260242e-01 -5.545915612388593319e-01 -5.918842921072177132e-01 -6.014103227170876087e-01 -5.817393630405477412e-01 -5.377161457009418388e-01 -4.778920832729521839e-01 -4.108017734878327554e-01 -3.426490020535777892e-01 -2.769323609871475189e-01 -2.150841598394981069e-01 -1.572390490493426884e-01 -1.027979734919784172e-01 -5.077573480965058561e-02
-7.095400726428829907e-02 -1.441224540424346778e-01 -2.215594037248064252e-01 -3.048651937253906152e-01 -3.945620575641471395e-01 -4.888735052855001095e-01 -5.819035296813133140e-01 -6.623298096321648121e-01 -7.151370816110033113e-01 -7.278279329235458617e-01 -6.976827468809678745e-01 -6.335768481059134150e-01 -5.505246710444561264e-01 -4.622378741780880929e-01 -3.772842387526328944e-01 -2.993505693284226332e-01 -2.290751130992803308e-01 -1.655946531391222776e-01 -1.074139332185714835e-01 -5.281048861048547732e-02
-7.346182714476172382e-02 -1.502366244181912724e-01 -2.336592953555747532e-01 -3.269358933014459012e-01 -4.324549618995872646e-01 -5.498692122756284606e-01 -6.724834473081001684e-01 -7.837078559942554090e-01 -8.588516060875387437e-01 -8.761334314442051907e-01 -8.306621237458365892e-01 -7.380182440130955701e-01 -6.235795003900264089e-01 -5.086471369148534150e-01 -4.044477091201294505e-01 -3.140192238201706676e-01 -2.362571259650377287e-01 -1.686489322990199768e-01 -1.084525012575426328e-01 -5.305227991953768985e-02
-7.265506868230654780e-02 -1.496871271306420836e-01 -2.357880662251377324e-01 -3.361057693402955682e-01 -4.556493753225770993e-01 -5.966166001357080528e-01 -7.523141235517878389e-01 -9.001040216678373174e-01 -1.002694404351968549e+00 -1.025659018626722263e+00 -9.610993823628569688e-01 -8.338065990515738379e-01 -6.829919521168620333e-01 -5.393484988954757586e-01 -4.165130088521778462e-01 -3.157531078468301944e-01 -2.332441367077627836e-01 -1.642867168186385451e-01 -1.046944494528150305e-01 -5.094612383870975036e-02
-6.746772663476384435e-02 -1.400335328317109662e-01 -2.234390991473701460e-01 -3.245837594731182385e-01 -4.511780120165015395e-01 -6.084858172839682222e-01 -7.907556228761454253e-01 -9.702662380114817076e-01 -1.097608285772155190e+00 -1.125694050114932843e+00 -1.043570728902879940e+00 -8.853187965529730752e-01 -7.037566774703216677e-01 -5.381640864936907409e-01 -4.035473377475181089e-01 -2.986384070188258244e-01 -2.165879898601189568e-01 -1.505487255020009629e-01 -9.509154326250006395e-02 -4.603768966054411216e-02
-5.717623892353659171e-02 -1.194807698743273472e-01 -1.929105029475247368e-01 -2.851376205797150898e-01 -4.054566994202550845e-01 -5.613847209079345646e-01 -7.487464770114695689e-01 -9.382633464144021218e-01 -1.074786506205773318e+00 -1.104666057197737139e+00 -1.015317868775176047e+00 -8.457024917093953764e-01 -6.554215097744103824e-01 -4.873052363699308387e-01 -3.558853404231279716e-01 -2.576563395060260664e-01 -1.837660529975217449e-01 -1.262106875665967298e-01 -7.908372596909743479e-02 -3.811299970222594563e-02
-4.174869893135422366e-02 -8.772673087265241143e-02 -1.430208357515708184e-01 -2.144332528886178091e-01 -3.106447204946241047e-01 -4.393350100303776151e-01 -5.981122507467327987e-01 -7.617786534227211082e-01 -8.809593757977072226e-01 -9.069448270361304409e-01 -8.282472561665218391e-01 -6.803233407136912714e-01 -5.169394027538866121e-01 -3.758244497838096332e-01 -2.686494523931954870e-01 -1.910447081427570915e-01 -1.344113047290938778e-01 -9.142125287320408689e-02 -5.691766408700228708e-02 -2.733043671366123736e-02
-2.208426864254607602e-02 -4.658283782048258659e-02 -7.646609921620502182e-02 -1.158587013926680592e-01 -1.702773348172567369e-01 -2.449910817204459246e-01 -3.393183089430305555e-01 -4.382383143707337947e-01 -5.110219460621661103e-01 -5.268781193433200727e-01 -4.785026104433652283e-01 -3.883759547232533693e-01 -2.902489132408100914e-01 -2.071971404094980485e-01 -1.456521126472401784e-01 -1.022096799435367048e-01 -7.122129090935007401e-02 -4.812305429428400533e-02 -2.983327500292258863e-02 -1.429095173437394672e-02
