-7.745534030941338133e-03 -1.555420424837130819e-02 -2.347914698947809603e-02 -3.155256942096675704e-02 -3.977320772340040694e-02 -4.809176975148069660e-02 -5.639467896888319953e-02 -6.448767484761652735e-02 -7.208257302265233535e-02 -7.879268017841896399e-02 -8.414415613389010506e-02 -8.761052511032249579e-02 -8.867326643692251265e-02 -8.690185176235444564e-02 -8.203471958344123183e-02 -7.403562860863611983e-02 -6.310593606774179964e-02 -4.965155399111959023e-02 -3.422239162928541328e-02 -1.744971780659803490e-02
-1.542791881497984456e-02 -3.099212748997895103e-02 -4.680980899067617440e-02 -6.295790689064817425e-02 -7.944847516055605907e-02 -9.619917019981005790e-02 -1.129992478205988776e-01 -1.294734346066693520e-01 -1.450499472658058342e-01 -1.589440065815274639e-01 -1.701734164002254024e-01 -1.776246680174993764e-01 -1.801806601415442410e-01 -1.768993830369637033e-01 -1.672013514643354293e-01 -1.510018103260374334e-01 -1.287365430079526474e-01 -1.012778723464265729e-01 -6.978829680664286328e-02 -3.557647785998754864e-02
-2.297398941990238391e-02 -4.617657237550190641e-02 -6.981002194741628419e-02 -9.402076234090714357e-02 -1.188635980567026712e-01 -1.442571679393359063e-01 -1.699296797773545975e-01 -1.953568339734851056e-01 -2.196997421956809748e-01 -2.417599565931284611e-01 -2.599807738320408235e-01 -2.725339275132723227e-01 -2.775250590918711402e-01 -2.733133058807026283e-01 -2.588691073404646992e-01 -2.340334329362640797e-01 -1.995603761287514655e-01 -1.569350247449585178e-01 -1.080764318377518268e-01 -5.506789305843277221e-02
-3.029146319562600609e-02 -6.093013424268708261e-02 -9.223292714163637551e-02 -1.244515136757831236e-01 -1.577279555387988974e-01 -1.920361815288313956e-01 -2.271054230936206397e-01 -2.623244170764422734e-01 -2.966321400060639712e-01 -3.284150224360916082e-01 -3.554550008395748750e-01 -3.750033579209297030e-01 -3.840690420528539706e-01 -3.799552491659472508e-01 -3.609238300374109087e-01 -3.266989452890859957e-01 -2.785344638903905490e-01 -2.188245015801534299e-01 -1.505142102677251570e-01 -7.661858665974491389e-02
-3.726171691404748382e-02 -7.501956011945376535e-02 -1.137400315982597665e-01 -1.538244133586388618e-01 -1.955605190374480884e-01 -2.390541377335505813e-01 -2.841313343114378887e-01 -3.302030949920078395e-01 -3.760886669974161101e-01 -4.198103231720988204e-01 -4.584126905129629059e-01 -4.879364473273679059e-01 -5.037587402377291523e-01 -5.014693992340615303e-01 -4.781256496941598266e-01 -4.332681714924321859e-01 -3.690329863327281301e-01 -2.893049390394933917e-01 -1.985341665990101589e-01 -1.008914322454361745e-01
-4.373582936523848913e-02 -8.814632554164843203e-02 -1.338832033541522415e-01 -1.815455715233641187e-01 -2.316355458878286422e-01 -2.844884722542612709e-01 -3.401625072487454160e-01 -3.982669512716904281e-01 -4.577040108217003689e-01 -5.163042722201952595e-01 -5.703853067329476279e-01 -6.144218154841750712e-01 -6.412950865080946361e-01 -6.436810938978700936e-01 -6.164768790373439389e-01 -5.589331594663057290e-01 -4.748589560725230418e-01 -3.707545269221069750e-01 -2.534012645706628097e-01 -1.284066145452167906e-01
-4.953525573698346757e-02 -9.994669182781452943e-02 -1.521008712249403150e-01 -2.068390869808051091e-01 -2.649475796969948949e-01 -3.271015759522003519e-01 -3.937624082706612239e-01 -4.649925432528771996e-01 -5.401260117744055567e-01 -6.171947430080235719e-01 -6.920231892443974298e-01 -7.571816412850352895e-01 -8.017396725102227117e-01 -8.133564675112655573e-01 -7.829965637008404755e-01 -7.094484286408343499e-01 -5.997294224000416785e-01 -4.650145407253066798e-01 -3.157619096257608948e-01 -1.592959669904077391e-01
-5.445846848231455928e-02 -1.100042460709755032e-01 -1.677344565215610761e-01 -2.287622663071105511e-01 -2.942140425164537776e-01 -3.652073917862431740e-01 -4.427894044898887937e-01 -5.277894967895845335e-01 -6.204768459602463260e-01 -7.197713894891156761e-01 -8.216179397681250274e-01 -9.165268764463218032e-01 -9.879922850557442127e-01 -1.015401593737399244e+00 -9.828964789783763978e-01 -8.885439903530045758e-01 -7.451425987543767171e-01 -5.718318471554767468e-01 -3.846681913807895037e-01 -1.928446883297272318e-01
-5.829435276630648421e-02 -1.178773330514264334e-01 -1.800703988729355220e-01 -2.462614240112833697e-01 -3.179387698877251256e-01 -3.967231642996955077e-01 -4.843860356134088163e-01 -5.828126584947402877e-01 -6.937551840142752724e-01 -8.178984944469720464e-01 -9.522836836525988558e-01 -1.085565975220392554e+00 -1.193872608460893270e+00 -1.244461261077522085e+00 -1.211055201862172748e+00 -1.090693720812614842e+00 -9.052148944465537861e-01 -6.857199373633355854e-01 -4.559478734862882909e-01 -2.268302811280941134e-01
-6.084159743556578903e-02 -1.231402923313784786e-01 -1.884083457472093825e-01 -2.582741968202276750e-01 -3.345561255999308092e-01 -4.193570004003774887e-01 -5.151872161037992504e-01 -6.250953539209583854e-01 -7.526249414644826663e-01 -9.008578019871834597e-01 -1.068822544536169206e+00 -1.243886370259497109e+00 -1.394054379027316770e+00 -1.472106795757855524e+00 -1.438972701361592499e+00 -1.290477890881456702e+00 -1.059713393965081130e+00 -7.922786497061184985e-01 -5.206375656149376807e-01 -2.570116974727659209e-01
-6.193172067828903171e-02 -1.254338717988187080e-01 -1.921484816623930947e-01 -2.638708332305860216e-01 -3.426539546093560484e-01 -4.309547806227377320e-01 -5.318481344786251119e-01 -6.493147683610758225e-01 -7.884146240385494497e-01 -9.543915074451577718e-01 -1.148291515178060829e+00 -1.356859352350356485e+00 -1.541553668771470598e+00 -1.642861906158212815e+00 -1.610655665417487947e+00 -1.439731380074539269e+00 -1.172972702773730003e+00 -8.683957367171576402e-01 -5.656315128631589362e-01 -2.775939573647657754e-01
-6.145139865090387676e-02 -1.245149749813554557e-01 -1.908808692658889028e-01 -2.624066382201597492e-01 -3.412332367522885601e-01 -4.299500576937032581e-01 -5.318428473944176726e-01 -6.512418920916506204e-01 -7.937817278928388509e-01 -9.655412775738066999e-01 -1.168383111773892535e+00 -1.388918988942404065e+00 -1.586268807000304815e+00 -1.696399017364677908e+00 -1.665075671917274125e+00 -1.486711389095282776e+00 -1.207827172210713229e+00 -8.910132064155631415e-01 -5.784741146433499681e-01 -2.832796842656069569e-01
-5.935887319828363901e-02 -1.202937250228947319e-01 -1.844533225061511517e-01 -2.536415377865953169e-01 -3.299213433642716464e-01 -4.157580900376004474e-01 -5.142262327749492767e-01 -6.292829578678321711e-01 -7.659196624509420070e-01 -9.292560084017302824e-01 -1.120221531313618346e+00 -1.325668040302172557e+00 -1.507675721252138112e+00 -1.607852609528701793e+00 -1.577064287225678152e+00 -1.410183981924573171e+00 -1.149182176933698063e+00 -8.509064555626316695e-01 -5.542676086847466710e-01 -2.720151188021837640e-01
-5.569033892329761093e-02 -1.128476868588584175e-01 -1.729971094827320588e-01 -2.377847520588304286e-01 -3.090516936154885652e-01 -3.889250478623401674e-01 -4.799309607401247568e-01 -5.851051665639769306e-01 -7.079209447681301670e-01 -8.513234941889031848e-01 -1.014238273299436832e+00 -1.184277297475625490e+00 -1.330443142383187061e+00 -1.407215592337354826e+00 -1.377001216446275711e+00 -1.235735591625596763e+00 -1.015146325368549762e+00 -7.590583961803302193e-01 -4.987835377863337749e-01 -2.461965652868200460e-01
-5.055475416488533491e-02 -1.024095227945495817e-01 -1.569026045253519019e-01 -2.154485964238928297e-01 -2.795750469551629425e-01 -3.509531364245250251e-01 -4.314088489784306257e-01 -5.228706277330779084e-01 -6.271019866721396774e-01 -7.447695209333443644e-01 -8.729670933317110748e-01 -1.000751901258112753e+00 -1.105330766403965104e+00 -1.155622899039763229e+00 -1.126740690651585330e+00 -1.015817844311212470e+00 -8.433973004215838953e-01 -6.388383968759387965e-01 -4.246353245793934028e-01 -2.111825675426689808e-01
-4.411911623834988833e-02 -8.933302663422396095e-02 -1.367551523919285084e-01 -1.875319253757036786e-01 -2.428464854655063010e-01 -3.039004749314686560e-01 -3.718518149961485553e-01 -4.476619648706867682e-01 -5.317466312906506953e-01 -6.231982918214021838e-01 -7.182353465637120182e-01 -8.079172948080483030e-01 -8.767369312894677247e-01 -9.054028602517872892e-01 -8.790905388190840553e-01 -7.959253852801484452e-01 -6.677228721276863288e-01 -5.122242258604879916e-01 -3.443299323351768360e-01 -1.725166382192798165e-01
-3.658869543425633669e-02 -7.404829610902860515e-02 -1.132530398268407762e-01 -1.550774413382573491e-01 -2.003783655647105311e-01 -2.499492763311623178e-01 -3.044251640452789731e-01 -3.641023905936277560e-01 -4.286134154089997761e-01 -4.963660819847947603e-01 -5.636782025610994618e-01 -6.238034721094883883e-01 -6.667255303420268620e-01 -6.811090982601091248e-01 -6.586331160170706411e-01 -5.981158397453657516e-01 -5.058779828433234149e-01 -3.920168091622417972e-01 -2.659245681046822352e-01 -1.340380967921976640e-01
-2.818737089802270460e-02 -5.701842678705482809e-02 -8.713127011389489029e-02 -1.191464193638429175e-01 -1.536402196814221355e-01 -1.910927421412444704e-01 -2.317940941195305027e-01 -2.756873765574051061e-01 -3.221222417678915040e-01 -3.695000840001383402e-01 -4.148414733833074575e-01 -4.534559865269722767e-01 -4.791465501026783702e-01 -4.854513139464924909e-01 -4.678212989830413671e-01 -4.255293058523171301e-01 -3.618445066204186711e-01 -2.823452343451551827e-01 -1.927419361737951198e-01 -9.756514074460329033e-02
-1.914237052268962999e-02 -3.870676503879062758e-02 -5.910720263712349043e-02 -8.073672858690708609e-02 -1.039433017394677250e-01 -1.289872623426278619e-01 -1.559703983669484817e-01 -1.847261202259359025e-01 -2.146630982127997744e-01 -2.445687560115318293e-01 -2.724169386437004792e-01 -2.952949684689988863e-01 -3.096431346056592315e-01 -3.119637106850677299e-01 -2.998699309635378119e-01 -2.729413322009004994e-01 -2.328075368898441799e-01 -1.824139183970233391e-01 -1.250101566326392577e-01 -6.344919222901045097e-02
-9.675353587794850371e-03 -1.955904362733413421e-02 -2.985405103558195702e-02 -4.074993939908538171e-02 -5.240895510989186656e-02 -6.494255298954532130e-02 -7.837396315892428134e-02 -9.258284853752286880e-02 -1.072311972748952458e-01 -1.216783373245668848e-01 -1.349113545908629530e-01 -1.455438228478495299e-01 -1.519541616414188667e-01 -1.526033988353592830e-01 -1.464603071659312805e-01 -1.333317351301143150e-01 -1.138973148131830482e-01 -8.943354619828110252e-02 -6.141563708726639759e-02 -3.121636467121146480e-02
