-7.098704002265144621e-03 -1.445776754132743584e-02 -2.235096671791364509e-02 -3.107901387688337055e-02 -4.098268999992994016e-02 -5.245403383361734589e-02 -6.594134475557439368e-02 -8.193863785945024181e-02 -1.009404378927141466e-01 -1.233245811531065855e-01 -1.490964340263366827e-01 -1.774062040103593085e-01 -2.058333967746053539e-01 -2.297924016024652794e-01 -2.429399569795649416e-01 -2.392904383115185829e-01 -2.161543515496352486e-01 -1.755117705225357205e-01 -1.225243179976066715e-01 -6.268089151672928683e-02
-1.393706044026629502e-02 -2.838139768858092757e-02 -4.386708304068422104e-02 -6.098238087945837688e-02 -8.039768112303995184e-02 -1.028920773939614453e-01 -1.293726124434132763e-01 -1.608718820231167523e-01 -1.984916376498943869e-01 -2.432201282019085808e-01 -2.954670477787161298e-01 -3.540469718962969692e-01 -4.144407825185346672e-01 -4.670384754418338003e-01 -4.976322096009466733e-01 -4.923219482893473331e-01 -4.448548589388494068e-01 -3.601220993339351861e-01 -2.502940844430764367e-01 -1.275935525749194166e-01
-2.026812937619502236e-02 -4.126367449983554814e-02 -6.375356962748549017e-02 -8.858570898157762386e-02 -1.167335426054934844e-01 -1.493439282825046732e-01 -1.877848016234935913e-01 -2.336813147470860885e-01 -2.889078189827205545e-01 -3.554395290852679357e-01 -4.347871818004300781e-01 -5.263993977072135566e-01 -6.243747803051458156e-01 -7.134663498013199545e-01 -7.689642549869316612e-01 -7.655701950823935453e-01 -6.918791934979583447e-01 -5.574310552110577355e-01 -3.847862899654490021e-01 -1.950863442920900970e-01
-2.587180166299784395e-02 -5.265159607801474240e-02 -8.129780953348329786e-02 -1.128733219811663968e-01 -1.486068108353284511e-01 -1.899651873643924127e-01 -2.387404148124779579e-01 -2.971511255365111293e-01 -3.679427315444415703e-01 -4.543865157731905025e-01 -5.597659805127694899e-01 -6.852258886886675171e-01 -8.244653055434941757e-01 -9.563713186360031093e-01 -1.043423746329671165e+00 -1.045604965972917411e+00 -9.448293009521760988e-01 -7.570518751321118067e-01 -5.185309206012941319e-01 -2.612703567926186743e-01
-3.056747386171175529e-02 -6.217309631354000360e-02 -9.591272748078401300e-02 -1.330029155939826679e-01 -1.748551493316150285e-01 -2.231694198913773131e-01 -2.800584930005523554e-01 -3.482189574213958028e-01 -4.311585661423914528e-01 -5.333962210689400241e-01 -6.601072721777403451e-01 -8.145554408563255855e-01 -9.907953040230834674e-01 -1.162683661979267535e+00 -1.280388307600883957e+00 -1.289233338988455824e+00 -1.164462678969518050e+00 -9.286730027516284514e-01 -6.319498637764786597e-01 -3.167726853834810230e-01
-3.422499499366579712e-02 -6.956056876487011487e-02 -1.071770748600610612e-01 -1.483704449645189827e-01 -1.946414039965977671e-01 -2.477985481078180119e-01 -3.101017880292249451e-01 -3.844725385613765312e-01 -4.747987267184842763e-01 -5.862664785009749080e-01 -7.251311823513084676e-01 -8.959487119932795229e-01 -1.093120662759017092e+00 -1.287701023728310190e+00 -1.422667096388551045e+00 -1.434658714885431730e+00 -1.294975762335847547e+00 -1.030245121996457236e+00 -6.988411936071154962e-01 -3.494325491787293458e-01
-3.677191787505824927e-02 -7.466709105759694598e-02 -1.148645328075957039e-01 -1.586603426983217158e-01 -2.075414062738872301e-01 -2.632812168055408408e-01 -3.280732545632617514e-01 -4.047264102470585212e-01 -4.969472448669427500e-01 -6.096389667071310248e-01 -7.486439713411863206e-01 -9.180206591422573892e-01 -1.111844104937668387e+00 -1.301501194077868018e+00 -1.431260337663307958e+00 -1.439447548440943692e+00 -1.298171425620910480e+00 -1.033328567892983330e+00 -7.017988145900220243e-01 -3.513013432226195221e-01
-3.819557017934296916e-02 -7.747131259548620252e-02 -1.189535842811915572e-01 -1.638649448938087339e-01 -2.135826026721637794e-01 -2.697112998687692942e-01 -3.341794877825326471e-01 -4.093702589095833955e-01 -4.982902319196830243e-01 -6.046900499284951769e-01 -7.326486675923504777e-01 -8.841341034060120618e-01 -1.052345072469194953e+00 -1.211908507342757346e+00 -1.316094788383850966e+00 -1.314291585595523504e+00 -1.183708462349730928e+00 -9.452274332155864434e-01 -6.454026047979820602e-01 -3.245192628211002739e-01
-3.853902723293423788e-02 -7.806897997953007873e-02 -1.196135166387665011e-01 -1.642632217666656069e-01 -2.132126880418885040e-01 -2.678016167160031658e-01 -3.295601030139330700e-01 -4.002542031489128571e-01 -4.819108837140907986e-01 -5.767272756665203781e-01 -6.865063854724927639e-01 -8.106890065698786341e-01 -9.417956592665837068e-01 -1.059374565368343291e+00 -1.129155234184650469e+00 -1.115460013959273855e+00 -1.002354602348518586e+00 -8.040784533712985738e-01 -5.533141422820534450e-01 -2.800305561738800075e-01
-3.789153261344480050e-02 -7.665201992939012221e-02 -1.171682392892077623e-01 -1.603617027596963840e-01 -2.072032618251675729e-01 -2.587221944958261743e-01 -3.160034399403041649e-01 -3.801586709345717296e-01 -4.522386103738587071e-01 -5.330025087431010666e-01 -6.223243118372596694e-01 -7.177782711283279271e-01 -8.119835497785705680e-01 -8.896498540907646913e-01 -9.280510515842954611e-01 -9.048354673000977844e-01 -8.101649059720812396e-01 -6.525854926097656161e-01 -4.525733357452859096e-01 -2.305659589968688528e-01
-3.637506076479513767e-02 -7.347930130901005052e-02 -1.120456742448834309e-01 -1.528120569990242261e-01 -1.965163979973834352e-01 -2.438803529472298448e-01 -2.955720547291326716e-01 -3.521313530837543171e-01 -4.138268660060130388e-01 -4.803870176068121833e-01 -5.504959744979630587e-01 -6.208941850201985524e-01 -6.850572581838216824e-01 -7.321304301639062206e-01 -7.479085720701367235e-01 -7.193637098299748844e-01 -6.409092959250863863e-01 -5.173635196384517299e-01 -3.608486301060938595e-01 -1.847787967646339902e-01
-3.412938141898667899e-02 -6.884441191545005723e-02 -1.047230559923889026e-01 -1.423244107686773841e-01 -1.821698728242724941e-01 -2.247106664266755316e-01 -2.702727809683048155e-01 -3.189655366784094337e-01 -3.705329253316620441e-01 -4.241176088817992795e-01 -4.779004355041422958e-01 -5.285969157072475388e-01 -5.709114344522027151e-01 -5.973650562901190453e-01 -5.992570191614327024e-01 -5.691870042273212693e-01 -5.041277267601886880e-01 -4.068531113792010490e-01 -2.845822051173360068e-01 -1.461599381310616785e-01
-3.129801849709766548e-02 -6.304587414083122343e-02 -9.567768548592349431e-02 -1.295926160642965896e-01 -1.651279648076274809e-01 -2.025195914474576808e-01 -2.418427214584510931e-01 -2.829244672268135807e-01 -3.252174275640725143e-01 -3.676248493233460479e-01 -4.082767958702593347e-01 -4.442871647557600223e-01 -4.715953510142773530e-01 -4.851177288690842193e-01 -4.794971607791921886e-01 -4.505028177201369499e-01 -3.965425660993778245e-01 -3.193632248057109990e-01 -2.234869189418577096e-01 -1.149100872134794366e-01
-2.801680826164197613e-02 -5.636335462192502976e-02 -8.534917821298335094e-02 -1.152403609181310989e-01 -1.462297331670746048e-01 -1.783969261161211795e-01 -2.116539496323702474e-01 -2.456719875790474017e-01 -2.797866140129093848e-01 -3.128829221735267563e-01 -3.432739358044688549e-01 -3.686079716932458838e-01 -3.858779923086659847e-01 -3.916426231299361405e-01 -3.825541797335098027e-01 -3.561502902785823599e-01 -3.116289341191182394e-01 -2.502119446820752491e-01 -1.749143403927300167e-01 -8.992662627294233102e-02
-2.440583928739299691e-02 -4.904152025561819145e-02 -7.411529311725531532e-02 -9.978988889843416754e-02 -1.261536330661026939e-01 -1.531843833052619341e-01 -1.807040729416899971e-01 -2.083228428000705734e-01 -2.353739313771930630e-01 -2.608456030062433206e-01 -2.833251124835187151e-01 -3.009828800282093320e-01 -3.116402204309981494e-01 -3.129695493885183422e-01 -3.028500315995258374e-01 -2.798279905773575771e-01 -2.435356210938340871e-01 -1.948920039639205348e-01 -1.360074226972274869e-01 -6.987288013539319498e-02
-2.056502906572510100e-02 -4.128156347621811384e-02 -6.228057058733219020e-02 -8.365025011040580494e-02 -1.054104948412778187e-01 -1.274828262936429091e-01 -1.496550480668321081e-01 -1.715413035623205573e-01 -1.925405877203975602e-01 -2.118003379866744140e-01 -2.281976922621159476e-01 -2.403571125733812708e-01 -2.467277362197753676e-01 -2.457399318487761830e-01 -2.360403638309638563e-01 -2.167668716031221909e-01 -1.877856841744045824e-01 -1.498078718308149260e-01 -1.043479037297400380e-01 -5.355652488837779612e-02
-1.657269579849228805e-02 -3.323911031082169010e-02 -5.007514975973033355e-02 -6.711999964773568417e-02 -8.435523322274182667e-02 -1.016813464948233270e-01 -1.188919231153436201e-01 -1.356467002131157562e-01 -1.514467372841205861e-01 -1.656174253728192880e-01 -1.773081437412329098e-01 -1.855200115512271042e-01 -1.891733986585191485e-01 -1.872215773957093266e-01 -1.788039113966550797e-01 -1.634126787369050704e-01 -1.410317064862734171e-01 -1.122054745866756797e-01 -7.801958056236006633e-02 -4.000524084762571708e-02
-1.248663037493668963e-02 -2.502700855186494946e-02 -3.766089275371729828e-02 -5.039934419181974629e-02 -6.320905387066715064e-02 -7.599536090019996804e-02 -8.858455683183197316e-02 -1.007067870608777810e-01 -1.119821881495703525e-01 -1.219144416373530992e-01 -1.298974021639006382e-01 -1.352413494733213650e-01 -1.372242203482868239e-01 -1.351690088029791070e-01 -1.285409517910806043e-01 -1.170481349679102917e-01 -1.007229088255844757e-01 -7.996266398929728625e-02 -5.551968032036775497e-02 -2.844483136363505638e-02
-8.346789789501469700e-03 -1.672139868872823953e-02 -2.514203913953481223e-02 -3.360740454523514914e-02 -4.208625386238885879e-02 -5.050645930418667939e-02 -5.874412218896606086e-02 -6.661367203981372054e-02 -7.386075624125729155e-02 -8.016070521234992807e-02 -8.512562559121536476e-02 -8.832373362795449545e-02 -8.931307060643431384e-02 -8.768926386520585481e-02 -8.314272683690918098e-02 -7.551596841124871839e-02 -6.484910484248145035e-02 -5.140257412609137294e-02 -3.565163935891368929e-02 -1.825438929600476171e-02
-4.179134981015250085e-03 -8.369743198756942129e-03 -1.257844432343685134e-02 -1.680198124850824579e-02 -2.102208188579499787e-02 -2.520008638904047346e-02 -2.927179764608530549e-02 -3.314297725703851255e-02 -3.668642425139936880e-02 -3.974194154768556642e-02 -4.212061517442863834e-02 -4.361485318519985055e-02 -4.401505031900910386e-02 -4.313225756020550722e-02 -4.082472427977344026e-02 -3.702391443541518806e-02 -3.175496725678456089e-02 -2.514686228172139867e-02 -1.742989223533905618e-02 -8.921068734400884603e-03
