-2.263838373807332965e-03 -4.567352579738012154e-03 -6.949440763040958847e-03 -9.447201064588298808e-03 -1.209433858434528532e-02 -1.491864612748324340e-02 -1.793808607450550138e-02 -2.115494908560373519e-02 -2.454737962749858546e-02 -2.805782862494350660e-02 -3.157806468608485156e-02 -3.493144433628277840e-02 -3.785492818119690767e-02 -3.998650185684289593e-02 -4.086813573311628284e-02 -3.997937291739810800e-02 -3.681749377862290201e-02 -3.103161873151543196e-02 -2.259196092492671629e-02 -1.193580619464278993e-02
-4.488011880900991991e-03 -9.056135884584369175e-03 -1.378321205291671396e-02 -1.874502600887324039e-02 -2.401151073131977884e-02 -2.964217113581104832e-02 -3.567878763932563063e-02 -4.213435089953224827e-02 -4.897676042245856926e-02 -5.610587640108271462e-02 -6.332298615500342454e-02 -7.029279183082701166e-02 -7.650180338544822212e-02 -8.122295749024498190e-02 -8.350667416699510126e-02 -8.223181109969499025e-02 -7.625883959022256020e-02 -6.471672787545788841e-02 -4.740006917915503409e-02 -2.515087450789970508e-02
-6.632076960218016848e-03 -1.338597784164037401e-02 -2.038223579515292122e-02 -2.773816717255571732e-02 -3.556452730368487442e-02 -4.395977372824807355e-02 -5.300059295312566088e-02 -6.272696426670817949e-02 -7.311943439169930892e-02 -8.406594242373015280e-02 -9.531520971619646121e-02 -1.064149477678817818e-01 -1.166365764799331545e-01 -1.248968284114490013e-01 -1.297035526407331885e-01 -1.291814935712033152e-01 -1.212672465271540378e-01 -1.041726533554307860e-01 -7.713565929798238407e-02 -4.126245583039178655e-02
-8.654346241029965345e-03 -1.747348868448667103e-02 -2.662160248565551002e-02 -3.626088345194228291e-02 -4.654866548764637763e-02 -5.763183729455931964e-02 -6.963690809370885748e-02 -8.265351948903741641e-02 -9.670811340885067386e-02 -1.117232745312146391e-01 -1.274569814435138337e-01 -1.434152257269938335e-01 -1.587326440231980884e-01 -1.720235227532595501e-01 -1.812262864782927252e-01 -1.835141556150960973e-01 -1.754343335969230921e-01 -1.535323170585161656e-01 -1.156552321746984885e-01 -6.270972991741355362e-02
-1.051183507110793960e-02 -2.123206649531719434e-02 -3.236982154218105007e-02 -4.413510134959568176e-02 -5.673743558385369035e-02 -7.038203209360095747e-02 -8.526172380381703830e-02 -1.015421527438340049e-01 -1.193362666961620688e-01 -1.386620799407671523e-01 -1.593742571424560661e-01 -1.810562256789296220e-01 -2.028542346194455448e-01 -2.232326771889221184e-01 -2.396406094871047221e-01 -2.481420638367742848e-01 -2.432532826687303917e-01 -2.185632414724296979e-01 -1.688325957285409518e-01 -9.350048174138235468e-02
-1.216096339051507894e-02 -2.457315003261800745e-02 -3.749055771861778408e-02 -5.117229710255933456e-02 -6.588397308584190148e-02 -8.189717911560949470e-02 -9.948586297836997661e-02 -1.189171429197627278e-01 -1.404327897000392233e-01 -1.642145690044687911e-01 -1.903217120218706482e-01 -2.185803661783443097e-01 -2.483891695198926497e-01 -2.783783776454913927e-01 -3.058223973323887512e-01 -3.257287241263149280e-01 -3.298585510902700690e-01 -3.068250038570888294e-01 -2.451652104611030392e-01 -1.399531114832214262e-01
-1.355889090038204722e-02 -2.740905400760643845e-02 -4.184699268823924984e-02 -5.717960121772309307e-02 -7.372901441578573467e-02 -9.183689546868462061e-02 -1.118674428151020667e-01 -1.342078173490596771e-01 -1.592632501586649929e-01 -1.874417346633438231e-01 -2.191173385729752732e-01 -2.545504493467303231e-01 -2.937153457585118255e-01 -3.359159185294257055e-01 -3.789139738138113667e-01 -4.171434273310143936e-01 -4.390440211844601204e-01 -4.255406886626265650e-01 -3.540038446990756982e-01 -2.098283910142690889e-01
-1.466555349038076161e-02 -2.965719046810670612e-02 -4.530879750662256122e-02 -6.197015141246635384e-02 -8.001565448884666309e-02 -9.985401470573544713e-02 -1.219392787185106797e-01 -1.467834761484792805e-01 -1.749707404081307094e-01 -2.071717333350169554e-01 -2.441541029044924926e-01 -2.867751606873083503e-01 -3.359087051419690773e-01 -3.921309019188775058e-01 -4.546247657488988736e-01 -5.182172681682876147e-01 -5.679447411733336004e-01 -5.743154933954955910e-01 -4.976690017271792055e-01 -3.066131654382840410e-01
-1.544612597240718407e-02 -3.124535981235269586e-02 -4.776087282627808350e-02 -6.537660358372107683e-02 -8.450949934836057831e-02 -1.056242946101938057e-01 -1.292522487117490626e-01 -1.560161447971532001e-01 -1.866645448393338957e-01 -2.221201400428776396e-01 -2.635485038911934974e-01 -3.124520326883491461e-01 -3.707611597690341765e-01 -4.407117133223720229e-01 -5.236594688026287026e-01 -6.158492304749185742e-01 -6.994925345659908089e-01 -7.335185175271599078e-01 -6.576271522436621941e-01 -4.184223534019276824e-01
-1.587357767749426191e-02 -3.211726227239258130e-02 -4.911275612734038176e-02 -6.726593968018916569e-02 -8.702153553195725311e-02 -1.088814898071749221e-01 -1.334293523019597083e-01 -1.613643736773717474e-01 -1.935512080243294852e-01 -2.310952424564678143e-01 -2.754604234477510127e-01 -3.286536880829384888e-01 -3.934759302032908024e-01 -4.736151853469172113e-01 -5.724811762997213949e-01 -6.879846667668615412e-01 -8.005812090727462138e-01 -8.598553120301640762e-01 -7.879026859759949986e-01 -5.116995735271046009e-01
-1.593092480933908789e-02 -3.223734969901083380e-02 -4.930697042289491905e-02 -6.755291595059326193e-02 -8.742928337581575005e-02 -1.094508521935873696e-01 -1.342193777348027472e-01 -1.624608760891854409e-01 -1.950806898533003209e-01 -2.332483950273791795e-01 -2.785332772509329646e-01 -3.331225291171222569e-01 -4.001336845318554936e-01 -4.837955956690729864e-01 -5.883066142968567114e-01 -7.122658559276942025e-01 -8.355911094096061253e-01 -9.045156503745508392e-01 -8.346541733827569365e-01 -5.456109307921949148e-01
-1.561277997998203847e-02 -3.159428542957668645e-02 -4.832493103396378470e-02 -6.620951463215105082e-02 -8.569190328616459185e-02 -1.072733116805622278e-01 -1.315364915399800660e-01 -1.591791354689104376e-01 -1.910623239990425215e-01 -2.282834450838535090e-01 -2.722893628668011656e-01 -3.250521106777046199e-01 -3.893042213771434334e-01 -4.686097515108553768e-01 -5.661931939041221495e-01 -6.798046940495798829e-01 -7.900403310200759810e-01 -8.473136556718444679e-01 -7.753106267402151142e-01 -5.028017129551349829e-01
-1.492593604540323228e-02 -3.020210063519256083e-02 -4.618899876964739637e-02 -6.326837979164630366e-02 -8.185553540103691905e-02 -1.024140595585681934e-01 -1.254742123944616872e-01 -1.516569259767599764e-01 -1.817060663013730371e-01 -2.165329444571753859e-01 -2.572779922943404518e-01 -3.053918084327455484e-01 -3.627046366293296131e-01 -4.312755846907813662e-01 -5.122082657972105713e-01 -6.015573239783995607e-01 -6.818121291272777329e-01 -7.131919165051779919e-01 -6.377642243274390665e-01 -4.047120019157843807e-01
-1.388888955892808412e-02 -2.809922202497927915e-02 -4.296064578768723358e-02 -5.881950584112649594e-02 -7.604785397104255051e-02 -9.505321953582882011e-02 -1.162894260189789863e-01 -1.402683622775846017e-01 -1.675721432830276358e-01 -1.988637887002732141e-01 -2.348909730425926268e-01 -2.764672250987131319e-01 -3.243814492915203518e-01 -3.790657793698091194e-01 -4.395163255140839831e-01 -5.004722949142084154e-01 -5.473482914680140032e-01 -5.519485908653700701e-01 -4.768146759879853813e-01 -2.927957245316407109e-01
-1.253042046105838983e-02 -2.534527299785262547e-02 -3.873488670206344520e-02 -5.300119974405381046e-02 -6.846318777893446728e-02 -8.546157116279948229e-02 -1.043619714606598831e-01 -1.255550340572520185e-01 -1.494504181020310796e-01 -1.764589265069067270e-01 -2.069515146570377051e-01 -2.411725696368487160e-01 -2.790589921991450950e-01 -3.198520481691691231e-01 -3.612521748074520866e-01 -3.977449906488710885e-01 -4.181779578307371348e-01 -4.044968925727516207e-01 -3.356176663891237144e-01 -1.983283982670659418e-01
-1.088749779569041058e-02 -2.201656728500626589e-02 -3.363245107222385261e-02 -4.598725300554014350e-02 -5.934218436686804210e-02 -7.396796427013149766e-02 -9.014192161319831142e-02 -1.081394539955662371e-01 -1.282156363380724529e-01 -1.505699300844169919e-01 -1.752823487311810924e-01 -2.022005840463373672e-01 -2.307443919336702454e-01 -2.595693339932555466e-01 -2.860042497830216357e-01 -3.052093889757352407e-01 -3.093184460039719585e-01 -2.876309341293556421e-01 -2.295629028729506416e-01 -1.308130080932654871e-01
-9.002993593701383995e-03 -1.820105712465110506e-02 -2.779112138622051240e-02 -3.797321773360583935e-02 -4.895038719460979848e-02 -6.092622472004515649e-02 -7.409834767169114211e-02 -8.864530502453725480e-02 -1.047027852322890140e-01 -1.223228606014675895e-01 -1.414070349889376688e-01 -1.615996658314033385e-01 -1.821245054002945674e-01 -2.015460135014256471e-01 -2.174511060998111089e-01 -2.261096132726620467e-01 -2.223501359258299725e-01 -2.001818306221817834e-01 -1.547774221736065992e-01 -8.571632956348540500e-02
-6.923399870360715143e-03 -1.399353894379316496e-02 -2.135777860171965761e-02 -2.916414817005594240e-02 -3.755998434255097829e-02 -4.668824086757578096e-02 -5.667997236977019571e-02 -6.764068088803470991e-02 -7.962739951876737776e-02 -9.261174411175915333e-02 -1.064232230837344889e-01 -1.206658389542363818e-01 -1.346027797454450725e-01 -1.470111124305882588e-01 -1.560298386493861877e-01 -1.590717741754165415e-01 -1.529530576248112617e-01 -1.344752990782018820e-01 -1.016298632151736991e-01 -5.520637633786410620e-02
-4.697062502062478509e-03 -9.491913195439447004e-03 -1.448233271799426181e-02 -1.976566371880976100e-02 -2.543719961300071331e-02 -3.158681286480273520e-02 -3.829261892677031376e-02 -4.561007689026010808e-02 -5.355442160863368301e-02 -6.207354653207745876e-02 -7.100831176177803405e-02 -8.003762378702265756e-02 -8.860884054596915305e-02 -9.586130351763293145e-02 -1.005667422847299347e-01 -1.011367233037902269e-01 -9.577886725833729964e-02 -8.289363199584563746e-02 -6.173213469092306976e-02 -3.314301513265367760e-02
-2.372945265973023122e-03 -4.794718742623073175e-03 -7.314008326316259918e-03 -9.978998422031955598e-03 -1.283634577643028539e-02 -1.592918909872645394e-02 -1.929360517964531785e-02 -2.295259773920568097e-02 -2.690669459069909911e-02 -3.111977558297645066e-02 -3.549889307157969714e-02 -3.986751696947913454e-02 -4.393357429729240204e-02 -4.725793238990006612e-02 -4.923681690529964350e-02 -4.912237188090037843e-02 -4.611528141133936637e-02 -3.955832482999117883e-02 -2.922159012159357416e-02 -1.559211797893249492e-02
