-4.140843525395348709e-03 -8.123638377520357723e-03 -1.180030400715321136e-02 -1.504194066143178452e-02 -1.774648355735566896e-02 -1.984407361457913091e-02 -2.129943995396346712e-02 -2.211111422289868678e-02 -2.230758448860662574e-02 -2.194113897527815230e-02 -2.108034442796342944e-02 -1.980232390471224971e-02 -1.818570822326735434e-02 -1.630498165995551349e-02 -1.422650262265218353e-02 -1.200621278588622810e-02 -9.688867520894402577e-03 -7.308479307718914256e-03 -4.889645446690484704e-03 -2.449497727489517978e-03
-8.439738100641518137e-03 -1.655340076793826096e-02 -2.403562746684541340e-02 -3.062094939126905335e-02 -3.609990258266798646e-02 -4.033035720117403300e-02 -4.324257230051685441e-02 -4.483742889654934727e-02 -4.517807853208372082e-02 -4.437660122692596576e-02 -4.257789146904868843e-02 -3.994321485728311028e-02 -3.663551393455884153e-02 -3.280771614595199420e-02 -2.859482513125162842e-02 -2.410949280900140726e-02 -1.944078153121954824e-02 -1.465540052969549825e-02 -9.800602296690932511e-03 -4.908332647740288983e-03
-1.306470346413806174e-02 -2.561461386833753517e-02 -3.716785114201012069e-02 -4.730630229682915300e-02 -5.570180416912052374e-02 -6.213484629331773867e-02 -6.650303449704574044e-02 -6.881792750264317804e-02 -6.919066727425228491e-02 -6.780924881680654159e-02 -6.491134917355567691e-02 -6.075710758934804723e-02 -5.560538737616151778e-02 -4.969556091162191658e-02 -4.323560482196935062e-02 -3.639613626784899553e-02 -2.930935702622882583e-02 -2.207170744530139589e-02 -1.474900840800423552e-02 -7.383221591476120393e-03
-1.820446951496023855e-02 -3.567248409141590693e-02 -5.171484701759539865e-02 -6.573457931438815571e-02 -7.726613478465710338e-02 -8.600416081503156618e-02 -9.181679639065475074e-02 -9.474057391645346327e-02 -9.495740875477713672e-02 -9.275835717917740864e-02 -8.850109668175028255e-02 -8.256842696414666560e-02 -7.533333527068396263e-02 -6.713350555429534183e-02 -5.825587860563322812e-02 -4.893007398533961300e-02 -3.932878498913488369e-02 -2.957303956171555490e-02 -1.974050948067169672e-02 -9.875539825557264062e-03
-2.408069522893922787e-02 -4.715601460384254151e-02 -6.828447021288522323e-02 -8.665100602448684575e-02 -1.016239635898822657e-01 -1.127988215022598800e-01 -1.200193782852346236e-01 -1.233701237690366520e-01 -1.231399950335444748e-01 -1.197656283248293707e-01 -1.137662030325292117e-01 -1.056821292799356993e-01 -9.602598104979714888e-02 -8.524921669005049163e-02 -7.372428667856445461e-02 -6.173944661929280792e-02 -4.950262563501657553e-02 -3.715112571605130865e-02 -2.476443139830778253e-02 -1.237843030651013948e-02
-3.096229065121083868e-02 -6.058638154285823918e-02 -8.761599165120838306e-02 -1.109609817483742378e-01 -1.297798587823101313e-01 -1.435477289804699963e-01 -1.520917493502942641e-01 -1.555805014147783882e-01 -1.544667906091169440e-01 -1.493979297204726386e-01 -1.411159147680539350e-01 -1.303678616362642650e-01 -1.178392074646775201e-01 -1.041130410652211791e-01 -8.965255516776880762e-02 -7.480073542763941707e-02 -5.979110326325837860e-02 -4.476438961106755238e-02 -2.978767487282823340e-02 -1.487376439890820273e-02
-3.918206725736291668e-02 -7.661120406004247319e-02 -1.106321077795789087e-01 -1.397970327030299276e-01 -1.629867113519024857e-01 -1.795204265405354327e-01 -1.892192971299286874e-01 -1.923932800185495229e-01 -1.897486590106184090e-01 -1.822433216552890867e-01 -1.709316010579423895e-01 -1.568341371959099950e-01 -1.408498924483142234e-01 -1.237111356587456690e-01 -1.059720993838337982e-01 -8.801978536051496826e-02 -7.009660599416152327e-02 -5.232764280144466124e-02 -3.474811932540201875e-02 -1.732896288090535197e-02
-4.915475091069030494e-02 -9.604422546312318953e-02 -1.385041625904006035e-01 -1.746082662197446234e-01 -2.028494648664050937e-01 -2.223278753246384076e-01 -2.328716386792886173e-01 -2.350245694689643283e-01 -2.298911717171245872e-01 -2.188950042068440738e-01 -2.035329800368990971e-01 -1.851871290059989295e-01 -1.650150462783113725e-01 -1.439094649878173149e-01 -1.225048828356177233e-01 -1.012096505158562171e-01 -8.024785474185172629e-02 -5.970143690397507891e-02 -3.954817877679226573e-02 -1.969397887946488374e-02
-6.139265648275249454e-02 -1.199066415458794610e-01 -1.727317789814648008e-01 -2.172819368351533165e-01 -2.514743626945970534e-01 -2.740692962860661885e-01 -2.849142502485949580e-01 -2.849418166318427592e-01 -2.758962424539009861e-01 -2.599124184727558684e-01 -2.391180769086447555e-01 -2.153662653556273343e-01 -1.901136226883269331e-01 -1.644067393337775296e-01 -1.389282599758652204e-01 -1.140660483315150131e-01 -8.998367349423601336e-02 -6.668204150278318754e-02 -4.404916551286790216e-02 -2.189876338720349314e-02
-7.650880194562897918e-02 -1.494565732213338494e-01 -2.152312494434029388e-01 -2.703076775403372434e-01 -3.116889881808954654e-01 -3.375525993275312886e-01 -3.477678332301381015e-01 -3.439283479477694971e-01 -3.288377854948938417e-01 -3.057396818351117984e-01 -2.776604267649095403e-01 -2.470461042092639559e-01 -2.156663638433363728e-01 -1.846755603219648323e-01 -1.547353265464911365e-01 -1.261425627817003570e-01 -9.893870940913428169e-02 -7.299383827807573444e-02 -4.806763037344253392e-02 -2.385189189013302985e-02
-9.518194611514868564e-02 -1.861668944806729176e-01 -2.683986682449806538e-01 -3.369737224581035306e-01 -3.873460454178430656e-01 -4.166059681564264205e-01 -4.246143588620951426e-01 -4.141289779702140295e-01 -3.897700848134400542e-01 -3.565422956707603452e-01 -3.187362558642574117e-01 -2.794909840648742705e-01 -2.408300300168388641e-01 -2.038937315673286510e-01 -1.691948596182522302e-01 -1.368301344931066865e-01 -1.066347085750613405e-01 -7.828693234826257508e-02 -5.137558942914489252e-02 -2.544114260252933885e-02
-1.180224607473902287e-01 -2.315370538403029033e-01 -3.349998796913578047e-01 -4.214388138935782346e-01 -4.835614185022260036e-01 -5.163342662943427586e-01 -5.194998448669170266e-01 -4.979311354189965289e-01 -4.594479846883625096e-01 -4.118807452143848913e-01 -3.612402360923745448e-01 -3.113492911250227979e-01 -2.642686281512996449e-01 -2.208743661395555224e-01 -1.813201854915705569e-01 -1.453483561802532686e-01 -1.124830280335786387e-01 -8.214354592834484381e-02 -5.370662240110881530e-02 -2.653706634152594099e-02
-1.452054408982220990e-01 -2.864377950953027607e-01 -4.173800312076161867e-01 -5.279659136813764642e-01 -6.060321262387737828e-01 -6.424499361888039717e-01 -6.365797880716458357e-01 -5.971290543887034508e-01 -5.375215705013711709e-01 -4.700559096201377129e-01 -4.029329713900383081e-01 -3.403850923367128800e-01 -2.840189174286890661e-01 -2.340146374255997197e-01 -1.898630812622188746e-01 -1.507600371222317659e-01 -1.158054666597234522e-01 -8.409757993743802174e-02 -5.477026738742146045e-02 -2.700048702935926165e-02
-1.756612984566236213e-01 -3.494222075971400443e-01 -5.148458816112406744e-01 -6.574686489614974816e-01 -7.570505224316692594e-01 -7.972216425084863722e-01 -7.764876838101659740e-01 -7.100542820373241248e-01 -6.205390677011185518e-01 -5.268869695002293962e-01 -4.397897822942162804e-01 -3.631876280487761344e-01 -2.973995357465761824e-01 -2.413012362438574643e-01 -1.933573291349232337e-01 -1.520231854271892336e-01 -1.158812014117536482e-01 -8.367101514626078262e-02 -5.427636587119016170e-02 -2.669460320421628702e-02
-2.057703486265347603e-01 -4.136625271209167787e-01 -6.181971693076454555e-01 -7.993819633655520063e-01 -9.254346117309399933e-01 -9.691486322955504829e-01 -9.275859128054245728e-01 -8.254270565726288256e-01 -6.983406242829029997e-01 -5.739494833815538266e-01 -4.653144853335535180e-01 -3.750107884970090288e-01 -3.010655603055388263e-01 -2.404305797680668932e-01 -1.902415063424220676e-01 -1.480941111662560927e-01 -1.120251115996568902e-01 -8.042889272331527062e-02 -5.196955991653552653e-02 -2.550155338420861256e-02
-2.282904706610672241e-01 -4.640325043270446814e-01 -7.037453123002058719e-01 -9.219081641109050373e-01 -1.073867514082983865e+00 -1.119915222336972827e+00 -1.055324466967507702e+00 -9.155271890459842909e-01 -7.506928933327150499e-01 -5.974376224935514790e-01 -4.704714855845764654e-01 -3.700733627192165365e-01 -2.913611210650569050e-01 -2.291071213277297292e-01 -1.790833748784078916e-01 -1.380865536961686790e-01 -1.036962001307195069e-01 -7.404985451637582927e-02 -4.767140598088499825e-02 -2.334203501828834015e-02
-2.332764408979143556e-01 -4.786596371013296936e-01 -7.349479499253225301e-01 -9.732074550926981260e-01 -1.139566444978266535e+00 -1.185026084742734520e+00 -1.103435995056364582e+00 -9.380838322293485465e-01 -7.495026846920160857e-01 -5.802181046734455894e-01 -4.453049616414739287e-01 -3.427085343679947549e-01 -2.650874197169773572e-01 -2.055407878762647300e-01 -1.588971844769152264e-01 -1.214724124837630315e-01 -9.062324451303845063e-02 -6.440289109190208694e-02 -4.132415010739433348e-02 -2.019516909032163798e-02
-2.120600968540401476e-01 -4.379638966672691480e-01 -6.780766238666670054e-01 -9.042778136323327276e-01 -1.062435771718330813e+00 -1.102764902099497624e+00 -1.018850362841254187e+00 -8.544407310114071619e-01 -6.703505096969041288e-01 -5.084699073400530400e-01 -3.825714887199009318e-01 -2.893317390580954496e-01 -2.205840683744710318e-01 -1.690537730533581140e-01 -1.294906138954930452e-01 -9.828253815476030442e-02 -7.292143909026065074e-02 -5.161429656719374731e-02 -3.302712484369852569e-02 -1.611447239760003050e-02
-1.620621124139106362e-01 -3.359870687912251408e-01 -5.226732613385054460e-01 -6.997801228886222358e-01 -8.236442709557033615e-01 -8.539259026351958548e-01 -7.853647506945693468e-01 -6.533147403751735638e-01 -5.068174208428575245e-01 -3.793776869706771415e-01 -2.816153757252118917e-01 -2.103642747858732176e-01 -1.586988910505724992e-01 -1.205809466017355586e-01 -9.172732716226748850e-02 -6.924555468170211225e-02 -5.116565741323907818e-02 -3.610571976044177345e-02 -2.305556194319820923e-02 -1.123559770287890086e-02
-8.820091849333948353e-02 -1.834336095424416724e-01 -2.865177103417380078e-01 -3.849540784961349993e-01 -4.539072985439537855e-01 -4.702982717319202921e-01 -4.310834998563953246e-01 -3.564457821056162268e-01 -2.742814502283589251e-01 -2.034470146344345143e-01 -1.496782341915331160e-01 -1.109285329268626941e-01 -8.313416455312494513e-02 -6.282878146961282106e-02 -4.759087613986098114e-02 -3.580659932825869946e-02 -2.638990475040015049e-02 -1.858736029255337457e-02 -1.185382071737205861e-02 -5.772353879368768807e-03
