-1.155862217358831663e-02 -2.304789105367668553e-02 -3.437731131149706493e-02 -4.541551625954656085e-02 -5.597404667170309545e-02 -6.579777398230349239e-02 -7.456620182446735412e-02 -8.191010747087305865e-02 -8.744609114923899973e-02 -9.082683478231159957e-02 -9.179771210217098354e-02 -9.024415372352585785e-02 -8.621387907719668675e-02 -7.990582795436779184e-02 -7.163024509064915002e-02 -6.175454407986309679e-02 -5.065143378137842989e-02 -3.866122655373142175e-02 -2.607274041512632271e-02 -1.312132529647499872e-02
-2.318659280296270220e-02 -4.625563301665314847e-02 -6.904584141155213628e-02 -9.131071193579257117e-02 -1.126829033003575731e-01 -1.326508486015654520e-01 -1.505569258732609439e-01 -1.656281267463263762e-01 -1.770474113054666954e-01 -1.840635470416648323e-01 -1.861198700254972360e-01 -1.829650343513682942e-01 -1.747055466395205370e-01 -1.617791770466521784e-01 -1.448606185563603710e-01 -1.247365030504943850e-01 -1.021899622464571555e-01 -7.792074700474876936e-02 -5.250839721818380962e-02 -2.641255622939379932e-02
-3.493211140059807734e-02 -6.974219912157673951e-02 -1.042397156930364582e-01 -1.380986018566948692e-01 -1.707960255202952693e-01 -2.015658072151108593e-01 -2.293825224811924801e-01 -2.529980612329980616e-01 -2.710518639686614328e-01 -2.822600459686004370e-01 -2.856531769401206011e-01 -2.807905258269295934e-01 -2.678640862121112187e-01 -2.476447010787302672e-01 -2.212965418250800731e-01 -1.901409095830259299e-01 -1.554511691076425062e-01 -1.183234293259006059e-01 -7.962754762998403013e-02 -4.002050848290845259e-02
-4.679965200909402129e-02 -9.354134921803107516e-02 -1.400722292798387003e-01 -1.860479879377386625e-01 -2.308368169782132051e-01 -2.734338359060370927e-01 -3.124092331898398189e-01 -3.459295415833762988e-01 -3.719015353779745459e-01 -3.882709690723832874e-01 -3.934415021325771145e-01 -3.866791171804305205e-01 -3.683150995613091450e-01 -3.396387435402185018e-01 -3.025398533589974126e-01 -2.590794241513202367e-01 -2.111503789186873203e-01 -1.602942819541243180e-01 -1.076578450766640105e-01 -5.404193751252232836e-02
-5.872514659206512500e-02 -1.175513252714313062e-01 -1.764598815086799999e-01 -2.351843299216045124e-01 -2.930694160827085892e-01 -3.489232766770469785e-01 -4.008901504605884014e-01 -4.464068183032590675e-01 -4.823484828912263378e-01 -5.054724051039322097e-01 -5.131527003563776113e-01 -5.041601795848773548e-01 -4.790721441827464622e-01 -4.400520222246310786e-01 -3.901434160340647161e-01 -3.324861926352475350e-01 -2.697766019204579924e-01 -2.040454928384555500e-01 -1.366676187364397610e-01 -6.848941101960899502e-02
-7.054960988580795400e-02 -1.414789382397391160e-01 -2.130316571445757534e-01 -2.851600008602475089e-01 -3.573327712941072876e-01 -4.282973498073252006e-01 -4.958125336638864455e-01 -5.564349461199700198e-01 -6.055627195950871178e-01 -6.380375836986864613e-01 -6.494408802635264211e-01 -6.376496091016931045e-01 -6.037012038862951124e-01 -5.513224200499148298e-01 -4.854831884205613735e-01 -4.109416432164424982e-01 -3.314235257026982295e-01 -2.494433499476269855e-01 -1.664777260249958590e-01 -8.324807876755259406e-02
-8.199435856433225089e-02 -1.647831749291380210e-01 -2.490277524072263271e-01 -3.350907136118826402e-01 -4.228007410975650471e-01 -5.111034992783292097e-01 -5.975646688551043972e-01 -6.777840190744238713e-01 -7.450672253158886482e-01 -7.911003872440064422e-01 -8.082351050285496719e-01 -7.926700475085445285e-01 -7.463290271334791504e-01 -6.758277523071032356e-01 -5.894359792831043166e-01 -4.943468660420873850e-01 -3.955264519224497288e-01 -2.958256148989258372e-01 -1.965517296985908047e-01 -9.802516480599501869e-02
-9.264466194192463866e-02 -1.866316256127331374e-01 -2.832051026562739660e-01 -3.833712668501458865e-01 -4.876562902922966791e-01 -5.956567902788519886e-01 -7.052153129972322798e-01 -8.111236759721212053e-01 -9.038477035573353469e-01 -9.699375608995538522e-01 -9.959813441161978753e-01 -9.750583247308255430e-01 -9.107677095146406998e-01 -8.149959006680640439e-01 -7.015998212650629284e-01 -5.813374010129652714e-01 -4.604765935980954517e-01 -3.417752004141916267e-01 -2.258776936055539863e-01 -1.123007661572219124e-01
-1.019526766520969657e-01 -2.058934542075731011e-01 -3.137882483730286554e-01 -4.275201119334303135e-01 -5.487150261357359726e-01 -6.782621438476114095e-01 -8.150994911300386558e-01 -9.537461925244026251e-01 -1.081117387617597458e+00 -1.175931075233384915e+00 -1.215231411029748854e+00 -1.186752441391077051e+00 -1.096994093080313482e+00 -9.667228743387795697e-01 -8.186234698802780096e-01 -6.683238063405745333e-01 -5.231302007457153680e-01 -3.848972336935176375e-01 -2.528799961598396928e-01 -1.252999080085085426e-01
-1.092725783529744921e-01 -2.212008770258192814e-01 -3.385295308484145838e-01 -4.641656789623753165e-01 -6.011671012703792005e-01 -7.523576957429986001e-01 -9.187434864741977902e-01 -1.095441742822491626e+00 -1.265470064368432901e+00 -1.397123656759597043e+00 -1.453898271885444071e+00 -1.415745982012597493e+00 -1.293415561921084977e+00 -1.120435072075582239e+00 -9.315715527775662030e-01 -7.483196356502632707e-01 -5.783942194512811108e-01 -4.217295554009491410e-01 -2.754355055734822311e-01 -1.360179361425683520e-01
-1.139367397967475520e-01 -2.311069555743694992e-01 -3.549519349680739233e-01 -4.893505607915200062e-01 -6.388266849435412231e-01 -8.083664847046021507e-01 -1.001569912505393178e+00 -1.214876377667075236e+00 -1.427800111953072326e+00 -1.597614390484964231e+00 -1.672829853388792198e+00 -1.624645936108891853e+00 -1.468606915159546888e+00 -1.252468282930177645e+00 -1.024028668779700668e+00 -8.105209261237634744e-01 -6.193804519328375280e-01 -4.480158016997374815e-01 -2.910916254770192224e-01 -1.433340870495933561e-01
-1.153673376256176414e-01 -2.343364717633647787e-01 -3.608001734599977084e-01 -4.992864562490822999e-01 -6.553382385837680513e-01 -8.355147396542150773e-01 -1.045412951635710241e+00 -1.282697746293215424e+00 -1.524690501541191123e+00 -1.720921389133121204e+00 -1.809084285954213112e+00 -1.753998785960553253e+00 -1.574711215903219053e+00 -1.329294137941482434e+00 -1.074811939386844495e+00 -8.423247498247679044e-01 -6.387629565603749615e-01 -4.595462164568058783e-01 -2.975398909539253567e-01 -1.462227417932715767e-01
-1.131960019752981522e-01 -2.300689067700804613e-01 -3.545978500068837080e-01 -4.914232076617289779e-01 -6.462477321289231691e-01 -8.258609795827606126e-01 -1.036146779120511896e+00 -1.274971685018813528e+00 -1.519455307038685365e+00 -1.718259633726286761e+00 -1.807828235177035392e+00 -1.752236717703758329e+00 -1.570940969795298958e+00 -1.323211665844526985e+00 -1.067166871805715012e+00 -8.342628044489016625e-01 -6.313100709313629322e-01 -4.534365319559853780e-01 -2.932428220170743005e-01 -1.440114547293172287e-01
-1.073475977878921850e-01 -2.181426996493819881e-01 -3.360702013806723398e-01 -4.653194661663758724e-01 -6.108427573770891517e-01 -7.782223961608233376e-01 -9.717760256739136349e-01 -1.188426344011262570e+00 -1.407166310258832098e+00 -1.583128500486489898e+00 -1.661774184413474131e+00 -1.612496277194795935e+00 -1.451833327933234941e+00 -1.230457685581800353e+00 -9.987539789587470684e-01 -7.849506904179719413e-01 -5.962060425476940484e-01 -4.292032344943653710e-01 -2.779253812912684252e-01 -1.365745184122027778e-01
-9.805155891475900165e-02 -1.990820426914101382e-01 -3.061981443094564659e-01 -4.227527776730738429e-01 -5.523869574490443135e-01 -6.986851464891312702e-01 -8.635108911902529272e-01 -1.042514956975850282e+00 -1.218082500806657809e+00 -1.356086312232572810e+00 -1.416639568306376384e+00 -1.377707447857061895e+00 -1.251132445903264001e+00 -1.073667775464119734e+00 -8.829829551066084026e-01 -7.017342425069031941e-01 -5.373466534871625955e-01 -3.888975529291807121e-01 -2.526355305098335058e-01 -1.243567475057730243e-01
-8.577650560686155001e-02 -1.739345563314726173e-01 -2.668741256594464595e-01 -3.669944464223197089e-01 -4.765583018085698397e-01 -5.972229781051446862e-01 -7.287247299476059537e-01 -8.660485740762344786e-01 -9.956002388119031821e-01 -1.094194685430377012e+00 -1.136271239176450898e+00 -1.108050448039478608e+00 -1.016867600641859992e+00 -8.859656020684235633e-01 -7.402936958284080937e-01 -5.964070864429317220e-01 -4.613538238622034715e-01 -3.361986022774943739e-01 -2.193354958044632652e-01 -1.082142596802126433e-01
-7.111988770145143135e-02 -1.440050110486237600e-01 -2.203633354509395847e-01 -3.017421681935303357e-01 -3.893099666684627924e-01 -4.833953656846322056e-01 -5.825638307470089039e-01 -6.820624513703315017e-01 -7.721510846403727424e-01 -8.382999833950549595e-01 -8.655934885465602635e-01 -8.462408186495644635e-01 -7.843283326042493897e-01 -6.931792664815825677e-01 -5.879543954547209461e-01 -4.798849530215659187e-01 -3.749254046083094205e-01 -2.751147977689912261e-01 -1.802814741808501375e-01 -8.916359190575072480e-02
-5.469803672130337663e-02 -1.106021063518141806e-01 -1.688300004169092094e-01 -2.302837525802097773e-01 -2.954353072077954279e-01 -3.639634980649023577e-01 -4.341791979025709236e-01 -5.022713637249959229e-01 -5.617547023165060383e-01 -6.040316867295609793e-01 -6.208933847176117959e-01 -6.081954324503814346e-01 -5.680688170668680703e-01 -5.076979725123184073e-01 -4.357775818118173605e-01 -3.594475668825605208e-01 -2.831647412879794157e-01 -2.090221048414374616e-01 -1.375078864944764556e-01 -6.815822910837381066e-02
-3.707015189864938665e-02 -7.487534499626515017e-02 -1.140703030830440279e-01 -1.551231027569799359e-01 -1.981559188010074135e-01 -2.427093899297025070e-01 -2.874285940943855922e-01 -3.297409770018523978e-01 -3.657502460536676825e-01 -3.907247523805708056e-01 -4.004098397111949259e-01 -3.927197877678977322e-01 -3.687040187722321893e-01 -3.320158925148125606e-01 -2.873170415082135221e-01 -2.387548131834200116e-01 -1.892165229847056485e-01 -1.402928350407889047e-01 -9.256867082476884223e-02 -4.596133606162322582e-02
-1.870723966015322773e-02 -3.775881414187049617e-02 -5.745267801035894989e-02 -7.798156865140812299e-02 -9.935035967947239421e-02 -1.212631394191441836e-01 -1.429888792002058928e-01 -1.632495344881163546e-01 -1.802290380253420699e-01 -1.918344548955228657e-01 -1.962543776722741606e-01 -1.926176963443255452e-01 -1.813551830104629947e-01 -1.640015114870442270e-01 -1.425840154742000210e-01 -1.189973280340849981e-01 -9.464442528440754343e-02 -7.036247339510297294e-02 -4.651240297194576823e-02 -2.311843580801747899e-02
