-2.666062456790584817e-03 -5.313188862423403463e-03 -7.919814427116624034e-03 -1.045927224361317513e-02 -1.289771313824917762e-02 -1.519267153777185096e-02 -1.729249361189737211e-02 -1.913690680344874370e-02 -2.065899501054374934e-02 -2.178854001472897706e-02 -2.245679443271186501e-02 -2.260227724703651672e-02 -2.217695336638400919e-02 -2.115204198125772428e-02 -1.952258830640443699e-02 -1.731014606240325465e-02 -1.456320803087458524e-02 -1.135547003006656154e-02 -7.782277619165688977e-03 -3.955882546333063833e-03
-5.351052727129555590e-03 -1.066688000011046383e-02 -1.590680652492305197e-02 -2.101955488929198659e-02 -2.593889640530152793e-02 -3.058046325259385079e-02 -3.484036513402391511e-02 -3.859614466806814137e-02 -4.171053757701163184e-02 -4.403835546007545121e-02 -4.543634427817465349e-02 -4.577534286232032290e-02 -4.495347495818757116e-02 -4.290860867018173042e-02 -3.962814998970933672e-02 -3.515476904723990881e-02 -2.958721716273202129e-02 -2.307639241002159419e-02 -1.581776759448624836e-02 -8.041258249038896189e-03
-8.071249865604257501e-03 -1.609645892522431482e-02 -2.402095583574356472e-02 -3.177324310305575106e-02 -3.925784596896046003e-02 -4.634989618585163423e-02 -5.289233956991774149e-02 -5.869674415259486938e-02 -6.354864072042901157e-02 -6.721799674244988143e-02 -6.947486105819968005e-02 -7.010923967115703648e-02 -6.895297262990944531e-02 -6.590073328028804578e-02 -6.092660823168644102e-02 -5.409356056367298909e-02 -4.555446420965669763e-02 -3.554511345696256125e-02 -2.437114098640643170e-02 -1.239138231789465965e-02
-1.083747565079503337e-02 -2.162674586736857557e-02 -3.230731194813327850e-02 -4.279460221572672918e-02 -5.296932813413601782e-02 -6.266889538294231898e-02 -7.168229954539835636e-02 -7.974981790087273814e-02 -8.656926325248925913e-02 -9.181009349557966992e-02 -9.513584296145173591e-02 -9.623372967087999441e-02 -9.484839766995450949e-02 -9.081472483193461787e-02 -8.408396851174829156e-02 -7.473837004126071548e-02 -6.299194607948761793e-02 -4.917844735578900950e-02 -3.373029715137955409e-02 -1.715314643799593572e-02
-1.365189197509861230e-02 -2.726570536947132972e-02 -4.078693282553160632e-02 -5.412853696851054053e-02 -6.715592429870503866e-02 -7.967401111865182739e-02 -9.141810182391497952e-02 -1.020509332526336327e-01 -1.111684691265911740e-01 -1.183172462993980351e-01 -1.230246249442921852e-01 -1.248413885305742765e-01 -1.233921360809004941e-01 -1.184257846717688412e-01 -1.098561481390592925e-01 -9.778397960360055152e-02 -8.249645993791855647e-02 -6.444640321349738576e-02 -4.421844707446040412e-02 -2.249089803800187123e-02
-1.650434535807065312e-02 -3.299722507485193523e-02 -4.944615401335671762e-02 -6.577667419878230337e-02 -8.185180597493521559e-02 -9.745306014294412289e-02 -1.122651065429099704e-01 -1.258672809673244686e-01 -1.377364012669033966e-01 -1.472657302930624190e-01 -1.538039703349249332e-01 -1.567149998050885173e-01 -1.554529350774676855e-01 -1.496401060332982480e-01 -1.391308377230432436e-01 -1.240449031087088871e-01 -1.047634683280030399e-01 -8.189223125876250731e-02 -5.620616389504476396e-02 -2.859200547207044543e-02
-1.936824952446323037e-02 -3.877266175858774117e-02 -5.822376725119030733e-02 -7.768018906733603623e-02 -9.702152584165404936e-02 -1.160212756924272476e-01 -1.343219184472582151e-01 -1.514166272712519079e-01 -1.666440907052502418e-01 -1.792052514003144581e-01 -1.882104472212041690e-01 -1.927616395293592910e-01 -1.920644278867261745e-01 -1.855508369227569232e-01 -1.729821531428119841e-01 -1.545012885621582510e-01 -1.306202189440344996e-01 -1.021528576679608946e-01 -7.012196029338350900e-02 -3.567096848887327254e-02
-2.219594802541595760e-02 -4.450135642945495656e-02 -6.699603782627258641e-02 -8.969875463060612841e-02 -1.125327962228016981e-01 -1.352885197057594191e-01 -1.575845964124940879e-01 -1.788331545130963651e-01 -1.982180382852725131e-01 -2.147006682029802827e-01 -2.270708424834085859e-01 -2.340565879643626557e-01 -2.344922292801626951e-01 -2.275165992912325241e-01 -2.127456019368254569e-01 -1.903578123168365444e-01 -1.610632025627784236e-01 -1.259769740714793140e-01 -8.645784250495312795e-02 -4.396990123479083828e-02
-2.491414462034928154e-02 -5.004073987657001177e-02 -7.556025853234803191e-02 -1.015859842939580426e-01 -1.281223587569928213e-01 -1.550153366922162046e-01 -1.818947198253189901e-01 -2.081132956286088354e-01 -2.326941756988051280e-01 -2.543084578148520625e-01 -2.713155275280048628e-01 -2.819014301603524619e-01 -2.843310212339745791e-01 -2.772774453788228177e-01 -2.601255699466543114e-01 -2.331209683141312050e-01 -1.972976869899504271e-01 -1.542339568550314122e-01 -1.057625150788380208e-01 -5.375080393596441686e-02
-2.741987944656629553e-02 -5.518714563522089667e-02 -8.361825710235276654e-02 -1.129625214726965171e-01 -1.433552669906322519e-01 -1.747556529324046370e-01 -2.068655665844626457e-01 -2.390310252903597166e-01 -2.701367693103891576e-01 -2.985230849990165303e-01 -3.219804568317619631e-01 -3.379007412196895488e-01 -3.436501858330205383e-01 -3.371333015005746336e-01 -3.173553296868286688e-01 -2.847008019868178530e-01 -2.407715595767954408e-01 -1.878982187666598525e-01 -1.286073306938940730e-01 -6.527076325212689822e-02
-2.957819978727353055e-02 -5.966968608606006835e-02 -9.076308903727385580e-02 -1.232905492511931211e-01 -1.575805165940406816e-01 -1.937863677353334757e-01 -2.317807469972980317e-01 -2.710082140803165562e-01 -3.102977580210565245e-01 -3.476631957187236721e-01 -3.801731538046839165e-01 -4.040518506979354219e-01 -4.152060754872239356e-01 -4.102153577087943592e-01 -3.874304281026288987e-01 -3.475341755312394976e-01 -2.931786345117005088e-01 -2.279757634170234415e-01 -1.554965544663072241e-01 -7.872463673250834626e-02
-3.122321589118834048e-02 -6.315026270825808974e-02 -9.647385218904135085e-02 -1.318560276583645163e-01 -1.698898290766857611e-01 -2.110284290997444800e-01 -2.554624972218392798e-01 -3.029215685390291846e-01 -3.523749866236366435e-01 -4.016308010100890225e-01 -4.469214341875268337e-01 -4.827720952260259879e-01 -5.026651493660396763e-01 -5.008063245606648728e-01 -4.743616570804676802e-01 -4.246537733728621977e-01 -3.563440611110707534e-01 -2.752949577721260366e-01 -1.866682182052983030e-01 -9.412891062653351570e-02
-3.216438789791812441e-02 -6.523427306680547322e-02 -1.001260091327457608e-01 -1.377698353622755778e-01 -1.790942784135000354e-01 -2.249747687013178565e-01 -2.761175249004095278e-01 -3.328302417048094042e-01 -3.946012646944788704e-01 -4.593902784817496254e-01 -5.226403114192434973e-01 -5.764861587797225351e-01 -6.103757899258970276e-01 -6.142127427781760574e-01 -5.829724042591674094e-01 -5.193012868696892381e-01 -4.316968389395873240e-01 -3.299766547706990960e-01 -2.216888672233508495e-01 -1.111085385571866924e-01
-3.220005365850728274e-02 -6.549640044953169982e-02 -1.010260319969927129e-01 -1.400029645423378211e-01 -1.837425419904588630e-01 -2.336578330894716615e-01 -2.911947660676566518e-01 -3.576321491044788803e-01 -4.335813972749322232e-01 -5.178735792027432394e-01 -6.055552279847320474e-01 -6.856219674165229261e-01 -7.410803348798616907e-01 -7.543667243262551780e-01 -7.165626984102282382e-01 -6.328294170387476214e-01 -5.185680877578128234e-01 -3.902138719936803501e-01 -2.587030972981270160e-01 -1.285494111448971521e-01
-3.113942558981483422e-02 -6.352522480945706207e-02 -9.847871086331651258e-02 -1.374733878003017162e-01 -1.822147234287397888e-01 -2.347158352904914480e-01 -2.973437661340760374e-01 -3.727495741885080149e-01 -4.634050369758469512e-01 -5.700601894644171663e-01 -6.882094820386354117e-01 -8.031932527255294385e-01 -8.887805165427520304e-01 -9.159017141175721521e-01 -8.695060516729486988e-01 -7.588642221293742107e-01 -6.102686196058166868e-01 -4.499979550504515924e-01 -2.932939640744499088e-01 -1.441472410367756196e-01
-2.883242099873344760e-02 -5.898636186225390127e-02 -9.189016247044332064e-02 -1.291970402338006585e-01 -1.729262406556628384e-01 -2.256378358383556992e-01 -2.906398381707726575e-01 -3.721507376633889641e-01 -4.750294543269066860e-01 -6.028924231150888380e-01 -7.527359413326454307e-01 -9.064339401642681482e-01 -1.026876827899319666e+00 -1.070627391037544784e+00 -1.014840807560888791e+00 -8.741279294170691827e-01 -6.885979623979662234e-01 -4.964557623547940501e-01 -3.174447318944104701e-01 -1.541000502953221163e-01
-2.520389875497693749e-02 -5.169764698859510843e-02 -8.089849357850240064e-02 -1.144982134399980672e-01 -1.546535825983922918e-01 -2.042506609963400110e-01 -2.672732133550208000e-01 -3.492278080476263202e-01 -4.571616069132006799e-01 -5.976342167051215126e-01 -7.697660952698819337e-01 -9.533085668547472968e-01 -1.102152185083828284e+00 -1.160257099019788463e+00 -1.097831370255773820e+00 -9.343442647553632519e-01 -7.222057830415808954e-01 -5.097795373250073592e-01 -3.200206186954133725e-01 -1.534852034649749897e-01
-2.028553573281591249e-02 -4.170184144422048322e-02 -6.550792104878430666e-02 -9.324351464462175831e-02 -1.269364978870829164e-01 -1.694088758425993935e-01 -2.247356288364731614e-01 -2.988399679597850689e-01 -3.997510791940539487e-01 -5.356873766682850313e-01 -7.075809417150352720e-01 -8.956408106939505176e-01 -1.051409476269914212e+00 -1.114632871466070041e+00 -1.053074455810845578e+00 -8.880561526326018473e-01 -6.763459527981970920e-01 -4.693582659281033687e-01 -2.901931336282665974e-01 -1.377646173531323071e-01
-1.423640857867449795e-02 -2.931625661195379554e-02 -4.618779081203449460e-02 -6.603117393508305122e-02 -9.043681502723704968e-02 -1.216784050534066991e-01 -1.631390801712419847e-01 -2.198956010818080564e-01 -2.990665593892071761e-01 -4.083049264440771209e-01 -5.493723241151199366e-01 -7.062725809757635087e-01 -8.379262438300034699e-01 -8.925395777143935172e-01 -8.422972587702384217e-01 -7.057248096358695877e-01 -5.318314845072427133e-01 -3.645125889622934934e-01 -2.228174282300022513e-01 -1.049592379861613439e-01
-7.343845735794355886e-03 -1.513897472080415717e-02 -2.389578697032861479e-02 -3.425636210582535396e-02 -4.709833592488486126e-02 -6.369823617668933513e-02 -8.599548484165772666e-02 -1.169746235068448853e-01 -1.609501700841805272e-01 -2.227753877338154165e-01 -3.040349211376722205e-01 -3.957403167408978795e-01 -4.735659407155139444e-01 -5.063472274621709790e-01 -4.772601785321735068e-01 -3.975696730764992637e-01 -2.968806412649350746e-01 -2.013652986504148590e-01 -1.219522283388022460e-01 -5.709355579230428190e-02
