-1.271787431059640677e-02 -2.561516623174749444e-02 -3.885069491297029470e-02 -5.253820225558563511e-02 -6.671454800314385869e-02 -8.129802623305026898e-02 -9.603744623375687350e-02 -1.104586407256408775e-01 -1.238257658919562215e-01 -1.351486557253943621e-01 -1.432747717394743658e-01 -1.470870492540445607e-01 -1.457722662319946572e-01 -1.390531694827088216e-01 -1.272611136657433306e-01 -1.112070341802482709e-01 -9.192783287967497274e-02 -7.043780680225246449e-02 -4.757394507671643125e-02 -2.395125192999372071e-02
-2.525632773677648907e-02 -5.089210562785976416e-02 -7.724940884664653618e-02 -1.045875864486234263e-01 -1.330219639691552769e-01 -1.624400872823609787e-01 -1.923930675931010137e-01 -2.219710856128548904e-01 -2.496948647459952264e-01 -2.734917821119281500e-01 -2.908589291036643987e-01 -2.992946640893487942e-01 -2.969416765396554747e-01 -2.831733087735466281e-01 -2.587804645024803230e-01 -2.256373791758292113e-01 -1.860658162400670168e-01 -1.422492663640565758e-01 -9.590668841326782657e-02 -4.823105720934948992e-02
-3.741533922823423591e-02 -7.544751522720646864e-02 -1.146672666409804392e-01 -1.555407765048163471e-01 -1.983456422098733851e-01 -2.430471961829431260e-01 -2.891230474827131691e-01 -3.353350453499013284e-01 -3.794817334620504967e-01 -4.182416419863697055e-01 -4.473303591412012836e-01 -4.622268647993245105e-01 -4.594558566403073030e-01 -4.378589857908137817e-01 -3.990127722023210088e-01 -3.464783223994458150e-01 -2.844422798490022219e-01 -2.165849667584040239e-01 -1.455720953431794418e-01 -7.306622470365450872e-02
-4.895752131483759040e-02 -9.881536922036837645e-02 -1.504313867593164711e-01 -2.045626256578859936e-01 -2.617725527137760300e-01 -3.222792144963175232e-01 -3.857122510542592142e-01 -4.507438701006753479e-01 -5.145872242440783229e-01 -5.724903917219108518e-01 -6.176638695680436442e-01 -6.423471482854620218e-01 -6.402681423637529567e-01 -6.093536133250717635e-01 -5.526547433894297701e-01 -4.766873143138950497e-01 -3.885914959485000097e-01 -2.940628892559765672e-01 -1.967277207605412082e-01 -9.846131659477594389e-02
-5.959936633409583517e-02 -1.204250769752658046e-01 -1.836803138115807865e-01 -2.505057611162521680e-01 -3.219021823358374501e-01 -3.985803410482929299e-01 -4.806765420989562165e-01 -5.672251023365406652e-01 -6.552466529705318621e-01 -7.384926688948046936e-01 -8.066176140175709275e-01 -8.465142382405609345e-01 -8.469267975936877191e-01 -8.041383093794072234e-01 -7.239875468382075407e-01 -6.182681989785502319e-01 -4.988985429832263896e-01 -3.742716272877383288e-01 -2.487987588683687745e-01 -1.240488233261515943e-01
-6.901488414242369640e-02 -1.396052485116522357e-01 -2.133590491937411293e-01 -2.918777141481603277e-01 -3.767475673073651388e-01 -4.694439750868547034e-01 -5.710753850672352083e-01 -6.817358685674582697e-01 -7.990231193321001291e-01 -9.154248721636483177e-01 -1.015771032927926809e+00 -1.078506750028043859e+00 -1.083952856035748979e+00 -1.025576315901255642e+00 -9.141150061115228542e-01 -7.702513131589280304e-01 -6.132822408005796921e-01 -4.550010499675536391e-01 -3.000789326108043165e-01 -1.489244729741126538e-01
-7.685491641985843503e-02 -1.556219955425604262e-01 -2.382728823989797295e-01 -3.268976892848291516e-01 -4.237581726282377281e-01 -5.313091772078277764e-01 -6.520770080199250751e-01 -7.880006973664825942e-01 -9.382873032476424235e-01 -1.094772173434163332e+00 -1.236404948796962833e+00 -1.329844818278963059e+00 -1.343033415827349586e+00 -1.265245833672108189e+00 -1.114598437332570580e+00 -9.247684994199323327e-01 -7.251355448849899910e-01 -5.313126339234168771e-01 -3.473702968011548875e-01 -1.715350971884772036e-01
-8.278277982122156375e-02 -1.677549108875240891e-01 -2.572126538794507478e-01 -3.536800224796712855e-01 -4.600578475077818363e-01 -5.798010381353557730e-01 -7.170144326878881147e-01 -8.759078454725149898e-01 -1.058036108831128530e+00 -1.255318683882725939e+00 -1.440765751539582196e+00 -1.567821284526992320e+00 -1.590042757145340158e+00 -1.491787697727880779e+00 -1.299873013212277328e+00 -1.063007861186211489e+00 -8.216987708873385587e-01 -5.951315034076486432e-01 -3.860089085843235734e-01 -1.897592217388262281e-01
-8.652128174311005115e-02 -1.754021986287976898e-01 -2.691425470185160318e-01 -3.705481387846393249e-01 -4.829539528241654778e-01 -6.105299092290713547e-01 -7.585730016021992039e-01 -9.331090752871307181e-01 -1.137724872884905203e+00 -1.364762953708702709e+00 -1.582953649498953563e+00 -1.735556880246652112e+00 -1.764809226330786851e+00 -1.651175241927231419e+00 -1.428375165069263319e+00 -1.156914670581468130e+00 -8.857905805487755746e-01 -6.366204768400958169e-01 -4.107542318951065696e-01 -2.013313239471740401e-01
-8.790014249311879635e-02 -1.781900613004898104e-01 -2.734068165058642919e-01 -3.764107197019750939e-01 -4.906257336860840312e-01 -6.203765184988019321e-01 -7.712301172356488266e-01 -9.496388014802683575e-01 -1.159682371646567400e+00 -1.393827575117812412e+00 -1.619804449727930695e+00 -1.778439151356633774e+00 -1.809243192525526123e+00 -1.691742525554520427e+00 -1.461324903923474139e+00 -1.181334532180082553e+00 -9.027931216059753572e-01 -6.478798149044916466e-01 -4.176096335497986867e-01 -2.045827976478187260e-01
-8.688923397283365713e-02 -1.760510818764896290e-01 -2.698835496310573734e-01 -3.710564777101439948e-01 -4.827035025227419673e-01 -6.086741909960761143e-01 -7.537437682895247182e-01 -9.231507751431412556e-01 -1.119592175078868435e+00 -1.335169381560649349e+00 -1.540307033934625869e+00 -1.682410264513177323e+00 -1.708357163062615980e+00 -1.600212795970147317e+00 -1.388863773017781522e+00 -1.129990232244000525e+00 -8.691550109791387202e-01 -6.270530263719394926e-01 -4.056670947278471773e-01 -1.991441044983209840e-01
-8.360573316248726128e-02 -1.692415105644567708e-01 -2.590195233037489997e-01 -3.552235001913628398e-01 -4.604101693046737109e-01 -5.775095313106888284e-01 -7.098113301009348897e-01 -8.603551649695916348e-01 -1.029452837758114470e+00 -1.208831674018967073e+00 -1.374198017522204607e+00 -1.485232638597775656e+00 -1.502356812628708349e+00 -1.412283581044617708e+00 -1.237667502438382083e+00 -1.020065681265917013e+00 -7.947775072478228120e-01 -5.794466380301613873e-01 -3.775951478960526408e-01 -1.861260265386734669e-01
-7.829220114348391102e-02 -1.582897181420021282e-01 -2.417293580842123646e-01 -3.304049677098081506e-01 -4.261748578805009680e-01 -5.309180084766479402e-01 -6.463346961937362911e-01 -7.732790349469547131e-01 -9.099417175007940006e-01 -1.048263676732199334e+00 -1.170006126902879195e+00 -1.247767665458280106e+00 -1.255831312516996867e+00 -1.185630688955142231e+00 -1.051484733056680332e+00 -8.804395324537411804e-01 -6.968527028659774469e-01 -5.146162914900969110e-01 -3.383587194174910717e-01 -1.676410227378656304e-01
-7.127337104975013660e-02 -1.438958141916912570e-01 -2.192031619579516422e-01 -2.984908469696817557e-01 -3.829525873042967099e-01 -4.735479223116856318e-01 -5.707208315473937255e-01 -6.738037507662999470e-01 -7.798343404779328747e-01 -8.816910266386822626e-01 -9.665325555199624219e-01 -1.017177743700209414e+00 -1.018415805850266365e+00 -9.652176326926659167e-01 -8.656995920556371793e-01 -7.358523653616119153e-01 -5.912155144274827689e-01 -4.420541356336483152e-01 -2.932162563225239604e-01 -1.460213876043588710e-01
-6.290546859483117648e-02 -1.268170126371420681e-01 -1.926966076405370598e-01 -2.614022025189247089e-01 -3.335919012971005904e-01 -4.095630230674962013e-01 -4.889806882662877663e-01 -5.704295282348149643e-01 -6.507294590472632034e-01 -7.241191418982442229e-01 -7.819027705286657470e-01 -8.137010325791610432e-01 -8.108958254873094296e-01 -7.706465340652807194e-01 -6.972903638112850633e-01 -5.998436907029515153e-01 -4.878451774241455707e-01 -3.685463929314394260e-01 -2.463008483480705613e-01 -1.232076746570484743e-01
-5.353150055380814787e-02 -1.077701712016689711e-01 -1.633640691276123103e-01 -2.208293584320924763e-01 -2.804485217499562144e-01 -3.421216214308497872e-01 -4.051512314949430316e-01 -4.679483580435196965e-01 -5.276817328471775648e-01 -5.799973895972165838e-01 -6.191284036874311614e-01 -6.388305728858898469e-01 -6.342182917617279481e-01 -6.036736369032567051e-01 -5.494871596797434865e-01 -4.767160502759424379e-01 -3.911678259963429771e-01 -2.978180895099842296e-01 -2.001981061732214517e-01 -1.005029336826736841e-01
-4.345036051615802641e-02 -8.736810683742593509e-02 -1.321601614113882550e-01 -1.781026455187959268e-01 -2.252509775306446305e-01 -2.733217188455272506e-01 -3.215424483659863886e-01 -3.684788024944204987e-01 -4.118778025135108045e-01 -4.486206697476851080e-01 -4.749407396089199151e-01 -4.870516248394093362e-01 -4.821269807478304470e-01 -4.592192623327051582e-01 -4.195580804159712018e-01 -3.660248599809903802e-01 -3.021681725389915862e-01 -2.313259286698300665e-01 -1.561634451620393660e-01 -7.860483103935890503e-02
-3.290184221312403290e-02 -6.609175750101760338e-02 -9.980584712810071368e-02 -1.341701291738159330e-01 -1.691310219977638918e-01 -2.043715501806102341e-01 -2.392162508248344144e-01 -2.725385755872678506e-01 -3.027031325285312602e-01 -3.275988211574807907e-01 -3.448320918320736395e-01 -3.521191869004316466e-01 -3.478106820557433365e-01 -3.313447559106063589e-01 -3.033912392680337966e-01 -2.656045112022538679e-01 -2.201349765809352266e-01 -1.691487708245112409e-01 -1.145238585435885553e-01 -5.775279950096874615e-02
-2.206526757996701490e-02 -4.429124429345700914e-02 -6.680135383444402164e-02 -8.964103178197441180e-02 -1.127314405214520365e-01 -1.358171877636893121e-01 -1.584122423211080100e-01 -1.797551793460711866e-01 -1.987942318612255510e-01 -2.142314687912983406e-01 -2.246544196878043353e-01 -2.287602567211786120e-01 -2.256274542644127190e-01 -2.149375147432992517e-01 -1.970447525237021269e-01 -1.728607852203060680e-01 -1.436162284487851604e-01 -1.106097235877100543e-01 -7.503031469388921071e-02 -3.788250714135554809e-02
-1.106797468981253647e-02 -2.220662664272376324e-02 -3.346729767440609349e-02 -4.486121872259975218e-02 -5.633654609989528772e-02 -6.775351901245052488e-02 -7.886034092489796476e-02 -8.927560255681893375e-02 -9.848688877639656669e-02 -1.058777343942607918e-01 -1.107925626003788827e-01 -1.126380336454561176e-01 -1.109992300543622135e-01 -1.057312929942089974e-01 -9.698830654814930008e-02 -8.517709520629224151e-02 -7.085922152928732232e-02 -5.464353677008964433e-02 -3.710519116087841740e-02 -1.874692108207053412e-02
