-5.146652557327365679e-02 -1.040063159853719249e-01 -1.577135233616291654e-01 -2.105028142909224909e-01 -2.571842565974521988e-01 -2.901741893778731485e-01 -3.027826034491274965e-01 -2.933466584009277178e-01 -2.665299327153430320e-01 -2.304795000116069692e-01 -1.926584450494001344e-01 -1.576243180645690301e-01 -1.271871876978633853e-01 -1.015122888655547589e-01 -8.004879094305442089e-02 -6.203501041214071199e-02 -4.671401272296612367e-02 -3.340633054182828854e-02 -2.152081889010225985e-02 -1.054056442746853506e-02
-1.017496625294621315e-01 -2.063681571401686232e-01 -3.147781726895593768e-01 -4.232127360754130985e-01 -5.206981442050284681e-01 -5.901975583199261521e-01 -6.161871405519526723e-01 -5.946835977346607294e-01 -5.364414212274885019e-01 -4.599649656201968417e-01 -3.815398863867936474e-01 -3.103828531990252548e-01 -2.495568308794109125e-01 -1.988045434903943920e-01 -1.566468454105321151e-01 -1.213771447240137719e-01 -9.141467368814037986e-02 -6.539047971105337032e-02 -4.213636116790735880e-02 -2.064143486620418494e-02
-1.487970055222987698e-01 -3.033486174083055986e-01 -4.665967931578877681e-01 -6.338720415764419469e-01 -7.876636551880989989e-01 -8.986303813149779662e-01 -9.390181084740086837e-01 -9.014641248461005008e-01 -8.050841276879724395e-01 -6.821855124638875889e-01 -5.598537590441623468e-01 -4.519146405240544451e-01 -3.616683841245859621e-01 -2.874734197143720138e-01 -2.263534998884187410e-01 -1.754117340121212065e-01 -1.321770304932133044e-01 -9.460453998981313561e-02 -6.099269521309796244e-02 -2.988880281819060458e-02
-1.891627143177633807e-01 -3.876161537163530513e-01 -6.011973738116568322e-01 -8.251737663270363177e-01 -1.035472987589188820e+00 -1.188968311990252769e+00 -1.243623074226005265e+00 -1.188010159185853620e+00 -1.050974974780900739e+00 -8.805630668905582992e-01 -7.154394702781461390e-01 -5.734907125792340077e-01 -4.572629512198252422e-01 -3.629945822041331649e-01 -2.858733923854445691e-01 -2.217384727812849732e-01 -1.672770929007731944e-01 -1.198579280787650109e-01 -7.734104405458705478e-02 -3.792106917945289174e-02
-2.184624034439545393e-01 -4.490643843340154651e-01 -7.001413949427395256e-01 -9.672600152686021691e-01 -1.221389207192573823e+00 -1.408331636606733328e+00 -1.474329500469581777e+00 -1.404573453893658286e+00 -1.235887023832405340e+00 -1.029077299836878012e+00 -8.318874061219607707e-01 -6.650123101766697298e-01 -5.300063232315636030e-01 -4.212294110196901920e-01 -3.323905380607435900e-01 -2.583901750271849207e-01 -1.953348200777312027e-01 -1.402090216120465416e-01 -9.059247082063527634e-02 -4.445444069173576374e-02
-2.330453432022323301e-01 -4.788717874508903738e-01 -7.463718138782036160e-01 -1.031034261815658271e+00 -1.302179452415107574e+00 -1.502118431649184238e+00 -1.573435275525665755e+00 -1.500272116189212745e+00 -1.321946204952369586e+00 -1.103262077030237043e+00 -8.948471179618789906e-01 -7.183739300281438700e-01 -5.752259852648672345e-01 -4.593241972282652297e-01 -3.640452481697157849e-01 -2.840946932614467624e-01 -2.154628251478624412e-01 -1.550508302183529474e-01 -1.003653628376229845e-01 -4.930421398401423072e-02
-2.320111141233854313e-01 -4.747180912036648159e-01 -7.350837273974987207e-01 -1.007852165275252787e+00 -1.264552569883108379e+00 -1.453240670716732241e+00 -1.522807991944186146e+00 -1.459257821330611105e+00 -1.297626787826404060e+00 -1.095967298255264399e+00 -9.003636324548652814e-01 -7.314874442360810303e-01 -5.917748134742056854e-01 -4.765738482908737361e-01 -3.803452426006455056e-01 -2.984781335848977757e-01 -2.273707711529454611e-01 -1.641660676470779179e-01 -1.065139258005759898e-01 -5.239703344601181340e-02
-2.179151420627850611e-01 -4.426554476933421967e-01 -6.777276817551469712e-01 -9.169228130697913981e-01 -1.136753785985200826e+00 -1.297175778309312522e+00 -1.359865039092799988e+00 -1.314551184732764444e+00 -1.187590860526157144e+00 -1.023212832542195638e+00 -8.578792891791754416e-01 -7.096623100905162795e-01 -5.826234732179622622e-01 -4.746656893565313062e-01 -3.822617605337042535e-01 -3.020998186177129008e-01 -2.313758688111954009e-01 -1.677287022622001855e-01 -1.091272184854574084e-01 -5.376998264228926433e-02
-1.954979124742078633e-01 -3.937789264396306388e-01 -5.949600729502085850e-01 -7.923557226854066604e-01 -9.683337793977226937e-01 -1.095734308257688250e+00 -1.149721772881767690e+00 -1.123896605788022640e+00 -1.035455861499482211e+00 -9.138489216303262719e-01 -7.848258049093630451e-01 -6.630070336566744604e-01 -5.536394940813623711e-01 -4.570863754310647287e-01 -3.719223872390760022e-01 -2.962822182636851709e-01 -2.283040613730175916e-01 -1.662455823487154205e-01 -1.084962399647625003e-01 -5.355565113375668207e-02
-1.695803803108503482e-01 -3.388950485030433057e-01 -5.057729055346097402e-01 -6.637990170321907968e-01 -8.005404473374403418e-01 -8.991045103198721522e-01 -9.449922637495981048e-01 -9.346934838611875573e-01 -8.783695807108674591e-01 -7.938938617978306134e-01 -6.981192257718666916e-01 -6.021498355864773888e-01 -5.114807404630303811e-01 -4.280616757391905725e-01 -3.520524943575615295e-01 -2.828019647898149525e-01 -2.193124905197267327e-01 -1.604532774383629068e-01 -1.050564750464649949e-01 -5.195637146922885835e-02
-1.436679424454655185e-01 -2.853188755278511235e-01 -4.217291533196505515e-01 -5.472944926890280781e-01 -6.535000378106584629e-01 -7.302225506984216796e-01 -7.694141460010728295e-01 -7.692895797164172045e-01 -7.355839328492067564e-01 -6.786941438497721135e-01 -6.092640037519331253e-01 -5.353561048419214208e-01 -4.619409827753769293e-01 -3.916066192520766265e-01 -3.254214909730865357e-01 -2.635603810194382945e-01 -2.056905851412673403e-01 -1.511985265389916011e-01 -9.931998943125945611e-02 -4.921336503028661546e-02
-1.197007134661531441e-01 -2.366723214673683295e-01 -3.475088213097826118e-01 -4.476065313187194694e-01 -5.311428760520080505e-01 -5.920046496941862024e-01 -6.257050213389361293e-01 -6.313443615951789267e-01 -6.121669102376855465e-01 -5.742322202286205268e-01 -5.242409367813561927e-01 -4.678942819142865028e-01 -4.092843184051651595e-01 -3.509966556061144827e-01 -2.944657520089642433e-01 -2.403273636211153419e-01 -1.886908809460124958e-01 -1.393302203509074466e-01 -9.181158225719991683e-02 -4.557710032789005772e-02
-9.844760288534076809e-02 -1.940959233427645980e-01 -2.838139507326884470e-01 -3.639488329044186510e-01 -4.304579880054233976e-01 -4.795142052412602052e-01 -5.085018419431029946e-01 -5.169374411284777260e-01 -5.067103556494572114e-01 -4.814504190430722863e-01 -4.454383769637357271e-01 -4.026591002368730687e-01 -3.562977725727302647e-01 -3.086286989473206455e-01 -2.611172968644980275e-01 -2.145923568626436906e-01 -1.694152894270207210e-01 -1.256198612746921572e-01 -8.301901251927143455e-02 -4.128346652505174297e-02
-7.999140582382754938e-02 -1.574395385396555325e-01 -2.296684387732403076e-01 -2.938327593445740904e-01 -3.470673138401068614e-01 -3.868653102787181775e-01 -4.116044760308787409e-01 -4.209907737904670655e-01 -4.161604695560568445e-01 -3.993610619142091145e-01 -3.733816365589219810e-01 -3.410001083512166353e-01 -3.046177345322940710e-01 -2.661028305945768446e-01 -2.267822739816806321e-01 -1.875094104178382792e-01 -1.487579627824128781e-01 -1.107149011803304356e-01 -7.336113104433135412e-02 -3.653777045793155792e-02
-6.407818804481145436e-02 -1.260011147193106917e-01 -1.835834315891847479e-01 -2.346363142595591922e-01 -2.770941235904693656e-01 -3.092479609309117805e-01 -3.300304025731307100e-01 -3.392363770895801545e-01 -3.375644969470854573e-01 -3.264444956658874020e-01 -3.077243687546665774e-01 -2.833411873208598331e-01 -2.550700328889788371e-01 -2.243825410853582669e-01 -1.923994954877306929e-01 -1.599049712460329231e-01 -1.273921954965259729e-01 -9.512060738606295529e-02 -6.317283246157935628e-02 -3.150648838625516590e-02
-5.032020356545152673e-02 -9.890316547292792027e-02 -1.440274576288124997e-01 -1.840339860862423293e-01 -2.174231248247063819e-01 -2.429994853599739824e-01 -2.600300584402904791e-01 -2.683575635648682844e-01 -2.684151940283095450e-01 -2.611273300045898749e-01 -2.477298509056392595e-01 -2.295701200934813224e-01 -2.079386011566848047e-01 -1.839577502895098637e-01 -1.585281334299245004e-01 -1.323187338528477586e-01 -1.057851843383803281e-01 -7.920248210444919001e-02 -5.270309469437781114e-02 -2.631534763641283151e-02
-3.829944526289726786e-02 -7.526385423296616528e-02 -1.095891892360568443e-01 -1.400489443755117691e-01 -1.655647543897213469e-01 -1.852965923982876073e-01 -1.987325538342852305e-01 -2.057484296623880160e-01 -2.066112396476511293e-01 -2.019196480156920659e-01 -1.924975235257624095e-01 -1.792707596604415921e-01 -1.631564504642728508e-01 -1.449816815983470675e-01 -1.254365174953279982e-01 -1.050566152220939464e-01 -8.422730195093829086e-02 -6.320102754802719991e-02 -4.212169450730209735e-02 -2.105180961472880030e-02
-2.761370291051333178e-02 -5.426358441731056470e-02 -7.901647621468801952e-02 -1.010078183304572719e-01 -1.194903188345840805e-01 -1.338895288346536316e-01 -1.438550750006045986e-01 -1.492923037010919218e-01 -1.503616288505604248e-01 -1.474424594288610002e-01 -1.410697629689048049e-01 -1.318588966845870847e-01 -1.204347048329523079e-01 -1.073759653599091757e-01 -9.317962154915540585e-02 -7.824389239572819565e-02 -6.286637324099780821e-02 -4.725260457621844462e-02 -3.153083794538424217e-02 -1.577017507390134424e-02
-1.789177483854577713e-02 -3.516031167995903317e-02 -5.120530752474806296e-02 -6.547551477358135030e-02 -7.749915529235640310e-02 -8.691608601075848095e-02 -9.350587321282728681e-02 -9.720403441223594843e-02 -9.810048406826300804e-02 -9.641877505026984208e-02 -9.248015205523955895e-02 -8.666032525653892538e-02 -7.934746392281842586e-02 -7.090781126792544686e-02 -6.166208651027710319e-02 -5.187293320315661954e-02 -4.174169674643638667e-02 -3.141215871221600398e-02 -2.097885532006482298e-02 -1.049803940601955719e-02
-8.793087447042326546e-03 -1.728057688876031422e-02 -2.516891278431435119e-02 -3.218977362845226037e-02 -3.811467386283142605e-02 -4.276976713564259458e-02 -4.604827792924469365e-02 -4.791745209477447226e-02 -4.841748379887523407e-02 -4.765199319518449717e-02 -4.577172731447269605e-02 -4.295475967677336859e-02 -3.938698557069792577e-02 -3.524569500614615353e-02 -3.068796123606784207e-02 -2.584405538299490088e-02 -2.081530291692326728e-02 -1.567546041079684316e-02 -1.047435599836653297e-02 -5.243101768599807942e-03
