-2.741609224347870896e-02 -5.423008524590942903e-02 -7.971146552132993279e-02 -1.029151358524894588e-01 -1.226878188552121135e-01 -1.378131338271024742e-01 -1.472926518238235338e-01 -1.506648195078813535e-01 -1.481923444125208544e-01 -1.407987539998862003e-01 -1.297912956908034432e-01 -1.165274138025635814e-01 -1.021689269082472901e-01 -8.757221327493504293e-02 -7.328493266430224917e-02 -5.959763850050191214e-02 -4.661034651049605210e-02 -3.429296095481327439e-02 -2.253217539794604221e-02 -1.116475602900293858e-02
-5.543422525154207553e-02 -1.097924301603279695e-01 -1.616993656016734171e-01 -2.092576141463046435e-01 -2.500151454224127656e-01 -2.812591863373636314e-01 -3.006766877745867261e-01 -3.071592896045188814e-01 -3.012951017465654857e-01 -2.852056041355816585e-01 -2.618366644882864080e-01 -2.341486961796364341e-01 -2.045759088803313086e-01 -1.748349600708975216e-01 -1.459698652250264461e-01 -1.184952635341451760e-01 -9.255076623205735209e-02 -6.802930194164336086e-02 -4.467099665762621491e-02 -2.212683161971241638e-02
-8.452773996885235008e-02 -1.678029778111234105e-01 -2.480243873856995129e-01 -3.223679658481057864e-01 -3.867851466327986154e-01 -4.364160402007595252e-01 -4.668522757428046344e-01 -4.758659451093131265e-01 -4.645273643094851579e-01 -4.368401815310189451e-01 -3.981799150294924594e-01 -3.536482291882809825e-01 -3.071495027735124395e-01 -2.612215637556863368e-01 -2.172642534836503880e-01 -1.758627448505034607e-01 -1.370681366019663727e-01 -1.006024783876231371e-01 -6.599567524733375434e-02 -3.267158332925240022e-02
-1.148695049782317568e-01 -2.288463727618701149e-01 -3.401486337729136555e-01 -4.451812464217031473e-01 -5.378597776696986132e-01 -6.099805874090545865e-01 -6.534756959418536182e-01 -6.640096553638065169e-01 -6.434568316026590962e-01 -5.990963788302179349e-01 -5.402508065458808684e-01 -4.750701968334399838e-01 -4.091418280763257087e-01 -3.456356469764302330e-01 -2.860025443533297240e-01 -2.306232714921215843e-01 -1.792565135367446272e-01 -1.313167613552258806e-01 -8.603764053194946915e-02 -4.256381703603325656e-02
-1.460820674360750193e-01 -2.924563420183306506e-01 -4.381373962532467692e-01 -5.791966793489753407e-01 -7.070093424950919525e-01 -8.081142298154586623e-01 -8.680358340089153746e-01 -8.785226844945362989e-01 -8.428363432058846305e-01 -7.740261421407291786e-01 -6.879158052723143291e-01 -5.970101695342401316e-01 -5.086579359346686813e-01 -4.261669822407582187e-01 -3.504856788968429004e-01 -2.813710955727072860e-01 -2.180178620434924108e-01 -1.593703920315756306e-01 -1.042743101429660507e-01 -5.154605868494647331e-02
-1.769171273191636473e-01 -3.563375067650548789e-01 -5.391649203488192432e-01 -7.219577494961254560e-01 -8.931651738883540359e-01 -1.031579833168041693e+00 -1.112397598471022375e+00 -1.120775271329996103e+00 -1.062219841603982307e+00 -9.591774536670857332e-01 -8.374809832036028689e-01 -7.154991130103138808e-01 -6.021017539703936716e-01 -4.998510267660399853e-01 -4.083969832619163132e-01 -3.263569962997481810e-01 -2.520733552739194971e-01 -1.838726123997544704e-01 -1.201431288949239284e-01 -5.934610821686454180e-02
-2.049962980842503224e-01 -4.155615288712970479e-01 -6.355380485577614147e-01 -8.629717205914976264e-01 -1.083376731698831641e+00 -1.265688663856303409e+00 -1.371043540994872467e+00 -1.375358133035787578e+00 -1.287227554222082571e+00 -1.142015203251041111e+00 -9.787559900555383718e-01 -8.227447618225564030e-01 -6.837740337043766159e-01 -5.626270109406099618e-01 -4.568791618927290354e-01 -3.635849595142872093e-01 -2.800457926056755809e-01 -2.039035436941154800e-01 -1.330794844298844593e-01 -6.569524400530009356e-02
-2.269392644261761516e-01 -4.625672865281340584e-01 -7.139252376143542245e-01 -9.810770565691087075e-01 -1.247154078680296374e+00 -1.471322889022307567e+00 -1.600144073067277795e+00 -1.599778690113682345e+00 -1.482052999693849182e+00 -1.295818284937266140e+00 -1.093527107368783335e+00 -9.069798811772606939e-01 -7.462194690939913944e-01 -6.097537967200649112e-01 -4.928738777666001325e-01 -3.910543652507481593e-01 -3.006209964654436018e-01 -2.186162291741942376e-01 -1.425760002197501985e-01 -7.035538939050459128e-02
-2.392278434598693049e-01 -4.890651777360038865e-01 -7.585969003956052337e-01 -1.049299299943800889e+00 -1.343004275825093963e+00 -1.592843851168322278e+00 -1.736154281884130679e+00 -1.732862767352049582e+00 -1.596850686205198988e+00 -1.385537828800819549e+00 -1.159777824382522970e+00 -9.552663078466017144e-01 -7.819819004386379113e-01 -6.368692924507398656e-01 -5.137506765160262390e-01 -4.071316923022525458e-01 -3.127670786692829941e-01 -2.273642901253606075e-01 -1.482528790985306599e-01 -7.315030086192089720e-02
-2.396609828239159024e-01 -4.897036284607623191e-01 -7.589733539812404395e-01 -1.048767282793488853e+00 -1.340997734367761485e+00 -1.589332994874843585e+00 -1.731959311076220143e+00 -1.729382958516828772e+00 -1.595289987665985176e+00 -1.386298731698388798e+00 -1.162488142610828223e+00 -9.592136541466963484e-01 -7.864908886847559177e-01 -6.414417449487317402e-01 -5.180536200629546340e-01 -4.109469872869998541e-01 -3.159506712147727159e-01 -2.298208925321328644e-01 -1.499209103957342415e-01 -7.399293363641777643e-02
-2.284937783651752041e-01 -4.650848182147487853e-01 -7.162070005787705140e-01 -9.814856559016633675e-01 -1.244265057841019706e+00 -1.465036517950047745e+00 -1.592435099039534396e+00 -1.594027085227361917e+00 -1.481161814701662527e+00 -1.300735643460113833e+00 -1.103295778050834564e+00 -9.197841957242823829e-01 -7.603120607711770784e-01 -6.238161258310407353e-01 -5.060025066072638689e-01 -4.026444661539158032e-01 -3.102670843793856048e-01 -2.260476084691893928e-01 -1.476169235570848892e-01 -7.290050611433643302e-02
-2.083256967462762954e-01 -4.214637303551501679e-01 -6.425133208803995855e-01 -8.690175579412934281e-01 -1.086757802951328511e+00 -1.266175726960679704e+00 -1.370713579624858625e+00 -1.377832688387628846e+00 -1.295595710753636443e+00 -1.157192260524970706e+00 -9.995033471335866837e-01 -8.468059553044139376e-01 -7.089220749824838297e-01 -5.871099703968567507e-01 -4.794419708172533157e-01 -3.833557111612970192e-01 -2.964251023571441435e-01 -2.164854778986552153e-01 -1.415986527023324060e-01 -6.999217353383389850e-02
-1.828373930115382573e-01 -3.674179878252564202e-01 -5.539387193734900405e-01 -7.385109884336665820e-01 -9.098024662825608955e-01 -1.047803468528465842e+00 -1.129499219051995018e+00 -1.141225554522661056e+00 -1.088069792317776008e+00 -9.907828742170904368e-01 -8.734798580045294303e-01 -7.536692988292348350e-01 -6.402041027152158836e-01 -5.360358477992944737e-01 -4.412694066749800470e-01 -3.549081373235032921e-01 -2.755918545071388004e-01 -2.018705063517709231e-01 -1.323000293813805517e-01 -6.546955318102333499e-02
-1.553894636502790305e-01 -3.103613280224658544e-01 -4.632962704150750954e-01 -6.098653922250348858e-01 -7.415232383227626789e-01 -8.455188478325562640e-01 -9.084415102723703006e-01 -9.227310910967749802e-01 -8.913875679124725337e-01 -8.264300066968808256e-01 -7.426185516806851350e-01 -6.519099209329891620e-01 -5.616538921218576785e-01 -4.754644862204226441e-01 -3.946787252662136147e-01 -3.194141939053309898e-01 -2.491635119581338542e-01 -1.831046183834218744e-01 -1.202613857201582925e-01 -5.958600910232410980e-02
-1.282892353408220665e-01 -2.549957281754768323e-01 -3.777224123261276323e-01 -4.924426284371522522e-01 -5.929561722062974827e-01 -6.713175046049828509e-01 -7.199281382496959258e-01 -7.347639269331557310e-01 -7.175680421819010668e-01 -6.751303126082005557e-01 -6.162819513366470936e-01 -5.489623177627155348e-01 -4.788641218100515018e-01 -4.094585998355173007e-01 -3.425626008740831341e-01 -2.789059136216203716e-01 -2.185433049088189861e-01 -1.611230430227281185e-01 -1.060548770798249996e-01 -5.261310139856540530e-02
-1.027546152904357246e-01 -2.035252242142503720e-01 -2.998373851765410159e-01 -3.883234287435330390e-01 -4.645948059124772045e-01 -5.236864544315311676e-01 -5.612504221786703829e-01 -5.751299357055049688e-01 -5.663579691979804265e-01 -5.388209707757608546e-01 -4.978356863513350716e-01 -4.486131223162336257e-01 -3.953392953280765454e-01 -3.409356037443221354e-01 -2.872060955843874774e-01 -2.351034014804548322e-01 -1.849806615013950273e-01 -1.367893228782367521e-01 -9.022195093862295234e-02 -4.481149696468134103e-02
-7.920081750919111263e-02 -1.564974488311526579e-01 -2.297195328330760844e-01 -2.962512706878162594e-01 -3.530518961728695282e-01 -3.969927593928291309e-01 -4.255260264722755537e-01 -4.374609371830901483e-01 -4.334243077859907256e-01 -4.156962600926928930e-01 -3.875188220077799284e-01 -3.522817001130350567e-01 -3.129364358426500181e-01 -2.717369980565993992e-01 -2.302225662482308421e-01 -1.893208760927246603e-01 -1.494865862105532739e-01 -1.108316004450882325e-01 -7.323209772905410475e-02 -3.641093206494138562e-02
-5.755075895335649838e-02 -1.135420174168878943e-01 -1.662837246550805947e-01 -2.138866425590584264e-01 -2.543178847425159317e-01 -2.856236019782378288e-01 -3.062970846210732456e-01 -3.156668734524574194e-01 -3.141132988177970375e-01 -3.029838226662040501e-01 -2.842464466244188914e-01 -2.600536854662353625e-01 -2.323866158948967309e-01 -2.028531663216775749e-01 -1.726262282399382564e-01 -1.424709094625006001e-01 -1.128131620473066532e-01 -8.381835924024083617e-02 -5.546388386381562174e-02 -2.760013141992721797e-02
-3.746014794553892413e-02 -7.383589105006396758e-02 -1.079858100432374568e-01 -1.386911697523620923e-01 -1.647039665776288409e-01 -1.848778032266696902e-01 -1.983608494092935493e-01 -2.047858526515180244e-01 -2.043708376160913442e-01 -1.978752885416933949e-01 -1.864277897967396569e-01 -1.712994208213842184e-01 -1.537030230576973688e-01 -1.346627803494791775e-01 -1.149582457950696357e-01 -9.512335405426913804e-02 -7.547678037450761268e-02 -5.616477557074565224e-02 -3.720495072619864341e-02 -1.852571570541350354e-02
-1.845392705337777980e-02 -3.635554778537825743e-02 -5.313235468601565370e-02 -6.818802070099259927e-02 -8.092852141808040689e-02 -9.082202966988577042e-02 -9.748173706877526212e-02 -1.007439932283105272e-01 -1.007083139460196869e-01 -9.771837102142284792e-02 -9.228982808760261003e-02 -8.501312413087458442e-02 -7.646320704713134575e-02 -6.713665143355102005e-02 -5.742058805526448900e-02 -4.758743946373428929e-02 -3.780580810504323430e-02 -2.815900324524878498e-02 -1.866543371719551342e-02 -9.297787989357491831e-03
