-7.362414048353948734e-03 -1.517723035666823476e-02 -2.395610863609377861e-02 -3.434262195818304358e-02 -4.721635715756816037e-02 -6.385640620430127479e-02 -8.620542373303338723e-02 -1.172510629047509023e-01 -1.613068340449418103e-01 -2.232099887772395763e-01 -3.044992795803107000e-01 -3.961157778046435762e-01 -4.736946474063051249e-01 -5.061369144082712435e-01 -4.767744647607447539e-01 -3.969923357269836139e-01 -2.963847864729823867e-01 -2.010257111101552696e-01 -1.217590304531300932e-01 -5.700943609280600954e-02
-1.427243607579609802e-02 -2.939042487012007154e-02 -4.630457407450546542e-02 -6.619788881329365104e-02 -9.066446690097425265e-02 -1.219829585911156727e-01 -1.635430299049087655e-01 -2.204288300720980143e-01 -2.997613531227306116e-01 -4.091734087368193440e-01 -5.503562965897204062e-01 -7.071927741331313078e-01 -8.385137955936922127e-01 -8.925954412988965636e-01 -8.418568856147532475e-01 -7.050386251229195933e-01 -5.311753431035038941e-01 -3.640345010683714300e-01 -2.225340811754622505e-01 -1.048327529273068992e-01
-2.033691087423526028e-02 -4.180746353022631728e-02 -6.567385702132751135e-02 -9.347968230213962726e-02 -1.272577910749861374e-01 -1.698369821456747752e-01 -2.253015713377354290e-01 -2.995865269789564911e-01 -4.007297214643660843e-01 -5.369350201877661766e-01 -7.090600192324644224e-01 -8.971657016508739479e-01 -1.052655539310461297e+00 -1.115304040309715417e+00 -1.053115887258511130e+00 -8.876832280464354019e-01 -6.758594241776086919e-01 -4.689575871465803125e-01 -2.899399301670584350e-01 -1.376476581788256548e-01
-2.526774531902012746e-02 -5.182867792789856709e-02 -8.110368785691120241e-02 -1.147889337925830228e-01 -1.550467930852224008e-01 -2.047708896391096656e-01 -2.679555026210086455e-01 -3.501209865913172958e-01 -4.583271657090543516e-01 -5.991264137864268369e-01 -7.715741606613624182e-01 -9.552756021178920864e-01 -1.103959847441031483e+00 -1.161565347845152640e+00 -1.098494273489495798e+00 -9.344850137924550770e-01 -7.220807219634657326e-01 -5.095991326484000661e-01 -3.198845604410959775e-01 -1.534174812472986482e-01
-2.890541245667917897e-02 -5.913580005271316942e-02 -9.212322949003959316e-02 -1.295253204212008513e-01 -1.733667482977707397e-01 -2.262147349893561254e-01 -2.913868455168753258e-01 -3.731137802703859419e-01 -4.762658221135534498e-01 -6.044549588595811151e-01 -7.546262072088336659e-01 -9.085324561439620528e-01 -1.028917754821896624e+00 -1.072296112859610906e+00 -1.015951128228038902e+00 -8.747129802338240445e-01 -6.888336832134759335e-01 -4.965219221411834583e-01 -3.174521437942227631e-01 -1.540963677742279714e-01
-3.121810820314983512e-02 -6.368587272002285138e-02 -9.872806873490828916e-02 -1.378221737965424354e-01 -1.826783261418985504e-01 -2.353153877306509711e-01 -2.981075101688183127e-01 -3.737138973687967880e-01 -4.646125479833725369e-01 -5.715473712765783976e-01 -6.899738833032871277e-01 -8.051453791278645467e-01 -8.907233296448081594e-01 -9.175908848850861110e-01 -8.707707950690287690e-01 -7.596841650473196150e-01 -6.107414182558603688e-01 -4.502502421158755541e-01 -2.934204985701791002e-01 -1.441999684791721859e-01
-3.228116349942217189e-02 -6.566149096435142107e-02 -1.012809750933689051e-01 -1.403568592713669849e-01 -1.842080619888596948e-01 -2.342516344196782230e-01 -2.919377341387440761e-01 -3.585488980820134008e-01 -4.346973050214821832e-01 -5.192053154191442754e-01 -6.070903596061265617e-01 -6.872916386498322261e-01 -7.427487484864443434e-01 -7.558661457597382061e-01 -7.177644654749784081e-01 -6.336950921317573426e-01 -5.191400954783718102e-01 -3.905670942371057830e-01 -2.589037769414211931e-01 -1.286399892422767921e-01
-3.224505909572777940e-02 -6.539795941412196445e-02 -1.003774421501149594e-01 -1.381161549781797504e-01 -1.795450553597532639e-01 -2.255418845856417276e-01 -2.768146596010223059e-01 -3.336714895747885379e-01 -3.955979028644750484e-01 -4.605439471612027269e-01 -5.239314204197480507e-01 -5.778608176351559544e-01 -6.117429140555329381e-01 -6.154641248195382719e-01 -5.840205684409448539e-01 -5.201085637070742562e-01 -4.322747036899349249e-01 -3.303625297578353104e-01 -2.219222006316846907e-01 -1.112180063990954731e-01
-3.130111478403135167e-02 -6.330784511495728129e-02 -9.671465332708065188e-02 -1.321852012249273289e-01 -1.703139897527242430e-01 -2.115551725447746834e-01 -2.560995691662030227e-01 -3.036752566143252619e-01 -3.532472821272076846e-01 -4.026148798710256771e-01 -4.479955383372436484e-01 -4.838941830247774356e-01 -5.037736640188068549e-01 -5.018318202452950461e-01 -4.752461556125185393e-01 -4.253660397071991617e-01 -3.568811383040625396e-01 -2.756719005707150560e-01 -1.869053274249412311e-01 -9.424294354259013518e-02
-2.965155057381917147e-02 -5.981763619374171753e-02 -9.098808217661745468e-02 -1.235959671426082040e-01 -1.579704352377827858e-01 -1.942649691710134907e-01 -2.323514353638083396e-01 -2.716721450859920228e-01 -3.110517260377697601e-01 -3.484968088277209386e-01 -3.810658377684583709e-01 -4.049710845456743202e-01 -4.161091695912195187e-01 -4.110562949973988189e-01 -3.881698669520030065e-01 -3.481473627956626626e-01 -2.936570195718045673e-01 -2.283226642752055890e-01 -1.557205678927915671e-01 -7.883418198808377075e-02
-2.748742879986812437e-02 -5.532305324582380279e-02 -8.382401679768208824e-02 -1.132400875450545047e-01 -1.437067441575839988e-01 -1.751827093611955932e-01 -2.073686984753428664e-01 -2.396083679800540545e-01 -2.707826188627370789e-01 -2.992263022365411196e-01 -3.227230687642324569e-01 -3.386576455884966474e-01 -3.443908647616650831e-01 -3.378259027907254963e-01 -3.179720314329082531e-01 -2.852220609176662203e-01 -2.411873672093793053e-01 -1.882062935918507596e-01 -1.288097933332986444e-01 -6.537089785092750627e-02
-2.497510881867059246e-02 -5.016310215464218208e-02 -7.574479740972382691e-02 -1.018335683269170067e-01 -1.284336573916765312e-01 -1.553903463063922019e-01 -1.823321496815978326e-01 -2.086096931699917001e-01 -2.332429987170288599e-01 -2.548991579562516763e-01 -2.719329983560611619e-01 -2.825262310157765633e-01 -2.849407160711131537e-01 -2.778490825224413929e-01 -2.606387189888343947e-01 -2.335601085991461101e-01 -1.976531104900791092e-01 -1.545010658612551990e-01 -1.059401310164846122e-01 -5.383932608221456140e-02
-2.224988780444703620e-02 -4.460942111098086665e-02 -6.715847165701366306e-02 -8.991566919116604495e-02 -1.128039136196195696e-01 -1.356127968845847742e-01 -1.579597822954824926e-01 -1.792551573317704428e-01 -1.986803669150316032e-01 -2.151939238463857762e-01 -2.275825911935408508e-01 -2.345716861415558241e-01 -2.349938188416071383e-01 -2.279876505393504116e-01 -2.131706751815174161e-01 -1.907245259928554149e-01 -1.613628550565359698e-01 -1.262043097101760991e-01 -8.661021249974285019e-02 -4.404624001967574753e-02
-1.941501304904472841e-02 -3.886619931320041410e-02 -5.836397347133700370e-02 -7.786669660102994717e-02 -9.725348725173714459e-02 -1.162971060967184500e-01 -1.346389635471927360e-01 -1.517707409247247008e-01 -1.670293001889448792e-01 -1.796134901772170611e-01 -1.886316101973316284e-01 -1.931839004901328982e-01 -1.924749345008543722e-01 -1.859367009844830054e-01 -1.733315247920524105e-01 -1.548042742653306381e-01 -1.308693527420078107e-01 -1.023430521151205835e-01 -7.025011555138442609e-02 -3.573539894154573182e-02
-1.654396963799929440e-02 -3.307636199996251414e-02 -4.956450069399651048e-02 -6.593360077593704571e-02 -8.204619357004215574e-02 -9.768313265055204864e-02 -1.125281778022305113e-01 -1.261595009240879806e-01 -1.380525482318873676e-01 -1.475990682278105759e-01 -1.541464000340944662e-01 -1.570572957641330758e-01 -1.557852411291295869e-01 -1.499525907298528415e-01 -1.394143619733944628e-01 -1.242916187154137764e-01 -1.049671677987558116e-01 -8.204838947997775134e-02 -5.631175487288943293e-02 -2.864521859147399485e-02
-1.368450070880638560e-02 -2.733076167109630555e-02 -4.088403957597423755e-02 -5.425697250185644582e-02 -6.731451398245219542e-02 -7.986101203292264583e-02 -9.163105622384275228e-02 -1.022864799184825396e-01 -1.114222321902411522e-01 -1.185837718187051776e-01 -1.232975359085473205e-01 -1.251135636043815835e-01 -1.236560740028454647e-01 -1.186740086616121653e-01 -1.100816501410442766e-01 -9.798063139862646376e-02 -8.265925519470244953e-02 -6.457154410236902453e-02 -4.430326005171231901e-02 -2.253370880672614721e-02
-1.086325069261164650e-02 -2.167811893430379028e-02 -3.238388998242393985e-02 -4.289568169507885359e-02 -5.309382224323530575e-02 -6.281527896199767813e-02 -7.184848599974083538e-02 -7.993305035257368407e-02 -8.676604498031113832e-02 -9.201618307015879683e-02 -9.534635375364351739e-02 -9.644330591760952309e-02 -9.505145254871295857e-02 -9.100567825936142774e-02 -8.425757265950241381e-02 -7.488996471275635725e-02 -6.311765205772615350e-02 -4.927524576518642341e-02 -3.379599949069954368e-02 -1.718634494719117195e-02
-8.090381204403572848e-03 -1.613456657685684303e-02 -2.407769304699662605e-02 -3.184801134403734968e-02 -3.934976642830616961e-02 -4.645775009853629622e-02 -5.301450312751897903e-02 -5.883112753381274096e-02 -6.369263008280764971e-02 -6.736848657244218219e-02 -6.962831804659694312e-02 -7.026181864215291784e-02 -6.910070332048177943e-02 -6.603964692357588984e-02 -6.105295974978515450e-02 -5.420399077118542852e-02 -4.564613823852723545e-02 -3.561578984128019321e-02 -2.441915640075687649e-02 -1.241566334748315896e-02
-5.363700665214988020e-03 -1.069206390068712549e-02 -1.594427060778311200e-02 -2.106887632281061531e-02 -2.599946132158150944e-02 -3.065142048704777578e-02 -3.492061403121516500e-02 -3.868428212529213817e-02 -4.180483037646207101e-02 -4.413677013129868598e-02 -4.553658467964851603e-02 -4.587493051796346505e-02 -4.504985858025663259e-02 -4.299922931236010298e-02 -3.971059996993581837e-02 -3.522686857716616354e-02 -2.964710175293190295e-02 -2.312259407257360663e-02 -1.584917204719466649e-02 -8.057142716568032118e-03
-2.672355271209671430e-03 -5.325714383523198064e-03 -7.938439699783486625e-03 -1.048377348432553285e-02 -1.292777547173501115e-02 -1.522785909779665429e-02 -1.733224841366800412e-02 -1.918053983624211367e-02 -2.070563527958325933e-02 -2.183717745480627873e-02 -2.250630011575074918e-02 -2.265143862031246749e-02 -2.222452017536943186e-02 -2.119676393327414241e-02 -1.956328797502204786e-02 -1.734574453050036560e-02 -1.459279039085525920e-02 -1.137830365230334435e-02 -7.797805270683211623e-03 -3.963739282707540515e-03
