-8.914748432431647898e-03 -1.741741125746357546e-02 -2.512852715062228320e-02 -3.173130024704620689e-02 -3.699560638704860183e-02 -4.079266647397291473e-02 -4.309749059702094182e-02 -4.397868344664855600e-02 -4.357801902133881522e-02 -4.208436069936521973e-02 -3.970719258208683239e-02 -3.665393258248691999e-02 -3.311331072524559271e-02 -2.924537480576150025e-02 -2.517718605491252662e-02 -2.100287791142052898e-02 -1.678657467451977192e-02 -1.256687400072955575e-02 -8.362040792103009323e-03 -4.175289022133659052e-03
-1.824159659634195033e-02 -3.562634813110082677e-02 -5.136538985593008810e-02 -6.480103854510273209e-02 -7.545843147429692754e-02 -8.307754081180163119e-02 -8.761858830614853433e-02 -8.923921266007868447e-02 -8.824901871482103421e-02 -8.505221483048344688e-02 -8.009045080835502928e-02 -7.379518687629273155e-02 -6.655391267860245874e-02 -5.869099108966274042e-02 -5.046047602030614976e-02 -4.204774469342401066e-02 -3.357654548084223339e-02 -2.511889401573880534e-02 -1.670598510213257282e-02 -8.339091418325270122e-03
-2.842529224838964003e-02 -5.548098482330951486e-02 -7.990563308520200192e-02 -1.006489973296271212e-01 -1.169594957644436023e-01 -1.284404490283142519e-01 -1.350600669007174792e-01 -1.371105387449124968e-01 -1.351266197831657578e-01 -1.297849856928290635e-01 -1.218072010736957894e-01 -1.118824033341523638e-01 -1.006161253898187613e-01 -8.850417567558631349e-02 -7.592597722339626543e-02 -6.315107353763697862e-02 -5.035296395569452410e-02 -3.762615580877799043e-02 -2.500389513488746399e-02 -1.247508134747378310e-02
-3.997860073377750012e-02 -7.796665600998420320e-02 -1.121271666299082093e-01 -1.409298061540911473e-01 -1.632900735317644181e-01 -1.786646739335204792e-01 -1.870706717902295146e-01 -1.890162380661354891e-01 -1.853619130727807429e-01 -1.771538786389250109e-01 -1.654709378307100687e-01 -1.513110552853336455e-01 -1.355239726124299882e-01 -1.187835619939267146e-01 -1.015881609194167479e-01 -8.427761439849128233e-02 -6.705806096269084637e-02 -5.002884481238600856e-02 -3.320833599296451472e-02 -1.655733928730225568e-02
-5.352244180844853427e-02 -1.042798624239165972e-01 -1.497065464957635372e-01 -1.876529156689222821e-01 -2.166062744453459143e-01 -2.358574311637691434e-01 -2.455416555433803383e-01 -2.465217842261614445e-01 -2.401508860792420652e-01 -2.279976390243403650e-01 -2.116115881286039502e-01 -1.923668771120998489e-01 -1.713851306978790567e-01 -1.495179021443572565e-01 -1.273654615079079511e-01 -1.053131326826274583e-01 -8.357280111320186666e-02 -6.222281050442354106e-02 -4.124323428884230786e-02 -2.054592355083922559e-02
-6.983122698907322234e-02 -1.359235955539163654e-01 -1.947658057190812808e-01 -2.433684231727814284e-01 -2.796239372911215604e-01 -3.026164685149598799e-01 -3.127162841435589535e-01 -3.113780834602301595e-01 -3.007220644418809319e-01 -2.830741369415131214e-01 -2.606108375959964585e-01 -2.351596862590758785e-01 -2.081317319431638391e-01 -1.805374135621672649e-01 -1.530425973610026746e-01 -1.260366019710019159e-01 -9.969717149271149770e-02 -7.404635274995258198e-02 -4.899585806509089425e-02 -2.438310691436862757e-02
-8.987788006857819201e-02 -1.748149116719845408e-01 -2.500594799989117045e-01 -3.114231537310050979e-01 -3.558954950985041554e-01 -3.822602142082291432e-01 -3.913235951911289701e-01 -3.855494554344959246e-01 -3.682840460723577070e-01 -3.429656360629985690e-01 -3.125978195546403882e-01 -2.795292383402281922e-01 -2.454446440361587323e-01 -2.114573557123495262e-01 -1.782308699860880863e-01 -1.460934503063793244e-01 -1.151328833822726355e-01 -8.526954277918236125e-02 -5.631073564287920191e-02 -2.799064274524238824e-02
-1.148561698874623754e-01 -2.233742404218854172e-01 -3.191848205942802164e-01 -3.962940959290278120e-01 -4.501877328458273597e-01 -4.791290099258459501e-01 -4.847176804220823532e-01 -4.711864704942609894e-01 -4.438891598256787807e-01 -4.079036352477243277e-01 -3.672848546158422600e-01 -3.249146553259718018e-01 -2.826601580687910786e-01 -2.416164326662935402e-01 -2.023300034979957363e-01 -1.649733959251048487e-01 -1.294713369279605064e-01 -9.558817335932034975e-02 -6.298689242736377203e-02 -3.126874191574333800e-02
-1.461056447474957942e-01 -2.844633201258002231e-01 -4.066535266774660706e-01 -5.038342566656153210e-01 -5.687999795781085721e-01 -5.987956912864406123e-01 -5.968627096028747969e-01 -5.704035704103195270e-01 -5.281113854591629186e-01 -4.774542222393124424e-01 -4.237187147059133241e-01 -3.701835546379363406e-01 -3.186647434099145193e-01 -2.700181388055871157e-01 -2.244992483702189512e-01 -1.819987235810684445e-01 -1.421908616081576926e-01 -1.046248827817184146e-01 -6.877991133808727953e-02 -3.409741220045205828e-02
-1.847341176067181234e-01 -3.607396143893630835e-01 -5.171575569391526628e-01 -6.405756237796831343e-01 -7.188944838630150214e-01 -7.473314111943850646e-01 -7.314991745598706796e-01 -6.844279986124365278e-01 -6.203065691313347507e-01 -5.499695662781122207e-01 -4.799272200036386327e-01 -4.134318751776123735e-01 -3.517965224228517540e-01 -2.952920465496332025e-01 -2.436500661078713770e-01 -1.963313452605902343e-01 -1.526684695029457972e-01 -1.119405540598508164e-01 -7.341042906090945730e-02 -3.634098395208502918e-02
-2.305483760458276465e-01 -4.525045887451828452e-01 -6.524067946509914950e-01 -8.098143500834042996e-01 -9.042873123482967346e-01 -9.273427184078235630e-01 -8.888667929880000873e-01 -8.112138321794581941e-01 -7.170783764468018351e-01 -6.217154319091974246e-01 -5.324844016889745957e-01 -4.518027779562538426e-01 -3.797951505123831617e-01 -3.157031761615644583e-01 -2.584775661573534555e-01 -2.070080715444093389e-01 -1.602110612411008217e-01 -1.170583821416626424e-01 -7.658023786176822167e-02 -3.785606988043462018e-02
-2.800644275425071550e-01 -5.533314064265600907e-01 -8.039858308534192366e-01 -1.002043686323559557e+00 -1.114872145554656413e+00 -1.128333653686452553e+00 -1.058444381498046649e+00 -9.408879378412360328e-01 -8.098827596787402383e-01 -6.858244794056485016e-01 -5.761616472560742164e-01 -4.814445852234465750e-01 -3.998711077979871797e-01 -3.292472242771761759e-01 -2.675488476852042607e-01 -2.130122866333878096e-01 -1.641092835573142450e-01 -1.195016316528460520e-01 -7.799603914907564384e-02 -3.850304024868136943e-02
-3.246273984377066046e-01 -6.455533539381517194e-01 -9.452928740699412247e-01 -1.183525481901334109e+00 -1.313753860595172629e+00 -1.315238298230708480e+00 -1.210893132584465404e+00 -1.051346767326695630e+00 -8.832581282569998971e-01 -7.319222403536450594e-01 -6.040990381393122055e-01 -4.978105371222160125e-01 -4.089807310365239368e-01 -3.338640749640256478e-01 -2.694581467087551752e-01 -2.133828807402932959e-01 -1.637120943360178271e-01 -1.188427909893333828e-01 -7.739921633195530337e-02 -3.816003149968952290e-02
-3.514890609623894657e-01 -7.021014447401219272e-01 -1.033596256801608604e+00 -1.298196404588966013e+00 -1.439073349383627187e+00 -1.430497954469033495e+00 -1.300521842969215358e+00 -1.110852784451870745e+00 -9.171455065230680326e-01 -7.479213935861834806e-01 -6.090554624637701808e-01 -4.964769923494394832e-01 -4.043467464013282830e-01 -3.277672505022787286e-01 -2.630365147739857634e-01 -2.073489317220617301e-01 -1.585133854654527941e-01 -1.147582046429458658e-01 -7.459798398243454309e-02 -3.673788220194815907e-02
-3.496759421392788836e-01 -6.992583416785440598e-01 -1.030686017144364364e+00 -1.295217928175482092e+00 -1.434514796905042022e+00 -1.422113672620269664e+00 -1.286887963877396901e+00 -1.092250350888927635e+00 -8.951585151761859427e-01 -7.244689996091312478e-01 -5.857275939595260050e-01 -4.743627711289887250e-01 -3.841200231202289150e-01 -3.098175802744764784e-01 -2.475713851741584426e-01 -1.944628713618195004e-01 -1.482342561488846633e-01 -1.070786243112547970e-01 -6.949663103781676676e-02 -3.419351299241091269e-02
-3.170260475877262341e-01 -6.323979309388998438e-01 -9.291858385652866925e-01 -1.164839310182632204e+00 -1.289290129476701185e+00 -1.280075374901218144e+00 -1.162106838030531497e+00 -9.901224615200900914e-01 -8.139132727914276666e-01 -6.595508452841770675e-01 -5.329331292451180424e-01 -4.307785493061493387e-01 -3.479090404398490488e-01 -2.798074242837205183e-01 -2.229682264681943915e-01 -1.746968362584336021e-01 -1.328821076197577167e-01 -9.582539783050983417e-02 -6.211638285344317501e-02 -3.053956505834190538e-02
-2.614896232642183738e-01 -5.189246014934321138e-01 -7.575205406087922588e-01 -9.452176941311893899e-01 -1.045763713974096065e+00 -1.043295776052425072e+00 -9.560166232017300869e-01 -8.240014032713378622e-01 -6.847527406725003596e-01 -5.593364726480611893e-01 -4.540172532874106048e-01 -3.676331798798094241e-01 -2.968952949221985160e-01 -2.385314839125017294e-01 -1.897969658573416263e-01 -1.484740800448791365e-01 -1.127718878105994776e-01 -8.122443961647859978e-02 -5.260394414625518128e-02 -2.584834852632449109e-02
-1.952478328367422133e-01 -3.850776553056878271e-01 -5.577839018852495112e-01 -6.921891651856907357e-01 -7.657344726837344018e-01 -7.689352566281436596e-01 -7.132712614398919460e-01 -6.240840737574772090e-01 -5.260808706727516659e-01 -4.344831872078397939e-01 -3.551688384293521517e-01 -2.886755466963498717e-01 -2.334864808605363606e-01 -1.876242159076793037e-01 -1.492138948467735537e-01 -1.166305977725041881e-01 -8.850689146215516556e-02 -6.369650594103486163e-02 -4.122659634831676856e-02 -2.024988140082394777e-02
-1.276945456514244071e-01 -2.504761197671446227e-01 -3.603435598364746473e-01 -4.450547684858255360e-01 -4.924401019183790584e-01 -4.976374668741215257e-01 -4.669405542913865337e-01 -4.142761455862944975e-01 -3.538550166839679600e-01 -2.952757877226860339e-01 -2.430446019048127515e-01 -1.983379512646910592e-01 -1.607412723848750113e-01 -1.292640550135230049e-01 -1.028037236384339165e-01 -8.032750535815380566e-02 -6.092854792427613436e-02 -4.382807071982202513e-02 -2.835603492180361479e-02 -1.392457396425978919e-02
-6.272840987274830304e-02 -1.226097603099454425e-01 -1.756156779340911356e-01 -2.162491949434938998e-01 -2.393492422677329923e-01 -2.429478958071980554e-01 -2.297520655295861025e-01 -2.057596760904696898e-01 -1.773166511311335958e-01 -1.490046473565227458e-01 -1.232386537842543872e-01 -1.008641853534562871e-01 -8.187325948824465682e-02 -6.588669993143096704e-02 -5.240939409374521102e-02 -4.094715702639566829e-02 -3.105171871173629042e-02 -2.233117182436103812e-02 -1.444489875990643060e-02 -7.092368393137694210e-03
