-2.807928462123894173e-02 -5.736786451281694621e-02 -8.902772238319590914e-02 -1.240470736522821527e-01 -1.629175131206618554e-01 -2.049652269337677857e-01 -2.473495656604639270e-01 -2.843656690156735056e-01 -3.084057678671804914e-01 -3.132524792248205792e-01 -2.977866340484399688e-01 -2.667491976041801993e-01 -2.277880579464252042e-01 -1.876423594830319008e-01 -1.502898809516055034e-01 -1.172065353938739618e-01 -8.838395676387492128e-02 -6.315247624348238609e-02 -4.062297189493162958e-02 -1.987228720586155586e-02
-5.494896953796515188e-02 -1.123616346989089604e-01 -1.746753694806800761e-01 -2.441288205862592597e-01 -3.221772723111871461e-01 -4.080621184386309386e-01 -4.963659337133006222e-01 -5.749269385358791729e-01 -6.265896064284969258e-01 -6.369066503873133112e-01 -6.032365581173001479e-01 -5.366385336254682059e-01 -4.545672898600845446e-01 -3.717291166659567603e-01 -2.961097838203178290e-01 -2.301121934366713861e-01 -1.731707438710821945e-01 -1.236023047274909387e-01 -7.946705513072441218e-02 -3.886620279584231119e-02
-7.935395765580786909e-02 -1.624446873631205934e-01 -2.531127645569582474e-01 -3.552242090093380988e-01 -4.719548253123253545e-01 -6.034934675353157418e-01 -7.424467318992166165e-01 -8.691620713998879921e-01 -9.538694078983784852e-01 -9.706010426105461386e-01 -9.145266799310111105e-01 -8.056162858779504221e-01 -6.746005942661527088e-01 -5.459856998057992516e-01 -4.316199136868452690e-01 -3.338243176356839315e-01 -2.505637213440886080e-01 -1.786165675593137936e-01 -1.147765462718627755e-01 -5.612545544353975124e-02
-1.000195822392214023e-01 -2.049253480761804302e-01 -3.199236075309278560e-01 -4.506842239231583780e-01 -6.026509457475133225e-01 -7.778874477610969729e-01 -9.678461406236298359e-01 -1.145103069279787666e+00 -1.265389075211934333e+00 -1.288958628762425285e+00 -1.208319851327975591e+00 -1.054156358735305776e+00 -8.727259805928739844e-01 -6.992127938277595822e-01 -5.487733371375660418e-01 -4.226446070174746938e-01 -3.165892370875801887e-01 -2.255175291913486257e-01 -1.448965617942130912e-01 -7.085906482125223227e-02
-1.157939241225616617e-01 -2.372642556401954872e-01 -3.706115335902185337e-01 -5.229379673106051563e-01 -7.016660068557096785e-01 -9.107459727386706394e-01 -1.141153354172814050e+00 -1.359324404405064524e+00 -1.508810907709807303e+00 -1.538036249176402137e+00 -1.437203869323520067e+00 -1.246227499657047044e+00 -1.024539007665860924e+00 -8.160205480546069978e-01 -6.380996533078108213e-01 -4.906892156181337783e-01 -3.675247296542211717e-01 -2.619555667847054958e-01 -1.684320538882394525e-01 -8.241419111694191224e-02
-1.258842475266643279e-01 -2.576527350879840306e-01 -4.017823762493202278e-01 -5.658057680498904674e-01 -7.577792154813433045e-01 -9.822706587586387261e-01 -1.230021779415614303e+00 -1.465139313952967592e+00 -1.626584564715596315e+00 -1.658320261067594448e+00 -1.549683144681901048e+00 -1.344073631013762427e+00 -1.105894848219410420e+00 -8.823185391757160101e-01 -6.916689128315918200e-01 -5.334399595805922045e-01 -4.007062512352360661e-01 -2.863297484542094984e-01 -1.844603451915975689e-01 -9.036555267535770208e-02
-1.300817437718602976e-01 -2.655969593769784143e-01 -4.124510444482347160e-01 -5.773481536748843457e-01 -7.671799838881740996e-01 -9.852869137481020667e-01 -1.222180597413132119e+00 -1.444329938815787751e+00 -1.595935072012377942e+00 -1.626206521357842272e+00 -1.525520402117042318e+00 -1.333180453569657642e+00 -1.107854296975409936e+00 -8.931684167055659040e-01 -7.068834173154481260e-01 -5.495102510488714120e-01 -4.153511379411200521e-01 -2.981762756081111632e-01 -1.927122642326327961e-01 -9.458757498413064568e-02
-1.288383962690713425e-01 -2.621310969766336707e-01 -4.045550506656793166e-01 -5.610618646520072472e-01 -7.361356672420292790e-01 -9.307210164068898672e-01 -1.135335013593649522e+00 -1.322334331043564903e+00 -1.448153603362013042e+00 -1.474034422001159861e+00 -1.392714959188048107e+00 -1.234118175994063815e+00 -1.043620416726090294e+00 -8.563079825653021615e-01 -6.880983423462356807e-01 -5.413503308784751722e-01 -4.128579542735721364e-01 -2.982943283357657460e-01 -1.936233621414929218e-01 -9.527239392023580111e-02
-1.231359516027947243e-01 -2.494876547661369626e-01 -3.822371724881556410e-01 -5.243277311844909416e-01 -6.776700908543140667e-01 -8.409119849015822545e-01 -1.005173436463396186e+00 -1.149904982983070534e+00 -1.245323146248691781e+00 -1.265918310868350050e+00 -1.207006882395315728e+00 -1.088213705625580063e+00 -9.400952699888396324e-01 -7.877948982671691969e-01 -6.445449645637898461e-01 -5.142743736328790893e-01 -3.963360880943752607e-01 -2.885082722595020965e-01 -1.882135006638674113e-01 -9.287858595360835856e-02
-1.142153738281732889e-01 -2.304235711675677589e-01 -3.504112259865092560e-01 -4.754151492606459306e-01 -6.054080376380270856e-01 -7.376606746670145709e-01 -8.645223129322898714e-01 -9.717988416553652309e-01 -1.040956065747034698e+00 -1.056930431080365995e+00 -1.017043165190935516e+00 -9.328391318706601432e-01 -8.229633430665491689e-01 -7.040483077360695230e-01 -5.863831613805589038e-01 -4.745407526260114195e-01 -3.696545240512280617e-01 -2.711835342967431339e-01 -1.778432971485179870e-01 -8.802842722959391963e-02
-1.033010726984006922e-01 -2.075714989024491364e-01 -3.135066194024231367e-01 -4.211675434793429873e-01 -5.294308487758770942e-01 -6.351608116874688514e-01 -7.322447492301462635e-01 -8.112744830818331421e-01 -8.612533020773456283e-01 -8.737847504215093819e-01 -8.474424026656085518e-01 -7.886471665190303293e-01 -7.082270304566095076e-01 -6.167426525864703191e-01 -5.217902218816782289e-01 -4.277294689171300957e-01 -3.365393534662505792e-01 -2.487259611544866411e-01 -1.639475582860657199e-01 -8.139182853825774333e-02
-9.141717995434267552e-02 -1.830523048829495736e-01 -2.748585880221411926e-01 -3.662196134954025517e-01 -4.555750109932224512e-01 -5.399935011044543209e-01 -6.148472878147255294e-01 -6.739866269330910820e-01 -7.109239953030445092e-01 -7.210140329043935870e-01 -7.035129531926652691e-01 -6.619781081679237955e-01 -6.026741400584734176e-01 -5.322513311228290744e-01 -4.561334191607428479e-01 -3.780131676341563218e-01 -3.000422897731589988e-01 -2.232328101007248211e-01 -1.478291218402697227e-01 -7.359132318605270118e-02
-7.931528911649271540e-02 -1.583614788654017502e-01 -2.366520744940495691e-01 -3.132563424682941466e-01 -3.865677245717668020e-01 -4.541090436942320507e-01 -5.124831145123496245e-01 -5.576529746402255627e-01 -5.857092852803194027e-01 -5.940105535466857489e-01 -5.821619163771891703e-01 -5.521978929337257869e-01 -5.078364936606749591e-01 -4.533148566841431193e-01 -3.924420443875146769e-01 -3.281401578523487350e-01 -2.623827560223189748e-01 -1.963337864273621558e-01 -1.305448179039640222e-01 -6.514437628907088218e-02
-6.748251715735131828e-02 -1.344261989524631329e-01 -2.001313419538569005e-01 -2.635825903291055261e-01 -3.233161689332995081e-01 -3.773460209466946158e-01 -4.232123863911037009e-01 -4.582299223656065568e-01 -4.799677979673753203e-01 -4.868603042765397571e-01 -4.786895776997177054e-01 -4.566718802501570917e-01 -4.230934948580996613e-01 -3.807067817346616589e-01 -3.321737998202204944e-01 -2.797215238672555171e-01 -2.250146551315803933e-01 -1.691747840390447066e-01 -1.128720384283918438e-01 -5.644138100753434001e-02
-5.618860949175363828e-02 -1.117294779622267087e-01 -1.658644837514487436e-01 -2.176261294240357247e-01 -2.657666198225749343e-01 -3.087408764503475900e-01 -3.447768562685506466e-01 -3.720615548917233228e-01 -3.890369738930610777e-01 -3.947367592399449454e-01 -3.890350668530770939e-01 -3.726889387043870738e-01 -3.471507715681540485e-01 -3.142422271037049186e-01 -2.758241698628038363e-01 -2.335573803758631273e-01 -1.887796031804258590e-01 -1.424786926306067514e-01 -9.532719991387977876e-02 -4.774912382588907683e-02
-4.554244712722235744e-02 -9.043863506300797717e-02 -1.339709978801647272e-01 -1.752908032806050898e-01 -2.133831856656221715e-01 -2.470735116850882040e-01 -2.750914003709394873e-01 -2.962001815538649052e-01 -3.093786146534830417e-01 -3.140113276202091686e-01 -3.100223166563582655e-01 -2.978964212657352340e-01 -2.785777369372760548e-01 -2.532869663742584043e-01 -2.233232731507051316e-01 -1.899042598602607157e-01 -1.540677260494013878e-01 -1.166332117694384579e-01 -7.820895708049249717e-02 -3.922791793330759891e-02
-3.554255233724915725e-02 -7.051161156425017618e-02 -1.042900849815423109e-01 -1.361829264901837921e-01 -1.654018068964669408e-01 -1.910785999905245391e-01 -2.123150263871158572e-01 -2.282690465639918287e-01 -2.382658342981879562e-01 -2.419074172129144773e-01 -2.391463323925571705e-01 -2.302966361587970578e-01 -2.159767938229600892e-01 -1.970046795444255205e-01 -1.742777395198893131e-01 -1.486687056345841196e-01 -1.209538396218944045e-01 -9.177746850575070614e-02 -6.164749048466418302e-02 -3.095359450380868321e-02
-2.611614245192261929e-02 -5.177517175454170867e-02 -7.649481320970709375e-02 -9.974902539097565968e-02 -1.209625621898502423e-01 -1.395240904533970594e-01 -1.548211285050511421e-01 -1.662951818684681726e-01 -1.735083265696595600e-01 -1.762062119143650019e-01 -1.743590176305389594e-01 -1.681670420685620893e-01 -1.580281718959146431e-01 -1.444772509238201885e-01 -1.281143511169527682e-01 -1.095390022990481577e-01 -8.930148239468535531e-02 -6.787533891782704387e-02 -4.564995108074589719e-02 -2.293897170238379940e-02
-1.714684717242013698e-02 -3.397814088018278472e-02 -5.016497499580296893e-02 -6.535583197082134310e-02 -7.917536561613225388e-02 -9.123409157765424715e-02 -1.011502576789431451e-01 -1.085822411934236204e-01 -1.132661151902629032e-01 -1.150501255973363363e-01 -1.139165261527410877e-01 -1.099843818474579293e-01 -1.034916555422356887e-01 -9.476183967865661750e-02 -8.416343570487444525e-02 -7.207148894587003807e-02 -5.883775462933914929e-02 -4.477247785352252846e-02 -3.013801158148685100e-02 -1.515234188202592078e-02
-8.493111307348038749e-03 -1.682559150447393917e-02 -2.483113513280903531e-02 -3.233398800547767488e-02 -3.914900056111255550e-02 -4.508667193897344938e-02 -4.996358258266540842e-02 -5.361740729109305131e-02 -5.592379397227919408e-02 -5.681163254246292954e-02 -5.627261623628934673e-02 -5.436230924571353734e-02 -5.119224805263117989e-02 -4.691503898595134059e-02 -4.170606129754456798e-02 -3.574578181900978785e-02 -2.920559039847437158e-02 -2.223884180003501618e-02 -1.497731038205249790e-02 -7.532408579824344773e-03
