-1.270109901829540207e-02 -2.524452004022846238e-02 -3.745068672627572398e-02 -4.909967451500397984e-02 -5.992008564334821985e-02 -6.958973349201175163e-02 -7.775205214653527208e-02 -8.404995167290202351e-02 -8.817368135837387599e-02 -8.991264854389552363e-02 -8.919599578640706461e-02 -8.610776216728643906e-02 -8.087079273425372417e-02 -7.380515029856994647e-02 -6.527526229040955807e-02 -5.564068269730279570e-02 -4.522051771726581793e-02 -3.427477969616432585e-02 -2.300090404858005574e-02 -1.154163227514141618e-02
-2.555986991986973142e-02 -5.082628753985539427e-02 -7.545856059410409322e-02 -9.902792630504982097e-02 -1.209909467777343789e-01 -1.406868133140952992e-01 -1.573685383137698734e-01 -1.702740639152314217e-01 -1.787321099199120633e-01 -1.822809164495552414e-01 -1.807635691189476979e-01 -1.743642762451032557e-01 -1.635702488739644023e-01 -1.490745395402116868e-01 -1.316552107612420919e-01 -1.120669361600051955e-01 -9.096661438455672100e-02 -6.887769266776971877e-02 -4.618722296828797758e-02 -2.316563127699962713e-02
-3.871208998787498134e-02 -7.704220708700240672e-02 -1.145293548387396471e-01 -1.505625397839503721e-01 -1.843289874635114511e-01 -2.147980518356345514e-01 -2.407612256712434173e-01 -2.609456383658265155e-01 -2.741997472334792296e-01 -2.797152853220860602e-01 -2.772130798874653523e-01 -2.670155100628950340e-01 -2.499714112385184039e-01 -2.272675762305184921e-01 -2.002041010216859263e-01 -1.700052465569683591e-01 -1.377013115604503735e-01 -1.040821654303371174e-01 -6.970469275463354875e-02 -3.493368315533294105e-02
-5.224628542867130326e-02 -1.041010879577486670e-01 -1.550541164105358194e-01 -2.043639055002245963e-01 -2.509644377482389555e-01 -2.934151519123241458e-01 -3.299325544721479764e-01 -3.585472003613444647e-01 -3.774054915820203582e-01 -3.851668368084579241e-01 -3.813574833417519017e-01 -3.665129930384689039e-01 -3.420321971420716145e-01 -3.098202191115550508e-01 -2.718883749040367781e-01 -2.300486316784581264e-01 -1.857512347389967677e-01 -1.400449820962118841e-01 -9.361572700353962273e-02 -4.686441835002388284e-02
-6.617197392712304005e-02 -1.320617565771663449e-01 -1.972221269870873817e-01 -2.608744967609569199e-01 -3.217495161980836738e-01 -3.779647715573027367e-01 -4.270044923677072113e-01 -4.659007813094857009e-01 -4.917015644183042045e-01 -5.021815161290820173e-01 -4.965304494825693582e-01 -4.756424907294962146e-01 -4.418220455149164949e-01 -3.980919745176580982e-01 -3.474803603443298305e-01 -2.925496498587220051e-01 -2.352100476697254194e-01 -1.767308185860987924e-01 -1.178488451729662045e-01 -5.890828094901295886e-02
-8.037986722700367348e-02 -1.607518439681940303e-01 -2.408980854284103468e-01 -3.201619530689337467e-01 -3.971920402674352646e-01 -4.696818099495969068e-01 -5.341984390399480143e-01 -5.863069681551403844e-01 -6.212535090103256108e-01 -6.352526204680202238e-01 -6.268754347559474249e-01 -5.976616919097730296e-01 -5.515001875695396683e-01 -4.932372018507900080e-01 -4.273891709137258021e-01 -3.574590871487830501e-01 -2.858084125499027461e-01 -2.138194096927485410e-01 -1.421405765625658735e-01 -7.091987252890746829e-02
-9.459565580642774474e-02 -1.896676224251868104e-01 -2.854558181862765220e-01 -3.816794155395006327e-01 -4.771574769667245586e-01 -5.693114294876152615e-01 -6.536408871929951792e-01 -7.235563451938029633e-01 -7.712701906223746739e-01 -7.901460346623417896e-01 -7.775750030123502743e-01 -7.363108182621272979e-01 -6.731209370042575690e-01 -5.959073101813771034e-01 -5.113627910588280923e-01 -4.240853822912705740e-01 -3.367445357941626916e-01 -2.505977935224699693e-01 -1.659741785911908185e-01 -8.263065723636998927e-02
-1.083351324747053868e-01 -2.178667672244274101e-01 -3.295746595794881717e-01 -4.439210476484388712e-01 -5.603489740896655524e-01 -6.764246837956089387e-01 -7.865992078956322020e-01 -8.812135316318520095e-01 -9.474090456389065995e-01 -9.733694132258724485e-01 -9.542560200563737771e-01 -8.950972951157826207e-01 -8.078714276877465572e-01 -7.055695224941820332e-01 -5.979720186157272410e-01 -4.907539629502154499e-01 -3.864830910272916698e-01 -2.858526301689836568e-01 -1.885276788266583015e-01 -9.362856717114544092e-02
-1.208779506581529606e-01 -2.438878142657887882e-01 -3.710399466937294721e-01 -5.039899436305034230e-01 -6.434743983380056820e-01 -7.879853139196950629e-01 -9.312873205509897279e-01 -1.059639387086281470e+00 -1.152200789081758492e+00 -1.188373867508322412e+00 -1.159417859390529326e+00 -1.074324171562029751e+00 -9.538851538102892658e-01 -8.190824544512403937e-01 -6.837867681447683532e-01 -5.543850292326567564e-01 -4.325663533500042068e-01 -3.178001340900590277e-01 -2.086551748815473617e-01 -1.033559564548522519e-01
-1.312882897962689976e-01 -2.657605249640541123e-01 -4.066586568689684045e-01 -5.572295054025546701e-01 -7.202211220409787673e-01 -8.960548861942712051e-01 -1.078542388921545525e+00 -1.249124358649138733e+00 -1.375937640588281274e+00 -1.425534795635307717e+00 -1.383331584201195952e+00 -1.264240620126873216e+00 -1.101936478826763377e+00 -9.284171947394619373e-01 -7.623657079586901864e-01 -6.101408603316365031e-01 -4.715489545009799444e-01 -3.441203672825574600e-01 -2.249363887645250137e-01 -1.111400481767827186e-01
-1.385132705326241331e-01 -2.811923886266543549e-01 -4.324851785828854323e-01 -5.973255709399498681e-01 -7.808118056170829657e-01 -9.859528635955997489e-01 -1.207356969624089116e+00 -1.421770499817269995e+00 -1.585131667165408764e+00 -1.649186802712230504e+00 -1.592514839156247364e+00 -1.436948464782623391e+00 -1.230996363232673252e+00 -1.018836808599072663e+00 -8.238294746687486736e-01 -6.515476523209563497e-01 -4.992500577134841300e-01 -3.621812297752548537e-01 -2.358285892390208360e-01 -1.162677582586191805e-01
-1.415697578433638137e-01 -2.879827892813344170e-01 -4.445421258290324085e-01 -6.174331669831408798e-01 -8.135915016822244938e-01 -1.038191214632712578e+00 -1.286788832687403517e+00 -1.532879375901454067e+00 -1.723172737254528464e+00 -1.797934624082614397e+00 -1.730394914768625725e+00 -1.547797476482024814e+00 -1.310149397288607354e+00 -1.070838567717810275e+00 -8.564586362613870740e-01 -6.716398670786355440e-01 -5.115027958335321978e-01 -3.694984584848882148e-01 -2.399263921552483858e-01 -1.181022372590537078e-01
-1.397792290791966263e-01 -2.845877037923974506e-01 -4.399547645068972446e-01 -6.123827399125255644e-01 -8.092605999628992297e-01 -1.036300695836379404e+00 -1.289342154316742484e+00 -1.541235289324900615e+00 -1.736702734473894782e+00 -1.813493609361871872e+00 -1.743658297411934344e+00 -1.555632925950960255e+00 -1.311944239880587171e+00 -1.067962852459159784e+00 -8.509236719404800198e-01 -6.651769571933152658e-01 -5.053135467184481922e-01 -3.643447475117015943e-01 -2.362726536036958147e-01 -1.162145627089554573e-01
-1.329554588073330879e-01 -2.705922028480679531e-01 -4.179728033480996086e-01 -5.808640460229171909e-01 -7.655131300474516953e-01 -9.762441963917938281e-01 -1.208300203504413695e+00 -1.436765741007718811e+00 -1.612665584208824665e+00 -1.681594674323567240e+00 -1.619260997137810021e+00 -1.450399259214605108e+00 -1.229677475456105951e+00 -1.006177161936466113e+00 -8.049126526515778535e-01 -6.308308458321763013e-01 -4.798995904640554477e-01 -3.462530610675462195e-01 -2.246010334136404052e-01 -1.104831071380888291e-01
-1.214471769012235441e-01 -2.468190066175662278e-01 -3.802101746095474799e-01 -5.259542582794024534e-01 -6.881949691463032925e-01 -8.688348024141683279e-01 -1.062273263640260978e+00 -1.247901973023694433e+00 -1.388243946666382733e+00 -1.442982432702391904e+00 -1.394354510721948603e+00 -1.260485490405518938e+00 -1.081928812389306938e+00 -8.962870127736703996e-01 -7.242874686730343958e-01 -5.717158724472679587e-01 -4.369337818449997024e-01 -3.161334957661618983e-01 -2.053921704168299722e-01 -1.011166255383257051e-01
-1.060122583240472732e-01 -2.150057102954734123e-01 -3.299290111494898037e-01 -4.535459620826719496e-01 -5.878839894351982620e-01 -7.326606877841517207e-01 -8.819904459937744079e-01 -1.020310870774412848e+00 -1.122229777672217210e+00 -1.161757112140169079e+00 -1.127688189439190802e+00 -1.031502812924808277e+00 -8.993929150149365670e-01 -7.568862658595418846e-01 -6.196757475547229888e-01 -4.938187034880546777e-01 -3.798223446380206147e-01 -2.759344783828647230e-01 -1.797156110627623760e-01 -8.859110071845292811e-02
-8.759524767652211719e-02 -1.772529263921655829e-01 -2.708772372683249108e-01 -3.699507545388109886e-01 -4.749982762959292781e-01 -5.845092562864185881e-01 -6.931563534730801335e-01 -7.900545600251968059e-01 -8.594607060099924700e-01 -8.862472535819075903e-01 -8.640825440235839761e-01 -7.994976662739814444e-01 -7.077830283934902766e-01 -6.048105791502413897e-01 -5.015908227677075004e-01 -4.035992800157336968e-01 -3.125262402496565284e-01 -2.280569240496742589e-01 -1.489438016870350268e-01 -7.353209683162785504e-02
-6.711547180913321475e-02 -1.355301143850939638e-01 -2.063491384627091918e-01 -2.802173558986008617e-01 -3.568961757397252632e-01 -4.346046993888224574e-01 -5.091761566120831528e-01 -5.735195279463671802e-01 -6.184624811969086089e-01 -6.357610801446036408e-01 -6.220802834274101745e-01 -5.808936980749002110e-01 -5.205676472164595392e-01 -4.503812344456211147e-01 -3.775305280847483513e-01 -3.062986756699971336e-01 -2.385995760384381492e-01 -1.748198174516002179e-01 -1.144702523088836077e-01 -5.659344904897672945e-02
-4.533644690498540852e-02 -9.140201309793734297e-02 -1.387646207674544663e-01 -1.876295060630286948e-01 -2.375632154631391046e-01 -2.871379501386335797e-01 -3.335816660974166292e-01 -3.727052768738869371e-01 -3.995376861387650025e-01 -4.098607094855344912e-01 -4.020214052750492040e-01 -3.777608133884983732e-01 -3.413786917691525313e-01 -2.979212048302398164e-01 -2.516517611914519392e-01 -2.054218735851783828e-01 -1.607464166553343732e-01 -1.181516266687798883e-01 -7.752386143412018371e-02 -3.837142228845624725e-02
-2.282828571230907308e-02 -4.597667453780138191e-02 -6.967636245835634456e-02 -9.396392757221193326e-02 -1.185484927305977404e-01 -1.426605747391151424e-01 -1.649341134827399524e-01 -1.834369231820437429e-01 -1.959938733003537270e-01 -2.008276363946166765e-01 -1.972571123380004177e-01 -1.860064126512979144e-01 -1.688936292296883135e-01 -1.481323727087521525e-01 -1.256930468967065728e-01 -1.029818553248664226e-01 -8.081117686711560000e-02 -5.951623631175966683e-02 -3.910212118042120238e-02 -1.936838280110035615e-02
