-7.984692793592410368e-03 -1.577024811058272413e-02 -2.315772872788344344e-02 -2.995032745300666918e-02 -3.595841677177482459e-02 -4.100812088919263826e-02 -4.495279375776285030e-02 -4.768544909108917568e-02 -4.914928599091979156e-02 -4.934350192689932607e-02 -4.832235679408983936e-02 -4.618740191870022993e-02 -4.307442207869006251e-02 -3.913787764162030003e-02 -3.453583851821129952e-02 -2.941767528481351382e-02 -2.391576137872165539e-02 -1.814147132051562375e-02 -1.218502810625428368e-02 -6.118333008879706970e-03
-1.616852009830137965e-02 -3.193857623063483392e-02 -4.691034374204518936e-02 -6.068518387684261606e-02 -7.287523668227521845e-02 -8.312127789010340106e-02 -9.111760975117083605e-02 -9.663970436364088812e-02 -9.956820000950861171e-02 -9.990238158671192747e-02 -9.775854436978935469e-02 -9.335286422747408885e-02 -8.697243015823295786e-02 -7.894126465731454712e-02 -6.958782355734534353e-02 -5.921910812436886190e-02 -4.810389089295438042e-02 -3.646509157276426466e-02 -2.448029148110622555e-02 -1.228830392897417405e-02
-2.475081195439082088e-02 -4.890520824250999682e-02 -7.185990646510918844e-02 -9.300485184881111811e-02 -1.117360839309060327e-01 -1.274841511379911640e-01 -1.397566532546717089e-01 -1.481875657226365550e-01 -1.525814493666199367e-01 -1.529392966966777179e-01 -1.494566340035931584e-01 -1.424931089883967328e-01 -1.325212134694889188e-01 -1.200669683385826997e-01 -1.056550908751081874e-01 -8.976706660095631896e-02 -7.281559555465026701e-02 -5.513470188068150812e-02 -3.698273583752430954e-02 -1.855457600965379136e-02
-3.392950963012607984e-02 -6.707154119775156353e-02 -9.861923677051437354e-02 -1.277382847441076441e-01 -1.535801310534391784e-01 -1.753226241462840507e-01 -1.922373087805652192e-01 -2.037724609943630250e-01 -2.096307673765042123e-01 -2.098167586527656114e-01 -2.046356209334049270e-01 -1.946417698355477621e-01 -1.805523771952114997e-01 -1.631503369640902590e-01 -1.431985333904470248e-01 -1.213784982793608552e-01 -9.825673675066455559e-02 -7.427541117753957978e-02 -4.976136528028794748e-02 -2.494727077839341278e-02
-4.389567297359836529e-02 -8.683220905415114932e-02 -1.278072247943735362e-01 -1.657489505643453820e-01 -1.995235798264927973e-01 -2.279889331524324048e-01 -2.500975324598366245e-01 -2.650342221040061230e-01 -2.723524476887111412e-01 -2.720613930166782546e-01 -2.646273833628947081e-01 -2.508860026879325966e-01 -2.318962180277281959e-01 -2.087834954433572809e-01 -1.826102333902244468e-01 -1.542916882572648862e-01 -1.245574761182085821e-01 -9.394886789242737346e-02 -6.284006247972932779e-02 -3.147316104017516825e-02
-5.482097164178977716e-02 -1.085543969477037046e-01 -1.600285246075615619e-01 -2.079267576759663561e-01 -2.507763399932045334e-01 -2.870120369299929419e-01 -3.151296748400103653e-01 -3.339144509690737950e-01 -3.426834170180260153e-01 -3.414489912486550205e-01 -3.309265404926547416e-01 -3.123786591989967110e-01 -2.873630184527088405e-01 -2.574772245422064509e-01 -2.241672476873725339e-01 -1.886206067778636031e-01 -1.517326514914612567e-01 -1.141225664911329069e-01 -7.617689705442663717e-02 -3.810532628829155222e-02
-6.683379947433255863e-02 -1.325358688556377562e-01 -1.958257115392922909e-01 -2.551531960469682891e-01 -3.086428738475364142e-01 -3.541528568710322622e-01 -3.894940653830629151e-01 -4.128096303286356572e-01 -4.230169204914367986e-01 -4.201239639257225433e-01 -4.052507660191945194e-01 -3.803389398509292030e-01 -3.476999565788353452e-01 -3.095951537478096594e-01 -2.679609807940906974e-01 -2.242908733972757973e-01 -1.796300067781379517e-01 -1.346318921526225565e-01 -8.963965099533158232e-02 -4.477126458214368554e-02
-7.997836205607995741e-02 -1.589295657940277828e-01 -2.355851409529792773e-01 -3.082168360301072441e-01 -3.744871654890455370e-01 -4.314578183184513138e-01 -4.758758059343746738e-01 -5.048018992432959928e-01 -5.164392162397384300e-01 -5.107703252287848494e-01 -4.896084339516705297e-01 -4.560240962842096457e-01 -4.135019856577007435e-01 -3.652423155029469459e-01 -3.137906682634220568e-01 -2.609519502894202536e-01 -2.078646454234776286e-01 -1.551353641548108009e-01 -1.029785798058119178e-01 -5.134007751604671016e-02
-9.415006824422778031e-02 -1.876186342002414409e-01 -2.793670220128364745e-01 -3.676358745489963220e-01 -4.496125928010922812e-01 -5.212718582379511911e-01 -5.776718247794824235e-01 -6.139781757361573167e-01 -6.270605457557189011e-01 -6.168265767082394824e-01 -5.863397286564980826e-01 -5.406252960004784835e-01 -4.850343030170669034e-01 -4.240796438821126113e-01 -3.610071487132605617e-01 -2.978616005186836557e-01 -2.357412933305599589e-01 -1.750663349157741133e-01 -1.157992241609631795e-01 -5.761046821926184280e-02
-1.090030234288415084e-01 -2.180260189170317719e-01 -3.266181506185283356e-01 -4.333048136626291846e-01 -5.349244847236912515e-01 -6.260374549808657152e-01 -6.990134822458217156e-01 -7.456388571869906334e-01 -7.602415178013419705e-01 -7.425488668332739239e-01 -6.979536025757308026e-01 -6.349493536185167875e-01 -5.618784074246675475e-01 -4.850215802627501627e-01 -4.082941796078567442e-01 -3.337456747357031017e-01 -2.621725885638790943e-01 -1.935894704832961943e-01 -1.275415148123273668e-01 -6.330258009834552335e-02
-1.238346039201694004e-01 -2.488540290879144579e-01 -3.757194573418256023e-01 -5.038145729241833015e-01 -6.300422120051037966e-01 -7.472937989945268589e-01 -8.437747783197413476e-01 -9.053663049315835432e-01 -9.216703879260546017e-01 -8.920346998205710420e-01 -8.261309607180610248e-01 -7.385176420173156231e-01 -6.422306041791726594e-01 -5.457630035115195177e-01 -4.533885810525718485e-01 -3.666523447653113332e-01 -2.856137355466778494e-01 -2.095774369954660210e-01 -1.374748180082200621e-01 -6.805833983793281583e-02
-1.374755308061514081e-01 -2.777944626337253142e-01 -4.233667261216593203e-01 -5.752747013848023006e-01 -7.312943034030091605e-01 -8.826462985331338107e-01 -1.011541802551503055e+00 -1.094341966782199638e+00 -1.112628920721350889e+00 -1.065061298078381569e+00 -9.685352389188482958e-01 -8.474248580002791131e-01 -7.216367633992584185e-01 -6.021227743667915133e-01 -4.927888519301415471e-01 -3.938531855431598450e-01 -3.040516982631693566e-01 -2.216316982915429723e-01 -1.447220166840467448e-01 -7.145599248862517794e-02
-1.482550787743590337e-01 -3.013536738227271528e-01 -4.639886514231969517e-01 -6.398044237119587807e-01 -8.284801469820448627e-01 -1.019941580790051150e+00 -1.188880165476679407e+00 -1.298535079591790486e+00 -1.319006427403047521e+00 -1.247929697523996184e+00 -1.112526252957683814e+00 -9.507603699107816109e-01 -7.913061883856785661e-01 -6.474157268526382625e-01 -5.216187594165717645e-01 -4.118945604509381964e-01 -3.151053960574761170e-01 -2.281754486166148177e-01 -1.483256100700613422e-01 -7.304364219740266950e-02
-1.541492095928243267e-01 -3.150785301273315575e-01 -4.898230548002081575e-01 -6.849068921044988434e-01 -9.025319714765228651e-01 -1.131966561840338725e+00 -1.340407980902005303e+00 -1.477061788505450446e+00 -1.499426394905845950e+00 -1.403990248336133284e+00 -1.229299521359365155e+00 -1.027904886765625747e+00 -8.373444767804362199e-01 -6.725491681372750552e-01 -5.339748306948713941e-01 -4.169419045981708205e-01 -3.162933236635314671e-01 -2.276385699302460042e-01 -1.473613458295207623e-01 -7.239299770642260157e-02
-1.531892408551955020e-01 -3.144619202659889590e-01 -4.924804761774043138e-01 -6.958695316835945555e-01 -9.288369080615774820e-01 -1.180576651296672441e+00 -1.413437588309139237e+00 -1.567039863801805710e+00 -1.590119158442689473e+00 -1.478351636333677277e+00 -1.278148148177028043e+00 -1.052041642957008749e+00 -8.433696974782404210e-01 -6.678127572655209176e-01 -5.240811479115305982e-01 -4.055006791569017999e-01 -3.054758260763106303e-01 -2.187232111296252002e-01 -1.410881771087226233e-01 -6.916702851590618428e-02
-1.440467780597951275e-01 -2.963948809572005127e-01 -4.659683488455922395e-01 -6.617256955025633269e-01 -8.882566193703586022e-01 -1.135060305588116325e+00 -1.364523642165808237e+00 -1.515982284713812467e+00 -1.537820959731781789e+00 -1.425664631157472773e+00 -1.226211359250539701e+00 -1.002282047371208629e+00 -7.972047333717524609e-01 -6.263658988197883248e-01 -4.880879752020366169e-01 -3.753642974137324506e-01 -2.813705231717982258e-01 -2.006889647173455138e-01 -1.291010463998521207e-01 -6.318693937168087804e-02
-1.265024896354152439e-01 -2.603874443957885365e-01 -4.094168193370847919e-01 -5.810491875540010343e-01 -7.785751506076895589e-01 -9.921983929644018207e-01 -1.189419825932435781e+00 -1.318947300527130162e+00 -1.337547870624739232e+00 -1.241585417783640954e+00 -1.070177997453216623e+00 -8.763689092010585879e-01 -6.974424105340645275e-01 -5.474003479181139831e-01 -4.255781169592800506e-01 -3.263563997247638793e-01 -2.439372310885620232e-01 -1.735597578066128133e-01 -1.114400305305148914e-01 -5.447969363611666199e-02
-1.014984126608850373e-01 -2.086855029998238575e-01 -3.272961536290888707e-01 -4.623552630621098336e-01 -6.152316120777090447e-01 -7.775078694557240322e-01 -9.249185539701608727e-01 -1.020816049226732414e+00 -1.034912118597775432e+00 -9.647087835035146330e-01 -8.376325466118259566e-01 -6.914898389706486403e-01 -5.539024412824167243e-01 -4.364008197188916638e-01 -3.397273173812156433e-01 -2.604370211279954384e-01 -1.944500963891568346e-01 -1.381717883153749660e-01 -8.861955779773640629e-02 -4.329179749343962935e-02
-7.076056655738528767e-02 -1.452391940224850020e-01 -2.269972260995424818e-01 -3.187736758052546193e-01 -4.205810125078124906e-01 -5.262284184978234247e-01 -6.203173962842986056e-01 -6.808378810349753341e-01 -6.900683578473280066e-01 -6.465889100871367035e-01 -5.664687228727571799e-01 -4.723467655905624341e-01 -3.815912057574862848e-01 -3.023488286248270374e-01 -2.360615129911442511e-01 -1.811507552762366413e-01 -1.352472968400240116e-01 -9.605716696719732162e-02 -6.157458997748244123e-02 -3.006794787020953749e-02
-3.628472767307708985e-02 -7.437165432955926414e-02 -1.159151604770658900e-01 -1.620354798765784310e-01 -2.124055890417156645e-01 -2.637603274646244111e-01 -3.087843312743315805e-01 -3.374871647663627017e-01 -3.420080128322859347e-01 -3.217345206091917764e-01 -2.838052975108075748e-01 -2.384719752640971357e-01 -1.939270939842148433e-01 -1.543584322461895864e-01 -1.208282578021647041e-01 -9.282911531009123418e-02 -6.932804586619650822e-02 -4.923474296595395372e-02 -3.155368466644947745e-02 -1.540540678088824465e-02
