-1.259255945267547319e-02 -2.562104803347577467e-02 -3.953158442728649941e-02 -5.478576815313704329e-02 -7.185399259167904451e-02 -9.118453152509427284e-02 -1.131274018487085503e-01 -1.377798882896522081e-01 -1.647115405014427658e-01 -1.925533066824951789e-01 -2.185749039926942749e-01 -2.386565897590352814e-01 -2.482013137421854587e-01 -2.439718306706188944e-01 -2.257250262477037972e-01 -1.962554503859486876e-01 -1.598035205471181885e-01 -1.201844607059112113e-01 -7.981742346908901609e-02 -3.972825972075652579e-02
-2.474918749353350114e-02 -5.036006300072725511e-02 -7.771953096755902790e-02 -1.077574812410932448e-01 -1.414455685006113794e-01 -1.797557917600277611e-01 -2.235386255311939130e-01 -2.732458632008041288e-01 -3.283730929449680258e-01 -3.865001032757956478e-01 -4.421031906813971957e-01 -4.861210977455870941e-01 -5.078796475529828713e-01 -4.996474282408081558e-01 -4.609065526468783536e-01 -3.984710605572499009e-01 -3.223257406260711111e-01 -2.409677754745366829e-01 -1.593193662336576666e-01 -7.908844390446453931e-02
-3.604414716868484941e-02 -7.335050948358716461e-02 -1.132290124523789993e-01 -1.570790263775278250e-01 -2.064145603355292680e-01 -2.628502557008093321e-01 -3.279962141563683153e-01 -4.031366039843450877e-01 -4.884102562409847192e-01 -5.810656926738138051e-01 -6.728119003792184527e-01 -7.481250207743446179e-01 -7.872922397387299709e-01 -7.755021100816975599e-01 -7.118966178529190225e-01 -6.098326237203300915e-01 -4.880584047260357328e-01 -3.613756950052042227e-01 -2.372359573539925826e-01 -1.172740632068425271e-01
-4.607689848140669037e-02 -9.376883951988719546e-02 -1.447669951799063770e-01 -2.009149325356069105e-01 -2.642818858643721791e-01 -3.372203365083872306e-01 -4.223603883206994425e-01 -5.223686488961011287e-01 -6.389514974589923790e-01 -7.700923898150989766e-01 -9.050454836556668381e-01 -1.020146319225278209e+00 -1.082948524800476875e+00 -1.068211301785616740e+00 -9.746544506774053040e-01 -8.254577196197457889e-01 -6.519230426405584478e-01 -4.769870811606988781e-01 -3.104065661127111131e-01 -1.526632920653896719e-01
-5.449462757138559543e-02 -1.108809516996750733e-01 -1.711552044263953687e-01 -2.375315490943261387e-01 -3.125738245305331175e-01 -3.993525767222538825e-01 -5.016024066444534357e-01 -6.236779700447325769e-01 -7.695104943900196171e-01 -9.387632265504680662e-01 -1.118882016564026083e+00 -1.277429644529894492e+00 -1.367081313468860637e+00 -1.350042918986752438e+00 -1.224573166678550207e+00 -1.025789994858158138e+00 -7.998027648005603396e-01 -5.784610986390661402e-01 -3.732823296125121204e-01 -1.826939774828324758e-01
-6.102065373958976552e-02 -1.241051432185852205e-01 -1.914412993735202795e-01 -2.654816390330601572e-01 -3.491217131939539087e-01 -4.459432481759276756e-01 -5.605247400260732205e-01 -6.986083656013594156e-01 -8.660998246196575101e-01 -1.064392462325377764e+00 -1.279899240819651896e+00 -1.473230553986153657e+00 -1.584687116287421205e+00 -1.565855318541943930e+00 -1.414621610622085468e+00 -1.176249081875036628e+00 -9.092227868095469345e-01 -6.525270377340298689e-01 -4.187328034255159426e-01 -2.042885415503255531e-01
-6.548285107846252284e-02 -1.330776540525147877e-01 -2.050231679653057582e-01 -2.838311006322924435e-01 -3.724769422253631501e-01 -4.746700189565487005e-01 -5.952166981918526334e-01 -7.402653020728555688e-01 -9.163347486641256756e-01 -1.125370678453446072e+00 -1.353416929650136824e+00 -1.558687377242992111e+00 -1.677204752117932740e+00 -1.656874446284321678e+00 -1.495454114163576209e+00 -1.241725712699321305e+00 -9.584595369974879819e-01 -6.871124860929757050e-01 -4.406538040831758374e-01 -2.149286765796767640e-01
-6.783309267566219047e-02 -1.376994686157133607e-01 -2.117425727628277077e-01 -2.923416506672100734e-01 -3.822724038642132949e-01 -4.849270114901892970e-01 -6.045928126439295003e-01 -7.465811890675833062e-01 -9.162208630220800565e-01 -1.114323036179032167e+00 -1.327137417961289811e+00 -1.516073123986581450e+00 -1.623160725422396533e+00 -1.601541761045731871e+00 -1.449148196346971229e+00 -1.209740039307490633e+00 -9.400616525207317054e-01 -6.782808726067193206e-01 -4.371702536992355670e-01 -2.138797200808919552e-01
-6.815006340034163168e-02 -1.381445770008833396e-01 -2.119059719977097189e-01 -2.915196754026481707e-01 -3.793333920321580455e-01 -4.780743668967019078e-01 -5.909568309166967071e-01 -7.215857320441450007e-01 -8.729182784281486196e-01 -1.043648645057847490e+00 -1.220893244119780841e+00 -1.373308788373249989e+00 -1.456025562587440758e+00 -1.433464043718201797e+00 -1.303942633782564808e+00 -1.100430599688160482e+00 -8.665642084101241593e-01 -6.330816614995313785e-01 -4.119093633368438589e-01 -2.026637172853190116e-01
-6.662262695894358155e-02 -1.348228520967253430e-01 -2.062170710053397027e-01 -2.824971765838020787e-01 -3.654603094254512685e-01 -4.570170463754450463e-01 -5.591316032214465048e-01 -6.735361092671736660e-01 -8.007604836983943652e-01 -9.376152396759871444e-01 -1.072788316952667076e+00 -1.183361197713391100e+00 -1.238882470614409481e+00 -1.215954130280468393e+00 -1.113330707656206675e+00 -9.523770219638890699e-01 -7.623691129457903504e-01 -5.654910962992696355e-01 -3.721804306296906395e-01 -1.843801250843300488e-01
-6.351762385606839201e-02 -1.283071913636788242e-01 -1.956423002004512302e-01 -2.667914119327536304e-01 -3.429903342059896221e-01 -4.253711707549489018e-01 -5.148008977766131977e-01 -6.115223663258818609e-01 -7.143682105810584826e-01 -8.192210428227878483e-01 -9.168170144640169772e-01 -9.915635255916662727e-01 -1.024590986696358952e+00 -1.002002921482928022e+00 -9.229230043887803880e-01 -7.997384487252821028e-01 -6.502864929366849456e-01 -4.894254017919998923e-01 -3.257039284486367148e-01 -1.624399257511669192e-01
-5.914070875449138620e-02 -1.192460410537976162e-01 -1.812535646026063874e-01 -2.460357952905550261e-01 -3.143372498648311919e-01 -3.866651226312541323e-01 -4.630989656088640993e-01 -5.429620142256850190e-01 -6.242698835085926934e-01 -7.029015111346418321e-01 -7.717136872330080388e-01 -8.204859135378880231e-01 -8.380163177927422158e-01 -8.164461763720683996e-01 -7.551691050951390149e-01 -6.609530903990423756e-01 -5.441668639297696508e-01 -4.144089616938211873e-01 -2.783133833935592660e-01 -1.395883936390871216e-01
-5.379918182310182428e-02 -1.082827263420584607e-01 -1.640901405195629437e-01 -2.217609503786626690e-01 -2.816574565031758626e-01 -3.438500045786802573e-01 -4.079456616746753306e-01 -4.728387978646692025e-01 -5.363725311200154833e-01 -5.949517538589556009e-01 -6.432985563822634090e-01 -6.747756961484092653e-01 -6.827375797092184451e-01 -6.627361468174807202e-01 -6.143533175366454602e-01 -5.412650975540364007e-01 -4.494953927693760010e-01 -3.452235534204932677e-01 -2.334245204047789013e-01 -1.175758573005088736e-01
-4.777330266088730681e-02 -9.599556388949967434e-02 -1.450633229215124442e-01 -1.952604319551770884e-01 -2.466815898318110434e-01 -2.991311890617468494e-01 -3.519902280453066079e-01 -4.040500292804010130e-01 -4.533289404151645274e-01 -4.969270527126988246e-01 -5.310423520320344259e-01 -5.513350508844385711e-01 -5.537671304722525667e-01 -5.357406957831303274e-01 -4.969703953563671672e-01 -4.395221606806560266e-01 -3.670029918388784673e-01 -2.834579092021553559e-01 -1.925582112121384248e-01 -9.728533623489678261e-02
-4.129848047235745029e-02 -8.286291035636442204e-02 -1.249071744616871982e-01 -1.675358942098359727e-01 -2.106773186946066800e-01 -2.540028964995424410e-01 -2.968333395243503148e-01 -3.380381937643113233e-01 -3.759500097179849232e-01 -4.083358038179103477e-01 -4.324945681991564372e-01 -4.455548454479619780e-01 -4.449892104635949086e-01 -4.292212156665954348e-01 -3.980608814454673627e-01 -3.527318009419315725e-01 -2.954846035195818343e-01 -2.290296373719449552e-01 -1.560607341268512860e-01 -7.900646134620602223e-02
-3.455771610490584317e-02 -6.925044103147424968e-02 -1.041665957453891955e-01 -1.392986737785814333e-01 -1.744889285004644075e-01 -2.093697914505581181e-01 -2.433019888271833742e-01 -2.753189729937042252e-01 -3.040951666203031700e-01 -3.279656271303466597e-01 -3.450314247069521389e-01 -3.533762267320822437e-01 -3.513812937298813055e-01 -3.380614676335816360e-01 -3.132951975388879040e-01 -2.778451637779853489e-01 -2.331676867510091289e-01 -1.811132335749641442e-01 -1.236481224593092981e-01 -6.267968177217463077e-02
-2.768197754587586185e-02 -5.541457637188468982e-02 -8.321014490741518443e-02 -1.110033265293611376e-01 -1.386099645754335641e-01 -1.656854058785228456e-01 -1.916858951004275224e-01 -2.158405259328074477e-01 -2.371459135495748161e-01 -2.543996062456964635e-01 -2.662880467337379042e-01 -2.715351509425991128e-01 -2.690953327563823105e-01 -2.583451848167554465e-01 -2.392110179854793073e-01 -2.121846801589572784e-01 -1.782272174030861134e-01 -1.386073339974331908e-01 -9.473883818766788700e-02 -4.806414303537234756e-02
-2.075563230671014642e-02 -4.151576145661078215e-02 -6.225610101460433976e-02 -8.289454701796424019e-02 -1.032622260147059157e-01 -1.230760082105647885e-01 -1.419156926021313547e-01 -1.592113631141843233e-01 -1.742483855450812080e-01 -1.861988512899896142e-01 -1.941859610312321460e-01 -1.973808965133996562e-01 -1.951195180378227367e-01 -1.870127471169536204e-01 -1.730188769279155103e-01 -1.534552641936373640e-01 -1.289491549475206278e-01 -1.003500646911361233e-01 -6.863576475257171516e-02 -3.483806287261416446e-02
-1.382480836155142861e-02 -2.763676043298140400e-02 -4.140397020911771447e-02 -5.505656043852400622e-02 -6.846841917796445132e-02 -8.144072822626195751e-02 -9.368954778759422397e-02 -1.048408821130491914e-01 -1.144374433862515167e-01 -1.219614834916744189e-01 -1.268760713614798807e-01 -1.286829790746529256e-01 -1.269891227159936076e-01 -1.215674231531632538e-01 -1.123965070529984872e-01 -9.966838306732189734e-02 -8.376410701598382968e-02 -6.520802125433379504e-02 -4.461610363389086065e-02 -2.265233247130300082e-02
-6.906831903111970185e-03 -1.380250810622938966e-02 -2.066644346721738940e-02 -2.745929354750710483e-02 -3.411416339831914446e-02 -4.052895219838643232e-02 -4.656092300873092976e-02 -5.202521259356869543e-02 -5.669906088408196987e-02 -6.033360062987781075e-02 -6.267387988296221901e-02 -6.348585850011899401e-02 -6.258657778866942578e-02 -5.987133903439535026e-02 -5.533137228537186175e-02 -4.905765758824075923e-02 -4.123089071765545510e-02 -3.210179632899398672e-02 -2.196826630861929003e-02 -1.115515094076067679e-02
