-9.160911932271757763e-02 -1.928776125497096705e-01 -3.056716556309908017e-01 -4.147460939740597596e-01 -4.893924449897517071e-01 -5.019537751864617814e-01 -4.506053598951535455e-01 -3.616209470191830699e-01 -2.685935416655672037e-01 -1.922328513638450476e-01 -1.370725695302626446e-01 -9.912975221511044488e-02 -7.296683749905655270e-02 -5.443401703438521116e-02 -4.084755325854975277e-02 -3.052498890278054419e-02 -2.238739792761725717e-02 -1.571398155927329621e-02 -9.998463085031853922e-03 -4.862505254510608374e-03
-1.618319894020866512e-01 -3.379485402665661220e-01 -5.299734132560575128e-01 -7.126450551926574173e-01 -8.369984178350030612e-01 -8.595399570077265627e-01 -7.775504238753426778e-01 -6.325950205493130474e-01 -4.783818133583818688e-01 -3.490501228581172066e-01 -2.532925356608896061e-01 -1.857749604617881245e-01 -1.382000413380761739e-01 -1.039101536467773867e-01 -7.843024200688929193e-02 -5.886495970325358873e-02 -4.331063544527800901e-02 -3.047007017450114805e-02 -1.941736795599639104e-02 -9.451562547598572547e-03
-2.018342714742500099e-01 -4.178075446133604487e-01 -6.479975902327548276e-01 -8.632896187302009361e-01 -1.009368791053799619e+00 -1.038622541326779780e+00 -9.482707527547149517e-01 -7.841498096817196561e-01 -6.060251753022741772e-01 -4.529758303640794015e-01 -3.363325925805623062e-01 -2.515199352685918432e-01 -1.900075356275914285e-01 -1.445606560620170400e-01 -1.100969930883129166e-01 -8.319390173728719029e-02 -6.152012706897299482e-02 -4.343830102073433647e-02 -2.774939746993470777e-02 -1.352636768312744965e-02
-2.112812837100579988e-01 -4.326604402513329894e-01 -6.618043958983659270e-01 -8.713792766507508780e-01 -1.013168153473645416e+00 -1.045746548849795010e+00 -9.669641427817912138e-01 -8.171534495078266458e-01 -6.496041807570372972e-01 -5.005958450411421845e-01 -3.824533268011235942e-01 -2.929782369994962110e-01 -2.256045812396312300e-01 -1.742118272533326184e-01 -1.342018268037042661e-01 -1.022934492787680866e-01 -7.613770090814783731e-02 -5.401362907140488251e-02 -3.461555848438042926e-02 -1.690450405558091909e-02
-1.978111120183735083e-01 -4.000875363982987487e-01 -6.021639813631769478e-01 -7.818871034858700941e-01 -9.033140668389412209e-01 -9.365511458137321110e-01 -8.803633652477012017e-01 -7.643845913595816999e-01 -6.285781356056731051e-01 -5.018106293709162502e-01 -3.959328788323638881e-01 -3.115648368548478708e-01 -2.451075648606528823e-01 -1.924676427034991699e-01 -1.502039893897454126e-01 -1.156403265658643154e-01 -8.672363516669791272e-02 -6.186297077552512652e-02 -3.979471328595548391e-02 -1.947607714491465455e-02
-1.722871848193826827e-01 -3.442371453134400738e-01 -5.098155138903376349e-01 -6.528009139764028301e-01 -7.497246558415073814e-01 -7.820043531193979769e-01 -7.491787586813262179e-01 -6.701696216242900572e-01 -5.712453121562236502e-01 -4.729370420100610373e-01 -3.855504883608211752e-01 -3.117847442880679609e-01 -2.507262372318521670e-01 -2.003397626335979287e-01 -1.585055621806958082e-01 -1.233402301972415932e-01 -9.325359629833877839e-02 -6.691992298125665206e-02 -4.322424847289251665e-02 -2.120509100226660587e-02
-1.436953461435766521e-01 -2.842233027240301801e-01 -4.153523414834215943e-01 -5.258501427215717117e-01 -6.015805185218409123e-01 -6.320847275926123610e-01 -6.173416373262268220e-01 -5.683744660388017067e-01 -5.010606007615491242e-01 -4.290140937668575072e-01 -3.604918207173853917e-01 -2.990928539031442179e-01 -2.456428699700603513e-01 -1.996562754356891733e-01 -1.601380316867153930e-01 -1.259614647106537255e-01 -9.603066241447756612e-02 -6.933891084678048267e-02 -4.497727406797946692e-02 -2.212002454116280062e-02
-1.171126067604273541e-01 -2.300247877053108736e-01 -3.331158707723612111e-01 -4.187249044308665735e-01 -4.785255708376254802e-01 -5.068402855451880074e-01 -5.037969202833837423e-01 -4.755732601031190110e-01 -4.314464109150416005e-01 -3.801629198942169663e-01 -3.279508693217936255e-01 -2.783824647147548070e-01 -2.330859381878153946e-01 -1.925033474613790097e-01 -1.564287812347135431e-01 -1.243369915460088709e-01 -9.556873959460722434e-02 -6.942782449240522680e-02 -4.522590792358761186e-02 -2.229771350039996824e-02
-9.443161972525138115e-02 -1.847233170569050342e-01 -2.661942985994566468e-01 -3.335551873843075610e-01 -3.817641599843832334e-01 -4.076493162485651522e-01 -4.113244768834806719e-01 -3.962636162502504722e-01 -3.679157014897134759e-01 -3.318783335712834348e-01 -2.926737830250633610e-01 -2.533823185949532486e-01 -2.158125070544625046e-01 -1.808421344853352042e-01 -1.487367865738526418e-01 -1.193890366919107549e-01 -9.247953687103041553e-02 -6.757776702901927002e-02 -4.420083022546333201e-02 -2.184491170609761598e-02
-7.583218783633972893e-02 -1.480619595613741069e-01 -2.129592452802871738e-01 -2.667843303362447682e-01 -3.063116774619147331e-01 -3.296315352944602095e-01 -3.367851309567825302e-01 -3.297696983434048046e-01 -3.118647397627045126e-01 -2.866902402899226265e-01 -2.574655831749353974e-01 -2.266570872930247504e-01 -1.959391840578296184e-01 -1.663158803997973334e-01 -1.382872369364387677e-01 -1.120028923617751443e-01 -8.738265386256113820e-02 -6.420291158944617382e-02 -4.215473764833654879e-02 -2.088110897001475147e-02
-6.082653137047742964e-02 -1.187063485137069691e-01 -1.707336616322342737e-01 -2.141996777932695384e-01 -2.469163814311464700e-01 -2.676264630285148938e-01 -2.762959005071313201e-01 -2.740955282416589478e-01 -2.630522979802684680e-01 -2.455418789507708699e-01 -2.238386281870981265e-01 -1.998408257374506558e-01 -1.749712628911380130e-01 -1.501950201184699407e-01 -1.260934449103719990e-01 -1.029526923292467394e-01 -8.084532488027133812e-02 -5.969651982241170468e-02 -3.933411560015368652e-02 -1.952478919841373756e-02
-4.876662827150665680e-02 -9.520027102977585143e-02 -1.370623532154902902e-01 -1.723518658460155561e-01 -1.995108602246431495e-01 -2.176448406891826337e-01 -2.266631695550805625e-01 -2.272564344876080722e-01 -2.207036038250097532e-01 -2.085852384681127492e-01 -1.925060009703693231e-01 -1.738963400745805465e-01 -1.539100696179995786e-01 -1.333995704064233900e-01 -1.129388786341434942e-01 -9.286915705737980309e-02 -7.334947308088858586e-02 -5.440377872146637261e-02 -3.596044918277457175e-02 -1.788395648970810339e-02
-3.903963299822638816e-02 -7.626552507470690800e-02 -1.099630481195919413e-01 -1.386335280496062972e-01 -1.611289505288588386e-01 -1.767774289695398515e-01 -1.854544197715085052e-01 -1.875628166357425630e-01 -1.839202285422495142e-01 -1.755894305219674323e-01 -1.637038625451426033e-01 -1.493285326164999760e-01 -1.333731960932396376e-01 -1.165543918889538066e-01 -9.939341533313658661e-02 -8.223562843205192707e-02 -6.527966598423229350e-02 -4.860870774649640041e-02 -3.221997544187057971e-02 -1.605060809901707325e-02
-3.112638449746626956e-02 -6.085914848360838431e-02 -8.789076480215880782e-02 -1.110902180040246184e-01 -1.295939174056678633e-01 -1.428814633402425427e-01 -1.508142453738534894e-01 -1.536202166579477002e-01 -1.518251131443592861e-01 -1.461484704528649980e-01 -1.373915359493474708e-01 -1.263408038223955421e-01 -1.136998604829358855e-01 -1.000514608893055407e-01 -8.584479890030689841e-02 -7.140033271018392247e-02 -5.692488127711042151e-02 -4.253144026511455206e-02 -2.826016630508133495e-02 -1.409852304560359551e-02
-2.460677346304616930e-02 -4.815395617745701906e-02 -6.965067468743442458e-02 -8.824269429888256799e-02 -1.032750663878527070e-01 -1.143403068068785111e-01 -1.213009448643179167e-01 -1.242787715308349555e-01 -1.236116462568643826e-01 -1.197878790858892678e-01 -1.133730730556205685e-01 -1.049433512226173315e-01 -9.503404947342911080e-02 -8.410685273257656469e-02 -7.253404516010122927e-02 -6.059605854481157905e-02 -4.848810112096118424e-02 -3.633202548761440415e-02 -2.419074933698440316e-02 -1.208333731927230606e-02
-1.914677338533399276e-02 -3.749924885252168411e-02 -5.431531714153205181e-02 -6.895486812734495652e-02 -8.092338659647502208e-02 -8.990379968406406186e-02 -9.577053271702450077e-02 -9.858235872539208855e-02 -9.855488614566597361e-02 -9.601839156504755890e-02 -9.136955970173746278e-02 -8.502551246443962318e-02 -7.738617959219082354e-02 -6.880792307284007425e-02 -5.958852925289273572e-02 -4.996180138276519467e-02 -4.009944967835905871e-02 -3.011783298134373607e-02 -2.008748585876237239e-02 -1.004408823736516881e-02
-1.448106977946502644e-02 -2.838096606768108349e-02 -4.115651204648257400e-02 -5.233809511474211279e-02 -6.155985947216402465e-02 -6.858101029523408498e-02 -7.329507084363072467e-02 -7.572530769632940251e-02 -7.600720693039764164e-02 -7.436128078844439493e-02 -7.106130868226914754e-02 -6.640300001453701417e-02 -6.067726965293449015e-02 -5.415019210280196810e-02 -4.705040454573748004e-02 -3.956319318340439234e-02 -3.183009355894352022e-02 -2.395239699734839911e-02 -1.599729256948367873e-02 -8.005544834590917064e-03
-1.039654808464183372e-02 -2.038704696992946208e-02 -2.959168725111842313e-02 -3.768117452332719886e-02 -4.439695835476546726e-02 -4.956533265555545381e-02 -5.310344949471944298e-02 -5.501662381525855572e-02 -5.538737643058525700e-02 -5.435825782458673233e-02 -5.211140722420376514e-02 -4.884794638867750310e-02 -4.476975123499307707e-02 -4.006522874524766353e-02 -3.489974148730444481e-02 -2.941051124044116033e-02 -2.370535745540755870e-02 -1.786439070426743686e-02 -1.194376467624763162e-02 -5.980822524769561360e-03
-6.718059645308989587e-03 -1.317898584065116570e-02 -1.914202633730962069e-02 -2.439795892685377166e-02 -2.878150712021664698e-02 -3.217993560312814444e-02 -3.453679025067577651e-02 -3.585039232570453455e-02 -3.616745408787250260e-02 -3.557299222498744307e-02 -3.417814871430932544e-02 -3.210766004817788150e-02 -2.948859923983489575e-02 -2.644126787320591129e-02 -2.307285072442854384e-02 -1.947376765830909420e-02 -1.571645175203405936e-02 -1.185604927210557463e-02 -7.932571343334252761e-03 -3.974003320341655369e-03
-3.296715914172779118e-03 -6.468798975817242544e-03 -9.399495302158613133e-03 -1.198715781795912233e-02 -1.415119428705177013e-02 -1.583612818178285753e-02 -1.701340174373462341e-02 -1.768071054483623394e-02 -1.785907516744181592e-02 -1.758815336343164462e-02 -1.692056759451230144e-02 -1.591598902537286545e-02 -1.463574606915464711e-02 -1.313840761637801065e-02 -1.147662794801451898e-02 -9.695258213665462060e-03 -7.830628373604851117e-03 -5.910792076797838704e-03 -3.956495084341963078e-03 -1.982625723844926718e-03
