-6.794545565924537192e-03 -1.400670699175243263e-02 -2.210928186572245352e-02 -3.169828764814187211e-02 -4.359121557937942898e-02 -5.898348869068253258e-02 -7.970779049766030244e-02 -1.086335132235144996e-01 -1.500596425049624816e-01 -2.092479487539157801e-01 -2.891162796427072523e-01 -3.829116987916747483e-01 -4.678434601129375925e-01 -5.111295139010723076e-01 -4.911853809387216052e-01 -4.151413114688650707e-01 -3.124639185141476205e-01 -2.122523222296849033e-01 -1.282191271350608397e-01 -5.983840151751075587e-02
-1.317149443934988000e-02 -2.712300665954685969e-02 -4.273211272935707045e-02 -6.109255805905323272e-02 -8.368169014170434572e-02 -1.126191933192378924e-01 -1.510790690680451354e-01 -2.038882850822160420e-01 -2.780284634812122402e-01 -3.816446385588910251e-01 -5.185089188891708334e-01 -6.763721071319089839e-01 -8.173388504759845352e-01 -8.881181328101109829e-01 -8.539008494943776117e-01 -7.260776819809270366e-01 -5.521538664820085929e-01 -3.796862131624879622e-01 -2.319420014122953733e-01 -1.090643430149735027e-01
-1.876841567424884089e-02 -3.858171259159881572e-02 -6.060358625704725249e-02 -8.625798804285138288e-02 -1.174218042171669141e-01 -1.567102617784789653e-01 -2.079102687836411889e-01 -2.765722351627469822e-01 -3.704108817194156633e-01 -4.979654827795639838e-01 -6.622550675031145806e-01 -8.479451067903724937e-01 -1.011170445349122815e+00 -1.091489387444443349e+00 -1.049678774263535619e+00 -8.984201004398127965e-01 -6.911388960632206535e-01 -4.819676510782478496e-01 -2.983142143117190059e-01 -1.415547056378561874e-01
-2.332045312667674689e-02 -4.783183129001934014e-02 -7.484252033586946684e-02 -1.059138537775778238e-01 -1.430351352087780581e-01 -1.888659550820196986e-01 -2.470754152949572457e-01 -3.227527189065954039e-01 -4.225387032922106600e-01 -5.531238411723478077e-01 -7.154226452967407113e-01 -8.934729726776736713e-01 -1.046229565493723923e+00 -1.118850976939885777e+00 -1.076102470518105703e+00 -9.291470841482842857e-01 -7.258098547496285580e-01 -5.154690524676209806e-01 -3.244335352910215353e-01 -1.557132125689696667e-01
-2.668155165158141509e-02 -5.458263667425443388e-02 -8.502077046384716452e-02 -1.195195978864342090e-01 -1.599371810069570854e-01 -2.086236774883956369e-01 -2.686071195228937891e-01 -3.437482684872658623e-01 -4.385633834687668875e-01 -5.567536084518360795e-01 -6.967233574779626570e-01 -8.438275371648588097e-01 -9.653806619143590062e-01 -1.019740264876179525e+00 -9.805763957020602328e-01 -8.559375017400082664e-01 -6.813345776712251833e-01 -4.945720603231356649e-01 -3.174012065306014985e-01 -1.543280489241262987e-01
-2.882313071676371324e-02 -5.879636249809207238e-02 -9.113831567436521397e-02 -1.272064997687301913e-01 -1.685692269435223600e-01 -2.170725425532851194e-01 -2.748792822453165474e-01 -3.444080190397882379e-01 -4.279514809625259986e-01 -5.264194964950931199e-01 -6.363838507443370096e-01 -7.456570338776924434e-01 -8.311768040234249755e-01 -8.654423684680154771e-01 -8.314599021284683200e-01 -7.341109342310101482e-01 -5.960447137007719443e-01 -4.425043624095945094e-01 -2.896077753181091619e-01 -1.426380074410169840e-01
-2.981458004577264634e-02 -6.064133975476513477e-02 -9.352960035434794428e-02 -1.295988075709645637e-01 -1.700601607933026893e-01 -2.162123962688897449e-01 -2.693819193264719303e-01 -3.307445383512779835e-01 -4.008947039563087733e-01 -4.789095467493857394e-01 -5.606513250258042813e-01 -6.367108629297629774e-01 -6.920359186156379572e-01 -7.100740495174107103e-01 -6.808873628090984509e-01 -6.070500632015668474e-01 -5.015361322195810434e-01 -3.797342684136799096e-01 -2.527814657169992207e-01 -1.258891508948387916e-01
-2.979384041632903574e-02 -6.042479045980151536e-02 -9.273991570417138008e-02 -1.275989344879594478e-01 -1.658600043433218485e-01 -2.083329639483292028e-01 -2.556746282845850371e-01 -3.081844233840826952e-01 -3.654359919698776382e-01 -4.256657686358683579e-01 -4.849176809564494373e-01 -5.362983216955448107e-01 -5.703268159656408320e-01 -5.774369101097581725e-01 -5.520604382761504780e-01 -4.954288859870246142e-01 -4.145902775593759415e-01 -3.185608722426067074e-01 -2.147970942796800509e-01 -1.078801827976437477e-01
-2.893596555107937063e-02 -5.852403683771382342e-02 -8.940628929874301634e-02 -1.221969654573903247e-01 -1.574478675838878183e-01 -1.955842576748665906e-01 -2.367946306574147119e-01 -2.808532421841150595e-01 -3.268550819155818798e-01 -3.728622538256861629e-01 -4.155329250686414233e-01 -4.499698205699003695e-01 -4.702177248377845675e-01 -4.707255413474394357e-01 -4.483533249629702566e-01 -4.036656001433381880e-01 -3.404981128964197357e-01 -2.641697925515065215e-01 -1.796718478266936536e-01 -9.076563691078047558e-02
-2.742594369451996708e-02 -5.532907263573478424e-02 -8.416418609955274299e-02 -1.143347295285139231e-01 -1.461501908056738741e-01 -1.797613962613540950e-01 -2.150653983981079542e-01 -2.515728162772091214e-01 -2.882395274937359364e-01 -3.232859983531599091e-01 -3.540727651114519148e-01 -3.771666586207561567e-01 -3.887687746718263559e-01 -3.855619741925587207e-01 -3.657159159740616117e-01 -3.294989502041395513e-01 -2.790922143915076092e-01 -2.177549961807201395e-01 -1.488951506546491999e-01 -7.549651225615565397e-02
-2.543872232235894204e-02 -5.120209552428874045e-02 -7.758659158875780282e-02 -1.048275467420235613e-01 -1.330566971984750435e-01 -1.622456826610776393e-01 -1.921325457127402714e-01 -2.221321149212240331e-01 -2.512396345941338982e-01 -2.779525601599687201e-01 -3.002578206993152254e-01 -3.157530738164000539e-01 -3.219624242926565350e-01 -3.168325404753528640e-01 -2.992575736856880608e-01 -2.693861211344474316e-01 -2.285437454201099117e-01 -1.788330627673513362e-01 -1.226480383822275005e-01 -6.232307739337580171e-02
-2.312685124751517884e-02 -4.645398435114073132e-02 -7.015249194636986874e-02 -9.433210263233288151e-02 -1.190033214677626433e-01 -1.440320392097878544e-01 -1.690869294142705315e-01 -1.935832788204527866e-01 -2.166337412989909617e-01 -2.370247536415509559e-01 -2.532472836962070262e-01 -2.636134099693761557e-01 -2.664758339885370253e-01 -2.605241784823203455e-01 -2.450732599803736034e-01 -2.202282861641588485e-01 -1.868550354763332533e-01 -1.463819634751885035e-01 -1.005397837241901321e-01 -5.114749012165663994e-02
-2.061471007736265237e-02 -4.133449642766855170e-02 -6.223726151866099121e-02 -8.334501310244232797e-02 -1.045923721290011876e-01 -1.257921852931956630e-01 -1.465997869090075456e-01 -1.664802620084612772e-01 -1.846871622050973438e-01 -2.002651989533253407e-01 -2.120925915225166936e-01 -2.189763425162093990e-01 -2.198015478885156082e-01 -2.137129003936560634e-01 -2.002809500458782865e-01 -1.795972596018560741e-01 -1.522653381584728738e-01 -1.192996353389478292e-01 -8.198151917585219661e-02 -4.172707745451884054e-02
-1.799749920215299934e-02 -3.603202555178079691e-02 -5.411702354281650029e-02 -7.221825917713221854e-02 -9.022889283496633717e-02 -1.079444820135038174e-01 -1.250396994361072656e-01 -1.410507437642700701e-01 -1.553693604387161031e-01 -1.672561647023426690e-01 -1.758814353752100879e-01 -1.803976926920538570e-01 -1.800409495979711505e-01 -1.742447072315357337e-01 -1.627401829046588033e-01 -1.456143069153837399e-01 -1.233093318547340417e-01 -9.656967237319417918e-02 -6.635953022199002349e-02 -3.377927736690257421e-02
-1.534328350594190912e-02 -3.067907945863728239e-02 -4.598051855638649044e-02 -6.118203746653929492e-02 -7.616039891292419872e-02 -9.071708492602624518e-02 -1.045637183513906387e-01 -1.173135864219915364e-01 -1.284832486487758885e-01 -1.375085786601461246e-01 -1.437791957547075450e-01 -1.466919890100280011e-01 -1.457198015806593916e-01 -1.404847281472036691e-01 -1.308207016097951703e-01 -1.168103999721996078e-01 -9.878795730250607143e-02 -7.731016217951217073e-02 -5.310761487040865231e-02 -2.703048203151608639e-02
-1.269655646988403219e-02 -2.536047144019475813e-02 -3.794389712270455212e-02 -5.036889993888429840e-02 -6.251353569811968214e-02 -7.419970701873634944e-02 -8.518444990810274120e-02 -9.515658506173509112e-02 -1.037413845681932206e-01 -1.105156172914478763e-01 -1.150346929566600784e-01 -1.168711775743277032e-01 -1.156614764536935264e-01 -1.111536378033328026e-01 -1.032474702692620233e-01 -9.201858975732370161e-02 -7.772190192297846745e-02 -6.077538846080563634e-02 -4.173026182198003725e-02 -2.123503797968875548e-02
-1.008245628677067324e-02 -2.012233165662437664e-02 -3.006565524421441274e-02 -3.983610258563750894e-02 -4.932508563549650032e-02 -5.838373468994631499e-02 -6.681777253119618176e-02 -7.438690031063671659e-02 -8.081002987895220813e-02 -8.577778010934873631e-02 -8.897272153163157671e-02 -9.009649981301667832e-02 -8.890123982934729219e-02 -8.522082907053001033e-02 -7.899689116224126173e-02 -7.029456960507515784e-02 -5.930564085685576664e-02 -4.633920883500357996e-02 -3.180298523188890281e-02 -1.617938531951977621e-02
-7.510923354573726361e-03 -1.498073501323459074e-02 -2.236027200998530126e-02 -2.958472255854341024e-02 -3.656696126239702971e-02 -4.319234803498561009e-02 -4.931600138556399560e-02 -5.476320414903599471e-02 -5.933402291267714235e-02 -6.281270348262456282e-02 -6.498187368271100828e-02 -6.564082703973346533e-02 -6.462610301868182416e-02 -6.183149833247845312e-02 -5.722464301191928365e-02 -5.085712202484637262e-02 -4.286688610337545391e-02 -3.347281343194405401e-02 -2.296307760044610444e-02 -1.167950756398027090e-02
-4.980516647767660628e-03 -9.929399855564109353e-03 -1.480994846213299666e-02 -1.957555034730277740e-02 -2.416565286410266369e-02 -2.850267892960317920e-02 -3.249065065197714874e-02 -3.601584799291349809e-02 -3.895012748504512318e-02 -4.115712435958294307e-02 -4.250121238497246018e-02 -4.285882169067165709e-02 -4.213080785582610371e-02 -4.025439411301225123e-02 -3.721302484777644359e-02 -3.304236888318952403e-02 -2.783193881016597648e-02 -2.172205284405608408e-02 -1.489699462579635765e-02 -7.575555843886180862e-03
-2.481733383304803118e-03 -4.946424179394779026e-03 -7.374558972310734338e-03 -9.741878689508601946e-03 -1.201739799235605755e-02 -1.416203047292182229e-02 -1.612801275466548348e-02 -1.785934654346258213e-02 -1.929348017935447052e-02 -2.036441350226524810e-02 -2.100701860240707791e-02 -2.116242437864179066e-02 -2.078386838807285905e-02 -1.984223299249788033e-02 -1.833066227100478562e-02 -1.626737208178194449e-02 -1.369644021131309619e-02 -1.068644809710027170e-02 -7.327292230902912248e-03 -3.725715815947467247e-03
