-2.886569308264783345e-03 -5.820121516882075484e-03 -8.846269195124732698e-03 -1.200754423537487604e-02 -1.534094230820862853e-02 -1.887424137288642653e-02 -2.262061665744178121e-02 -2.657089421465629736e-02 -3.068289768465824047e-02 -3.486756946852970218e-02 -3.897220512693127387e-02 -4.276246013689879305e-02 -4.590745013218987952e-02 -4.797548524116946461e-02 -4.845222517668832524e-02 -4.679497374542432309e-02 -4.253240532042370375e-02 -3.540353624508574965e-02 -2.550321748052594359e-02 -1.337636384444952989e-02
-5.726158031047863355e-03 -1.154764278872861573e-02 -1.755740539184754562e-02 -2.384297392075045152e-02 -3.048199110104139742e-02 -3.753542501806198667e-02 -4.503736159250430054e-02 -5.298008826198681576e-02 -6.129314470893535566e-02 -6.981520173733861412e-02 -7.825878676757026808e-02 -8.617020357015391097e-02 -9.289188507294561525e-02 -9.754228779556425866e-02 -9.903844282256822618e-02 -9.619522552390608050e-02 -8.793101124035060390e-02 -7.357837644937950672e-02 -5.323278958949531625e-02 -2.800208898722690576e-02
-8.470418403086234921e-03 -1.708688523676181806e-02 -2.599273526880033214e-02 -3.532496208304504448e-02 -4.520865670427936384e-02 -5.574815734037310427e-02 -6.701336121244992616e-02 -7.901898664756573654e-02 -9.169439223402148231e-02 -1.048413006461594438e-01 -1.180775558429593558e-01 -1.307676967281378722e-01 -1.419476358837902519e-01 -1.502632796616118205e-01 -1.539637457562435807e-01 -1.510156256813258713e-01 -1.394164342715330240e-01 -1.177438160910900811e-01 -8.584494308023099540e-02 -4.539711573854007115e-02
-1.106863976129978701e-02 -2.233675166092870951e-02 -3.400168740104848875e-02 -4.625549274769361063e-02 -5.927951940033765466e-02 -7.323522136943556859e-02 -8.824899087303063328e-02 -1.043881463123982889e-01 -1.216241726213357216e-01 -1.397780917249189514e-01 -1.584424581915112318e-01 -1.768753791151008170e-01 -1.938674416516764920e-01 -2.075982699629404238e-01 -2.155337984447949495e-01 -2.144774722959470747e-01 -2.009571317172435811e-01 -1.721095452107296309e-01 -1.269779371671051482e-01 -6.771833315785576179e-02
-1.346740178714084073e-02 -2.718983120108253021e-02 -4.142180108841335417e-02 -5.641582046205428219e-02 -7.241874219603437746e-02 -8.966424943063124042e-02 -1.083592568976647630e-01 -1.286604814594437263e-01 -1.506360954286241338e-01 -1.742044483265344501e-01 -1.990388038603407850e-01 -2.244235557727762842e-01 -2.490462139601508085e-01 -2.707186220585653946e-01 -2.860630303385625628e-01 -2.903220194033183654e-01 -2.776718206821949808e-01 -2.425402604065591550e-01 -1.820016527048690380e-01 -9.830344100409177388e-02
-1.561116373796416976e-02 -3.153339558718255137e-02 -4.807988598860419432e-02 -6.556727897646853764e-02 -8.431539325969322762e-02 -1.046438278096848140e-01 -1.268633465551617379e-01 -1.512584792788908283e-01 -1.780553393168070875e-01 -2.073648400773433209e-01 -2.390844807136681682e-01 -2.727313083082472112e-01 -3.071605655427532833e-01 -3.401032478688463256e-01 -3.674685958816548692e-01 -3.825557729568416221e-01 -3.758876744572190454e-01 -3.369773110990182952e-01 -2.586676833715198520e-01 -1.422478230780566677e-01
-1.744388068016514484e-02 -3.525276068475675234e-02 -5.379711376675724160e-02 -7.345805736553195908e-02 -9.463176981611993999e-02 -1.177323570299736583e-01 -1.431918780891196230e-01 -1.714547939036822066e-01 -2.029620113389906388e-01 -2.381150005242141654e-01 -2.772014243826866897e-01 -3.202441890906045918e-01 -3.666901536925660232e-01 -4.147562566780546578e-01 -4.601387704154957792e-01 -4.940242211646409531e-01 -5.015943225604104772e-01 -4.640238000123347306e-01 -3.660889673232614050e-01 -2.059806675616469851e-01
-1.891160843231377842e-02 -3.823666715921384546e-02 -5.839778286538118562e-02 -7.983611947811006249e-02 -1.030213168945516983e-01 -1.284620235538767308e-01 -1.567170840898682027e-01 -1.884068741924726786e-01 -2.242229296469797628e-01 -2.649311989284465763e-01 -3.113560142509428919e-01 -3.643080065930963118e-01 -4.243373319252902176e-01 -4.909575535307774685e-01 -5.605815148581381191e-01 -6.225460761577420454e-01 -6.549820149488781995e-01 -6.264852193441514672e-01 -5.086576835008689290e-01 -2.933936062649422083e-01
-1.996588998723913128e-02 -4.038452582900551452e-02 -6.172124537700778707e-02 -8.446736423539803751e-02 -1.091554198395029707e-01 -1.363774032389858670e-01 -1.668076479746830321e-01 -2.012327521475664460e-01 -2.405915810127337850e-01 -2.860292012213362378e-01 -3.389665052635794651e-01 -4.011665422730770203e-01 -4.746628988575947727e-01 -5.609926291972100465e-01 -6.583091655533410691e-01 -7.547976680378174485e-01 -8.206695597665605302e-01 -8.087820058719562555e-01 -6.733831472706176546e-01 -3.971205386682138960e-01
-2.056742129997967891e-02 -4.161432172541684044e-02 -6.363532373827499034e-02 -8.715671262782941076e-02 -1.127556711667437733e-01 -1.410845983518359548e-01 -1.729034213395130026e-01 -2.091249561561579207e-01 -2.508812330805911817e-01 -2.996239709104052684e-01 -3.572784439593860162e-01 -4.264585361324101376e-01 -5.106120783665063501e-01 -6.133632627763526690e-01 -7.349589443027264579e-01 -8.631912576837901252e-01 -9.614277390916068367e-01 -9.678500248931606320e-01 -8.200184698522557936e-01 -4.911814162323665522e-01
-2.068948141893877518e-02 -4.186999799865098043e-02 -6.404904738443011059e-02 -8.776852522565505021e-02 -1.136260191690740690e-01 -1.423019830227445215e-01 -1.745965822995166894e-01 -2.114824669149721614e-01 -2.541840556861449385e-01 -3.043012892388187729e-01 -3.640073851990062170e-01 -4.363444875625917541e-01 -5.254937929632794713e-01 -6.362009515021772588e-01 -7.699088994944762732e-01 -9.143872459970867617e-01 -1.029633841159410590e+00 -1.046296100336521651e+00 -8.932338077642327789e-01 -5.386667752044955737e-01
-2.032051422084668948e-02 -4.112719663121677111e-02 -6.292239882063714596e-02 -8.624237067756293507e-02 -1.116779560476700156e-01 -1.399008030329352281e-01 -1.716985114274214574e-01 -2.080243419089309598e-01 -2.500707740358159570e-01 -2.993828251988023270e-01 -3.580357064720596783e-01 -4.288933986284056421e-01 -5.158208736801710437e-01 -6.230690264836540315e-01 -7.515444854969407507e-01 -8.890187455202958056e-01 -9.969903677668309205e-01 -1.009480040267972223e+00 -8.592465454667669311e-01 -5.167588159152358696e-01
-1.946542300841220402e-02 -3.939589380253057799e-02 -6.027103092719989647e-02 -8.260066043798154622e-02 -1.069426793731166753e-01 -1.339248091127980822e-01 -1.642723975777256318e-01 -1.988456532523421305e-01 -2.386914800947689541e-01 -2.851171825296889284e-01 -3.397951988645782073e-01 -4.048897726364670824e-01 -4.830709394047754124e-01 -5.767813385520896841e-01 -6.850502480859057552e-01 -7.958438048766538486e-01 -8.763938573164185009e-01 -8.732625685242244584e-01 -7.335712501308032651e-01 -4.359645051400011240e-01
-1.814531311806138331e-02 -3.671997092554253606e-02 -5.616522300703119530e-02 -7.694659493859221100e-02 -9.956734442525892737e-02 -1.245834168526130381e-01 -1.526206520208368833e-01 -1.843944713270689040e-01 -2.207320408740299778e-01 -2.625948248453295886e-01 -3.110935134045832440e-01 -3.674629980258729556e-01 -4.328699439463197240e-01 -5.076182355531707602e-01 -5.887478125089223857e-01 -6.650649517029415536e-01 -7.115811462411065769e-01 -6.908423737599421743e-01 -5.678365143797509118e-01 -3.309621454547546082e-01
-1.639587468986254334e-02 -3.317348863683013127e-02 -5.072332514332322101e-02 -6.945319856321222063e-02 -8.979670572715571508e-02 -1.122208967250977601e-01 -1.372323832727345982e-01 -1.653795944909646765e-01 -1.972472611960058020e-01 -2.334342763765357986e-01 -2.744974582020092702e-01 -3.208209026878778847e-01 -3.723118680574025730e-01 -4.276780466745388476e-01 -4.828374260519633365e-01 -5.282270728431616158e-01 -5.464246094920310881e-01 -5.140920646757189960e-01 -4.113329126990434847e-01 -2.341252243803173816e-01
-1.426467763954914446e-02 -2.885479511237595829e-02 -4.410140507539678234e-02 -6.034620783610743916e-02 -7.794542289146669245e-02 -9.727115744140771292e-02 -1.187084470277539466e-01 -1.426443447202175308e-01 -1.694431189921858927e-01 -1.993966644387188958e-01 -2.326316964430974743e-01 -2.689400534399851717e-01 -3.074716346908789588e-01 -3.461834953812146232e-01 -3.809191688230694761e-01 -4.042137692911203506e-01 -4.047141943451164625e-01 -3.690659386264100172e-01 -2.873540595050202984e-01 -1.597803755445010299e-01
-1.180803787061345325e-02 -2.387961686542573042e-02 -3.648130005057915320e-02 -4.988483892794625535e-02 -6.436767520876141013e-02 -8.020992024332412873e-02 -9.768595091982266998e-02 -1.170462890545629214e-01 -1.384842353487346078e-01 -1.620773391026971433e-01 -1.876897681934932283e-01 -2.148143671282246037e-01 -2.423275691058179027e-01 -2.681302825525745392e-01 -2.886872766670480761e-01 -2.986309939738854835e-01 -2.909266072691131244e-01 -2.583488341102543884e-01 -1.965039906338232889e-01 -1.071866075678918478e-01
-9.087852434493113793e-03 -1.837434438922939256e-02 -2.805933515985618160e-02 -3.834423755452423532e-02 -4.943054939154144928e-02 -6.151497246036327637e-02 -7.477918641423564328e-02 -8.937068781832073483e-02 -1.053702293974445314e-01 -1.227387029656982764e-01 -1.412350396526315111e-01 -1.602951534698498770e-01 -1.788655639460402513e-01 -1.951996864964649081e-01 -2.066647062797317691e-01 -2.096917228828276414e-01 -2.001185731860271877e-01 -1.741925372218803003e-01 -1.301949290336965603e-01 -7.005483428907857690e-02
-6.169011570593728802e-03 -1.247057799984749651e-02 -1.903747868966275403e-02 -2.600227162542018133e-02 -3.349533708950205163e-02 -4.164026866261646281e-02 -5.054514084682790176e-02 -6.028708822165176201e-02 -7.088731807304655963e-02 -8.227222867870900846e-02 -9.421648894776445127e-02 -1.062648174110026184e-01 -1.176349053777573234e-01 -1.271167423212118397e-01 -1.330096567674402264e-01 -1.331772975907225820e-01 -1.253329277567960254e-01 -1.076355058749432908e-01 -7.951672489308277136e-02 -4.241768066549975874e-02
-3.117624197070484326e-03 -6.301486965781541785e-03 -9.617759506682657666e-03 -1.313206897133850116e-02 -1.690825830119541823e-02 -2.100562878494509345e-02 -2.547400345599465724e-02 -3.034521124576279941e-02 -3.561974585105415897e-02 -4.124646182137047673e-02 -4.709389260801567084e-02 -5.291264265975233194e-02 -5.829186858428778151e-02 -6.261985847182242881e-02 -6.507054178406999900e-02 -6.465169141003236641e-02 -6.035659404539996109e-02 -5.143737398211130352e-02 -3.775111895144218910e-02 -2.004359311790992679e-02
