-3.490377485365187080e-03 -6.991603775783467728e-03 -1.051059718521943701e-02 -1.404631055220307428e-02 -1.758550590013764972e-02 -2.109834306044408234e-02 -2.453403423537298816e-02 -2.781684760263990197e-02 -3.084324242909583166e-02 -3.348104647764225950e-02 -3.557191197445601361e-02 -3.693839093125815543e-02 -3.739650393842686160e-02 -3.677409758292846803e-02 -3.493367188986062216e-02 -3.179666660686804314e-02 -2.736502255673479642e-02 -2.173504007442421740e-02 -1.509998120203392795e-02 -7.739925814804944799e-03
-6.969906223217242972e-03 -1.396543244556988292e-02 -2.100448104968834565e-02 -2.808915232620137759e-02 -3.519737735907638859e-02 -4.227384817531311401e-02 -4.922094972353884684e-02 -5.589011740509446796e-02 -6.207507942841955506e-02 -6.750902743461445477e-02 -7.186823193087886474e-02 -7.478515752360005708e-02 -7.587352984149101087e-02 -7.476624421872521409e-02 -7.116393197995549147e-02 -6.488800050791911078e-02 -5.592841490904380819e-02 -4.447517842369845542e-02 -3.092497008844163897e-02 -1.585972624458954761e-02
-1.042381486693881934e-02 -2.089576619468080237e-02 -3.145272257516630587e-02 -4.210846205351630178e-02 -5.284100433956070986e-02 -6.357874184451359212e-02 -7.418584210938965195e-02 -8.444761715914518574e-02 -9.405795682946491154e-02 -1.026117792277521507e-01 -1.096068445992210844e-01 -1.144604948321205212e-01 -1.165462360352203935e-01 -1.152534386509197345e-01 -1.100678371415284851e-01 -1.006630209674424237e-01 -8.698548260638176710e-02 -6.931230756662845605e-02 -4.826501212522520817e-02 -2.477400955309074643e-02
-1.382959431014839542e-02 -2.774111125664997443e-02 -4.180218935674557407e-02 -5.605099045520169077e-02 -7.047945349544576521e-02 -8.501431771240794411e-02 -9.949608643825216814e-02 -1.136565770802210329e-01 -1.270973945656717619e-01 -1.392732951922684148e-01 -1.494869200150555077e-01 -1.569037745614072499e-01 -1.605975119030906284e-01 -1.596334743389830613e-01 -1.531909844717834479e-01 -1.407107888574841426e-01 -1.220382145110486816e-01 -9.752355671041812446e-02 -6.804875878009346291e-02 -3.497129497130723602e-02
-1.715345992300130323e-02 -3.443691739587273482e-02 -5.196394527560500853e-02 -6.981388168715925435e-02 -8.801151869642206971e-02 -1.065030360932115311e-01 -1.251276572287811362e-01 -1.435852640295808003e-01 -1.614018032713853412e-01 -1.778971413795156498e-01 -1.921638045910226134e-01 -2.030702254290916997e-01 -2.093065924699002711e-01 -2.094919846520034157e-01 -2.023518410120907773e-01 -1.869509495262169918e-01 -1.629330111908058043e-01 -1.306949314050816213e-01 -9.143514971817877368e-02 -4.706239002308394009e-02
-2.034734814526368077e-02 -4.088920242853152920e-02 -6.180281032792928758e-02 -8.322908912425089345e-02 -1.052497242509216197e-01 -1.278586760975228553e-01 -1.509263006227812010e-01 -1.741550660934409189e-01 -1.970274629388995558e-01 -2.187497043532689311e-01 -2.382009749471081517e-01 -2.539067557399402042e-01 -2.640666513966813955e-01 -2.666759438456781095e-01 -2.597732728979326167e-01 -2.418078730421340805e-01 -2.120476660875517672e-01 -1.708877812668397611e-01 -1.199343836012109338e-01 -6.184305604844663601e-02
-2.334676057332425725e-02 -4.696975750363523855e-02 -7.112904109005771525e-02 -9.604996621960182335e-02 -1.218996448936328081e-01 -1.487557019942899184e-01 -1.765638457608351974e-01 -2.050813051564504275e-01 -2.338033239501093874e-01 -2.618732854018815948e-01 -2.879836476963460457e-01 -3.102889883549782568e-01 -3.263766224824925510e-01 -3.333701606165959674e-01 -3.282543430254804551e-01 -3.084554121872625787e-01 -2.725577212318230913e-01 -2.208708295967496682e-01 -1.555696062165199400e-01 -8.037459109066184826e-02
-2.606996170181799174e-02 -5.251404864663825750e-02 -7.969366778322424516e-02 -1.079421065663846990e-01 -1.375432368018275064e-01 -1.687006678171680540e-01 -2.014921480776373786e-01 -2.358030458967087239e-01 -2.712312817717902891e-01 -3.069564245067275543e-01 -3.415707861402074164e-01 -3.728864662352120996e-01 -3.977729609095952967e-01 -4.121554399528040702e-01 -4.113859630390699906e-01 -3.911577543547156699e-01 -3.488120339130727499e-01 -2.844333827977829632e-01 -2.010781747019066423e-01 -1.040765997576768714e-01
-2.841905461881107445e-02 -5.732283587556252086e-02 -8.718951747323747115e-02 -1.184815892283224148e-01 -1.516305874931752895e-01 -1.870116555822239901e-01 -2.249010982353076837e-01 -2.654075243158872666e-01 -3.083622726522351476e-01 -3.531495176027365512e-01 -3.984518045210885817e-01 -4.418933133946499336e-01 -4.796117439104802260e-01 -5.059480353597886060e-01 -5.137188567987189813e-01 -4.956302738932242269e-01 -4.467441154042465778e-01 -3.666971966569841923e-01 -2.600713604796384137e-01 -1.347816036408596707e-01
-3.028343448768786722e-02 -6.116870548859268397e-02 -9.326001610956723142e-02 -1.271641744522824802e-01 -1.634859331132936799e-01 -2.028143418626308925e-01 -2.456931357806421967e-01 -2.925636563274491286e-01 -3.436600904147933955e-01 -3.988222278020416844e-01 -4.571645393816828884e-01 -5.165042155841846894e-01 -5.724639692812629743e-01 -6.174404223223399768e-01 -6.403706751904978400e-01 -6.288222993753338486e-01 -5.737120087244322875e-01 -4.738927730432990204e-01 -3.367606245794139141e-01 -1.745473362520257310e-01
-3.154597710254405940e-02 -6.380855511633073962e-02 -9.751770321576268274e-02 -1.334292087767553203e-01 -1.723347026367240409e-01 -2.150667037097217238e-01 -2.624934896089458625e-01 -3.154935808756141880e-01 -3.748888219086095042e-01 -4.412903134690980278e-01 -5.147477684853793978e-01 -5.939550401132410729e-01 -6.746270729768482077e-01 -7.470529961382432749e-01 -7.945147531272841457e-01 -7.961520248795808108e-01 -7.357520220485882501e-01 -6.109312858927816725e-01 -4.341416580935253955e-01 -2.246919718593402004e-01
-3.209191736623202840e-02 -6.500182907563240020e-02 -9.957306435672387546e-02 -1.367003040792635349e-01 -1.773570202742020263e-01 -2.226243269425981774e-01 -2.737204979921224468e-01 -3.320271385273198539e-01 -3.990995260757334018e-01 -4.766181469387951175e-01 -5.661267617918639417e-01 -6.680844759654633869e-01 -7.792867256486729621e-01 -8.881327858967156264e-01 -9.704656118211103522e-01 -9.931206281803560687e-01 -9.290834962546129505e-01 -7.742585645534783012e-01 -5.490931236662044412e-01 -2.833575352722724761e-01
-3.181986046395508111e-02 -6.453380052231641462e-02 -9.907245013349931517e-02 -1.364419960692406786e-01 -1.777688096314237742e-01 -2.243531247028850983e-01 -2.777368201307816031e-01 -3.397917168090750506e-01 -4.128331604869154847e-01 -4.997362834229657769e-01 -6.038723026567471841e-01 -7.281308869681819562e-01 -8.713190686717948719e-01 -1.020552615620929915e+00 -1.143504019902889635e+00 -1.192351109178830582e+00 -1.126867846156305530e+00 -9.410039497230433536e-01 -6.652911346687935268e-01 -3.421291742239524480e-01
-3.065371189999675783e-02 -6.224109325418523964e-02 -9.574097012267740459e-02 -1.322264728859969540e-01 -1.729231577890113780e-01 -2.192825382470989792e-01 -2.730814688977159510e-01 -3.365632896463592316e-01 -4.126441507257001540e-01 -5.051874276997365687e-01 -6.191555534938890659e-01 -7.596893475141641705e-01 -9.277064775360319704e-01 -1.109770793004904776e+00 -1.267001280582807476e+00 -1.339122090928033471e+00 -1.274480438309949282e+00 -1.065394800040410317e+00 -7.512555485053156179e-01 -3.852658713586398775e-01
-2.855388398213429269e-02 -5.803590107970849066e-02 -8.942389932122206397e-02 -1.237998531690093218e-01 -1.624148521266275402e-01 -2.067724124462843871e-01 -2.587424826718523474e-01 -3.207261388649320644e-01 -3.959013591361983941e-01 -4.885636330131107874e-01 -6.043693277544077702e-01 -7.494507788095189360e-01 -9.257211821070148172e-01 -1.119770506775134011e+00 -1.290448577819638620e+00 -1.372887042704194593e+00 -1.311134073137929734e+00 -1.096864046465551912e+00 -7.727401582373227829e-01 -3.958618898982128598e-01
-2.552590336717684358e-02 -5.192474382228281365e-02 -8.011890237034316464e-02 -1.111342439171485313e-01 -1.461640357605634155e-01 -1.866497462224384618e-01 -2.343890414768318442e-01 -2.916864024351317752e-01 -3.615677799155085359e-01 -4.480584203674267685e-01 -5.563298962424806371e-01 -6.917746216833404738e-01 -8.556395192880678069e-01 -1.035023342310913641e+00 -1.191945949556557638e+00 -1.267311149780431467e+00 -1.210376409426823452e+00 -1.013449584435242468e+00 -7.149233411790666404e-01 -3.666200396585103660e-01
-2.162498275480490353e-02 -4.401826228866704410e-02 -6.799274800112320438e-02 -9.445424990008299826e-02 -1.244573407166849194e-01 -1.592734858523384978e-01 -2.004767794504432599e-01 -2.500531569394420783e-01 -3.105356468089466859e-01 -3.851373086807609591e-01 -4.776945014056281913e-01 -5.916960112379149317e-01 -7.267396953890146172e-01 -8.710942590424162191e-01 -9.941281626274312000e-01 -1.050049649633777893e+00 -1.000121318855980546e+00 -8.382430810910057595e-01 -5.932467608760182420e-01 -3.050777853250314364e-01
-1.695574676718914278e-02 -3.453055798467510179e-02 -5.337960277114162100e-02 -7.423270742475303330e-02 -9.793763061527574476e-02 -1.255100734729586165e-01 -1.581909274688004796e-01 -1.975076182898981014e-01 -2.453261024785988731e-01 -3.038464093333190230e-01 -3.753821117732440982e-01 -4.614543541624324119e-01 -5.602841961581914720e-01 -6.621823551388441587e-01 -7.454366389388280556e-01 -7.794821553179788198e-01 -7.390699944367321583e-01 -6.200022054862698306e-01 -4.406156457149018046e-01 -2.274259411118092211e-01
-1.166743358422269936e-02 -2.376861432056505755e-02 -3.676242360573597767e-02 -5.115938534733888848e-02 -6.755043295878541965e-02 -8.663825842586991843e-02 -1.092689973258955255e-01 -1.364572509745401452e-01 -1.693859370673716502e-01 -2.093353035307380094e-01 -2.574291514152889926e-01 -3.139449432328366152e-01 -3.767936845269302393e-01 -4.391280932774908607e-01 -4.876112367815812476e-01 -5.046718132833468706e-01 -4.761983915452127625e-01 -3.996993040195049307e-01 -2.851327195848245011e-01 -1.476831504799877848e-01
-5.945364768352298310e-03 -1.211402217263258391e-02 -1.874210766322816080e-02 -2.609199171238917037e-02 -3.446648974170274382e-02 -4.422355381793081214e-02 -5.578947766986022683e-02 -6.966533566331764571e-02 -8.641432025827058827e-02 -1.066029573102843936e-01 -1.306404202880775134e-01 -1.584119778038967086e-01 -1.885821569949619192e-01 -2.176353341360633409e-01 -2.393389369173011816e-01 -2.458949453446969413e-01 -2.311864442963996458e-01 -1.940807362055529672e-01 -1.387928592062393773e-01 -7.205376608096647484e-02
