-5.345723692655267485e-03 -1.039939375003861612e-02 -1.490212484424322317e-02 -1.865489849394758384e-02 -2.153406539530484595e-02 -2.349411832252400190e-02 -2.455927235865450892e-02 -2.480742846205704830e-02 -2.435103425662487470e-02 -2.331861067135391694e-02 -2.183954111270764234e-02 -2.003318608098597631e-02 -1.800228286421605428e-02 -1.583003661814428795e-02 -1.357979682908002673e-02 -1.129652191955840025e-02 -9.009222930841175730e-03 -6.733753394674310902e-03 -4.475737297831259252e-03 -2.233363081970517975e-03
-1.098350929764154403e-02 -2.134971687360839171e-02 -3.055420438487327708e-02 -3.818340721393769649e-02 -4.398723662521391436e-02 -4.788314046544685926e-02 -4.993553667623963632e-02 -5.031939958838210769e-02 -4.927807631831864627e-02 -4.708384004333239503e-02 -4.400634978470960301e-02 -4.029089511965826265e-02 -3.614589441378147916e-02 -3.173805800215975803e-02 -2.719261036734838335e-02 -2.259707171319159588e-02 -1.800661205314365784e-02 -1.345003463410305612e-02 -8.935811102843417911e-03 -4.457717412145084483e-03
-1.723859259327651175e-02 -3.346174513512496784e-02 -4.778154908116075128e-02 -5.953727858748202040e-02 -6.834832592914712179e-02 -7.411565229911784569e-02 -7.698033328120344743e-02 -7.725653975110123584e-02 -7.535799518774599637e-02 -7.173229511260710567e-02 -6.681110264650594321e-02 -6.097809925626535704e-02 -5.455235261508765976e-02 -4.778365048316624702e-02 -4.085548604515541748e-02 -3.389253523893256959e-02 -2.697009279632209267e-02 -2.012394960301415459e-02 -1.335977767941821590e-02 -6.661686465061807637e-03
-2.450911814142001446e-02 -4.747710651506159563e-02 -6.757295971438741222e-02 -8.383580293874422218e-02 -9.575310514339029078e-02 -1.032507985099515579e-01 -1.066135629306614041e-01 -1.063684037136959498e-01 -1.031650381490217538e-01 -9.767617994206537202e-02 -9.052764521229673955e-02 -8.225800687489691343e-02 -7.330173504360938674e-02 -6.398869468194295917e-02 -5.455313203029377167e-02 -4.514745836258658718e-02 -3.585726052681673798e-02 -2.671588691985050251e-02 -1.771763584218665963e-02 -8.829242574885346959e-03
-3.332076182201631348e-02 -6.436458628457276954e-02 -9.119734990164650446e-02 -1.124798147546103022e-01 -1.275774480303888680e-01 -1.365208400987749926e-01 -1.398546779254136729e-01 -1.384384305696312323e-01 -1.332575432915540092e-01 -1.252796973458098206e-01 -1.153652636773296741e-01 -1.042245066805014275e-01 -9.240786227570924050e-02 -8.031620350881121806e-02 -6.822086274125757632e-02 -5.628688364173343311e-02 -4.459557574436601168e-02 -3.316470463007777092e-02 -2.196562858066336207e-02 -1.093763275300074084e-02
-4.440928681256566674e-02 -8.546304722760665606e-02 -1.203719265145008210e-01 -1.473085419753407677e-01 -1.655559329006456581e-01 -1.754003665299986581e-01 -1.778458059578221229e-01 -1.742730461776474671e-01 -1.661469452208289288e-01 -1.548197433886247809e-01 -1.414291692648178556e-01 -1.268668571264967571e-01 -1.117889649747321468e-01 -9.664734462591817454e-02 -8.172718657529744191e-02 -6.718359150814932901e-02 -5.307343144973573207e-02 -3.938170536951109135e-02 -2.604251579031875707e-02 -1.295567670457726389e-02
-5.885253724870924408e-02 -1.127051387832899848e-01 -1.575173341309182296e-01 -1.908252220059175608e-01 -2.119365115899258523e-01 -2.216784259352555797e-01 -2.218549378821597640e-01 -2.146608894355399311e-01 -2.022373935430281378e-01 -1.864230830011861240e-01 -1.686647520265168176e-01 -1.500247246917800759e-01 -1.312337359546150717e-01 -1.127569447956494886e-01 -9.485690062438847936e-02 -7.764681681606634689e-02 -6.113282918414186112e-02 -4.524613924456129949e-02 -2.986701826121902423e-02 -1.484254413208508511e-02
-7.828611991679734761e-02 -1.489730870811201979e-01 -2.061502894104521311e-01 -2.465239235694873521e-01 -2.696768223551407884e-01 -2.775170195908374660e-01 -2.732327622125224620e-01 -2.602775897730602583e-01 -2.417184349364167872e-01 -2.199703786632463964e-01 -1.967819556893966315e-01 -1.733334918355815268e-01 -1.503642471429194050e-01 -1.282897364362082238e-01 -1.072965802090129761e-01 -8.741390920112747376e-02 -6.856489762518462594e-02 -5.060299268989654903e-02 -3.333684345881601091e-02 -1.654745334716232683e-02
-1.052329175882445039e-01 -1.986205848137558017e-01 -2.714372350148141488e-01 -3.193131025274736912e-01 -3.426438474514371668e-01 -3.454370333703027929e-01 -3.332651391391770468e-01 -3.114934957014226513e-01 -2.843872729954774470e-01 -2.549577771441249863e-01 -2.251591041752498412e-01 -1.961629730249594972e-01 -1.685999456399159824e-01 -1.427410978280164722e-01 -1.186257231499003029e-01 -9.614728479845624509e-02 -7.510983405453341977e-02 -5.526405690214580141e-02 -3.632989038369913160e-02 -1.801039348648405050e-02
-1.434420293000651936e-01 -2.679558449529571007e-01 -3.606504345736312733e-01 -4.157640529997298495e-01 -4.355653748073819442e-01 -4.280303844999290286e-01 -4.027865819390243352e-01 -3.680121069862641869e-01 -3.293723590187597750e-01 -2.903131384283072491e-01 -2.527334856879372427e-01 -2.175592905785188047e-01 -1.851313854168628870e-01 -1.554489235542408088e-01 -1.283178647473825484e-01 -1.034396598324213989e-01 -8.046308318735649612e-02 -5.901347182236695715e-02 -3.870823777182806624e-02 -1.916420327808130569e-02
-1.975816815589621911e-01 -3.645682816557102024e-01 -4.822276168785295525e-01 -5.429849117807337144e-01 -5.528251352903192917e-01 -5.268324937026115373e-01 -4.812697170685208969e-01 -4.282323385261709858e-01 -3.747411773403992452e-01 -3.241829437141203196e-01 -2.779015947272495124e-01 -2.362092033402188873e-01 -1.989172988377824747e-01 -1.656052495047598550e-01 -1.357570715001226447e-01 -1.088303548566523088e-01 -8.428934757221893947e-02 -6.161848067988268812e-02 -4.032535256450326538e-02 -1.993814926328405304e-02
-2.706307416014627210e-01 -4.928018570003699361e-01 -6.403697193514951147e-01 -7.034155772883873281e-01 -6.942305124698270324e-01 -6.393572829333319385e-01 -5.650096014203690453e-01 -4.882686641428241048e-01 -4.170379966777382208e-01 -3.537528327816444884e-01 -2.984778092497266111e-01 -2.504583073285994166e-01 -2.087232471260994371e-01 -1.722976479351363277e-01 -1.402747287126471232e-01 -1.118352812656133871e-01 -8.624545677212608341e-02 -6.284572109216539360e-02 -4.103650646407997621e-02 -2.026300724163535363e-02
-3.576072662369033650e-01 -6.433157329675719405e-01 -8.229361341242030781e-01 -8.837508529599696905e-01 -8.467874784078861516e-01 -7.540768450593116068e-01 -6.445889920846220589e-01 -5.409103962878573091e-01 -4.509785434454961495e-01 -3.752446517291903594e-01 -3.117899382859781743e-01 -2.584220865277728763e-01 -2.132195994163034458e-01 -1.745872548872451357e-01 -1.412088392515480628e-01 -1.119905326818082664e-01 -8.601144341365393742e-02 -6.248241086299401170e-02 -4.071191654549914662e-02 -2.007732891699060690e-02
-4.391272878036627803e-01 -7.827093188760434472e-01 -9.896837898435898451e-01 -1.044648447918563594e+00 -9.777265882761404514e-01 -8.468656181484151002e-01 -7.036781511121318333e-01 -5.755844507815589539e-01 -4.698010917708532741e-01 -3.843052299903548796e-01 -3.149961127882785483e-01 -2.582186638724709438e-01 -2.111456184800986069e-01 -1.716228496060465403e-01 -1.379827462779385505e-01 -1.089065284083795826e-01 -8.332735729285221937e-02 -6.036054518508904287e-02 -3.925137424327869440e-02 -1.933438145182487730e-02
-4.848356043307616159e-01 -8.596790787667452083e-01 -1.079835634469831884e+00 -1.128388586736188248e+00 -1.041231241421420650e+00 -8.862508904278277866e-01 -7.227438421584642114e-01 -5.807806386269418475e-01 -4.667739420150260332e-01 -3.769208858245643445e-01 -3.056382201940402998e-01 -2.483077113501593880e-01 -2.015211021744603981e-01 -1.627756733769836761e-01 -1.301927018075000608e-01 -1.023254487451389638e-01 -7.803089475772036210e-02 -5.638101709031534403e-02 -3.659863499339750109e-02 -1.800878276856284627e-02
-4.714479757881625543e-01 -8.351344017016262278e-01 -1.047320547192713835e+00 -1.091621480615826645e+00 -1.003449492142411525e+00 -8.495525101122174405e-01 -6.881751984311130776e-01 -5.487940205085193313e-01 -4.375822461170125743e-01 -3.506338742265015518e-01 -2.822865039275463950e-01 -2.278488719275388874e-01 -1.838550656293006236e-01 -1.477659658324507186e-01 -1.176868903951808903e-01 -9.217162770908973735e-02 -7.008973804994325651e-02 -5.053399510772315500e-02 -3.275331913211405183e-02 -1.610209725395182409e-02
-4.008273274382756490e-01 -7.120910819675472236e-01 -8.955442668246393900e-01 -9.373126187374332119e-01 -8.663773531326640631e-01 -7.377724906182643316e-01 -6.002968453012443861e-01 -4.796350566545553584e-01 -3.821649383104055442e-01 -3.054215960695157994e-01 -2.449844113212012731e-01 -1.969423226567706131e-01 -1.582839939626676518e-01 -1.267461552536000013e-01 -1.006172106739224303e-01 -7.858438983363257024e-02 -5.962240930781834841e-02 -4.291189767893823642e-02 -2.777852085018745268e-02 -1.364625905134201830e-02
-2.977243668757990624e-01 -5.319350560313240717e-01 -6.730516413299839629e-01 -7.107724264215004029e-01 -6.649135068488876144e-01 -5.737924564340669553e-01 -4.724420967391492199e-01 -3.806249998226964859e-01 -3.045694063251265238e-01 -2.436633199560335195e-01 -1.952571417490491790e-01 -1.566491357308093246e-01 -1.255921848030596699e-01 -1.003173898239933803e-01 -7.945134110928903093e-02 -6.192628212465665916e-02 -4.690360630121919588e-02 -3.371264590648178489e-02 -2.180257778678409281e-02 -1.070440470247674414e-02
-1.897008624868566085e-01 -3.411819579419977932e-01 -4.348560559005534842e-01 -4.641141787269078001e-01 -4.402689243157240639e-01 -3.857977675353308489e-01 -3.220662485173851342e-01 -2.621192899452561842e-01 -2.110105032441920436e-01 -1.692706349460336157e-01 -1.357148189718396514e-01 -1.088032777515002408e-01 -8.711808401904523602e-02 -6.947983159616656634e-02 -5.494443858387625806e-02 -4.276576229278922919e-02 -3.235307985902330374e-02 -2.323248408522515449e-02 -1.501471494763118204e-02 -7.368773886050841541e-03
-9.080869013819559132e-02 -1.641611918508975310e-01 -2.104526865755151632e-01 -2.264818349661442409e-01 -2.171581146658825845e-01 -1.925077971226991369e-01 -1.623852560967274650e-01 -1.331881728194591885e-01 -1.077367200931402397e-01 -8.663671182964106932e-02 -6.952105616830449308e-02 -5.573038017663372451e-02 -4.459697224657418330e-02 -3.553939725179889458e-02 -2.808077066533364030e-02 -2.183924929287948610e-02 -1.651045675461048842e-02 -1.184949472644439283e-02 -7.655041847747878422e-03 -3.755958355807216802e-03
