2.022948957029821650e-16 3.072845706940990493e-15 3.538289819088423760e-14 3.088466329028764155e-13 2.043568305868737165e-12 1.025019825619698662e-11 3.897374971582898499e-11 1.123334087309977353e-10 2.454383953269309026e-10 4.065115481417389640e-10 5.103875729837389694e-10 4.857626454318423372e-10 3.504652463458871126e-10 1.916737414076185567e-10 7.946522217083004377e-11 2.497401700411707595e-11 5.949719942154615364e-12 1.074487737761459054e-12 1.470967993166373838e-13 1.526517550607615232e-14
4.983214567711090833e-15 7.569469035758297919e-14 8.716016936558496506e-13 7.607947965873687779e-12 5.034007069990368797e-11 2.524974102520306605e-10 9.600566374516879528e-10 2.767155725228217134e-09 6.045986394360446174e-09 1.001376857089350301e-08 1.257259003017831433e-08 1.196599391573353190e-08 8.633156635012097514e-09 4.721579242575287944e-09 1.957499972364557802e-09 6.151953805690910601e-10 1.465619336885176448e-10 2.646830474408704695e-11 3.623496829571940987e-12 3.760334372066106683e-13
9.305314791153305473e-14 1.413470987904338847e-12 1.627569517981925588e-11 1.420656280704503686e-10 9.400161243441696775e-10 4.714964315544908032e-09 1.792744243185891859e-08 5.167197749467562916e-08 1.128986236857857530e-07 1.869902801330148698e-07 2.347719657286650807e-07 2.234448038750026635e-07 1.612096750773084965e-07 8.816754840985936498e-08 3.655301853657257723e-08 1.148773868047229013e-08 2.736797524651294089e-09 4.942510588000565357e-10 6.766270684467137275e-11 7.021791772482600132e-12
1.317192869499121707e-12 2.000807010077209358e-11 2.303869360484266240e-10 2.010977989408976100e-09 1.330618645354688186e-08 6.674161504222269591e-08 2.537678721202483824e-07 7.314310352360466167e-07 1.598111030446397572e-06 2.646898779727609702e-06 3.323261664506906307e-06 3.162922577005093083e-06 2.281967233478000558e-06 1.248035866525384927e-06 5.174180181504106519e-07 1.626120965942290602e-07 3.874012073359128710e-08 6.996259503362110587e-09 9.577842016859242350e-10 9.939539135865473036e-11
1.413398063475352438e-11 2.146942045401752620e-10 2.472139477832811058e-09 2.157855893194319157e-08 1.427804431771389722e-07 7.161629222132549310e-07 2.723025817497870685e-06 7.848533291571189961e-06 1.714833938108448330e-05 2.840223095730009880e-05 3.565986204299814689e-05 3.393936263078491919e-05 2.448637662257079940e-05 1.339189968106599282e-05 5.552092193902780118e-06 1.744889664573942327e-06 4.156962347092024166e-07 7.507252629892609409e-08 1.027738888690578206e-08 1.066550365688811986e-09
1.149678559624886853e-10 1.746353912701982284e-09 2.010874238130869489e-08 1.755231395369016845e-07 1.161396909309958917e-06 5.825373460908523332e-06 2.214948838959488012e-05 6.384111230232245796e-05 1.394870888044602466e-04 2.310278811110843449e-04 2.900625088533742069e-04 2.760677161818382379e-04 1.991757519226326680e-04 1.089316614606876599e-04 4.516152612163257832e-05 1.419318653471961248e-05 3.381333685903250773e-06 6.106508572010333875e-07 8.359777728256838159e-08 8.675475931935743849e-09
7.089003520290396219e-10 1.076814813251503896e-08 1.239920013609902681e-07 1.082288735101317107e-06 7.161259736146595144e-06 3.591968609457313544e-05 1.365753930539516901e-04 3.936490474329480162e-04 8.600877656555686165e-04 1.424535100503288628e-03 1.788547006596999563e-03 1.702254073947527188e-03 1.228132502528988309e-03 6.716807277138887346e-04 2.784693295162420849e-04 8.751624396787432503e-05 2.084955503603169532e-05 3.765318610254774948e-06 5.154701133488490195e-07 5.349362994274990695e-08
3.313528964064568405e-09 5.033227959938241383e-08 5.795611282263023734e-07 5.058814064592396148e-06 3.347302831348996965e-05 1.678951349280743196e-04 6.383781858303153207e-04 1.839987124582586177e-03 4.020206387230782288e-03 6.658535719913002623e-03 8.359993464507902219e-03 7.956644628652925419e-03 5.740514315151854646e-03 3.139557681857039866e-03 1.301616209266470920e-03 4.090668150801150859e-04 9.745460599929163319e-05 1.759978287258546933e-05 2.409400906350633808e-06 2.500389394657710797e-07
1.174067779749953284e-08 1.783400972192297840e-07 2.053532817806914761e-06 1.792466781306848231e-05 1.186034721885132680e-04 5.948952625240497153e-04 2.261936646418273491e-03 6.519543428035312962e-03 1.424461605249652957e-02 2.359288943554166060e-02 2.962158795666306257e-02 2.819242021039387869e-02 2.034010557839155409e-02 1.112425319624573555e-02 4.611958034691439161e-03 1.449428004279058012e-03 3.453065119782224891e-04 6.236051721712072805e-05 8.537121610600461875e-06 8.859517019266074494e-07
3.153496750074278044e-08 4.790140115322369547e-07 5.515702908143995116e-06 4.814490497874922487e-05 3.185639454083797348e-04 1.597863691825114054e-03 6.075466839634325461e-03 1.751121985193742486e-02 3.826044049788215190e-02 6.336951021319037203e-02 7.956234125875653873e-02 7.572365671182966496e-02 5.463266937730476558e-02 2.987927690923904145e-02 1.238752559667029643e-02 3.893102749088399664e-03 9.274787896272245272e-04 1.674977303431525314e-04 2.293035011977851887e-05 2.379629064808636123e-06
6.420789396309527832e-08 9.753135422947342201e-07 1.123044339429568793e-05 9.802714886787213292e-05 6.486234693840959090e-04 3.253387291100592361e-03 1.237017068770893298e-02 3.565434298897447035e-02 7.790153284323086957e-02 1.290257487078738941e-01 1.619957392021256770e-01 1.541798487833057618e-01 1.112367926878694013e-01 6.083676615291238460e-02 2.522206277705534364e-02 7.926690537893047936e-03 1.888426229581560267e-03 3.410397207061950393e-04 4.668815621873430289e-05 4.845128527915356563e-06
9.910174050904389777e-08 1.505348698074471195e-06 1.733363950081730302e-05 1.513001045561311597e-04 1.001118566323396008e-03 5.021443987609801665e-03 1.909275277352229933e-02 5.503073265328863040e-02 1.202372016363588425e-01 1.991449256189936068e-01 2.500324916311256751e-01 2.379690474605660466e-01 1.716885430060620665e-01 9.389856979518150515e-02 3.892901894385791123e-02 1.223445872922230247e-02 2.914693421996214333e-03 5.263781105190592710e-04 7.206088312278389704e-05 7.478218649912657699e-06
1.159500548056948807e-07 1.761273446327489832e-06 2.028053634354190485e-05 1.770226771525749932e-04 1.171319010503180233e-03 5.875141067920486466e-03 2.233871694997588767e-02 6.438652272271694343e-02 1.406787615213165310e-01 2.330016094691200190e-01 2.925405846448048131e-01 2.784262309963521642e-01 2.008773596589463195e-01 1.098622916005603800e-01 4.554735221487184182e-02 1.431444243950366103e-02 3.410221256320086422e-03 6.158677985845576169e-04 8.431197378083443706e-05 8.749592669638448999e-06
1.028389074077822464e-07 1.562116009088442511e-06 1.798729808889433675e-05 1.570056929708091721e-04 1.038871154204884777e-03 5.210804680549916204e-03 1.981274823782487593e-02 5.710596394013391086e-02 1.247713953613552862e-01 2.066547616748709848e-01 2.594613184764791303e-01 2.469429569249792511e-01 1.781629877183254218e-01 9.743952301229884261e-02 4.039704806473969068e-02 1.269582513865138811e-02 3.024607695153310252e-03 5.462280429294061801e-04 7.477832830303020957e-05 7.760225313533574500e-06
6.914181392424937859e-08 1.050259450931416274e-06 1.209342309064851534e-05 1.055598380230750571e-04 6.984655695580506808e-04 3.503386964133825120e-03 1.332073032005026171e-02 3.839412564990784399e-02 8.388771155391464007e-02 1.389404597778014783e-01 1.744439595366951978e-01 1.660274735310807437e-01 1.197845490147300268e-01 6.551163891959191354e-02 2.716019890512586313e-02 8.535800325753106418e-03 2.033538353562061671e-03 3.672461975376245503e-04 5.027580894644245431e-05 5.217442193459017603e-06
3.523878317981367538e-08 5.352747197877933358e-07 6.163528117153627822e-06 5.379957558919045720e-05 3.559796216973261352e-04 1.785534492331268281e-03 6.789036921410464449e-03 1.956793136260366259e-02 4.275417017751088206e-02 7.081232700052746132e-02 8.890702338062110577e-02 8.461748122581562448e-02 6.104933485902411250e-02 3.338862995655497712e-02 1.384245373410245700e-02 4.350351833044740525e-03 1.036412165979874820e-03 1.871705180141448562e-04 2.562354427950677788e-05 2.659119044952215517e-06
1.361437965835487964e-08 2.068015010485692308e-07 2.381257360496588611e-06 2.078527637552418658e-05 1.375314719493833638e-04 6.898349567760062506e-04 2.622920481988094774e-03 7.560001301399203559e-03 1.651792293179927748e-02 2.735809291022893441e-02 3.434891506955859569e-02 3.269166557947140311e-02 2.358619531269490893e-02 1.289957948267792844e-02 5.347983202985260275e-03 1.680743094909678808e-03 4.004141867835785996e-04 7.231266982440100438e-05 9.899566004699856712e-06 1.027341269135528432e-06
3.987233144115940321e-09 6.056580027337218460e-08 6.973970544897629124e-07 6.087368279262045912e-06 4.027873888320046981e-05 2.020314456222125016e-04 7.681727513559899207e-04 2.214091902454040812e-03 4.837591681616232667e-03 8.012344120617052173e-03 1.005974095527147408e-02 9.574383541950790347e-03 6.907671304484033249e-03 3.777890153586802458e-03 1.566259823526534476e-03 4.922379677178524357e-04 1.172690021126262275e-04 2.117815729388909822e-05 2.899278459748223828e-06 3.008766658054467569e-07
8.852016678092443027e-10 1.344615312834382603e-08 1.548284269934434113e-07 1.351450582046818041e-06 8.942242790411891916e-06 4.485280046355244666e-05 1.705412691177623282e-04 4.915483428972693527e-04 1.073988921632593923e-03 1.778812555543296103e-03 2.233353092100082756e-03 2.125599375117396498e-03 1.533565241458457150e-03 8.387256385271252886e-04 3.477237868706846359e-04 1.092812620264990898e-04 2.603477461698290422e-05 4.701741653944282098e-06 6.436659295431253032e-07 6.679732956396231989e-08
1.489737107653255583e-10 2.262900534299292116e-09 2.605662205568958230e-08 2.274403849935573325e-07 1.504921578321304914e-06 7.548435984998638819e-06 2.870099167569113200e-05 8.272440430798301048e-05 1.807453835603662804e-04 2.993626388109578646e-04 3.758588688640610671e-04 3.577246157877026411e-04 2.580891033409356641e-04 1.411520958773525725e-04 5.851966250775302356e-05 1.839132901940448525e-05 4.381484044454644546e-06 7.912726858970614293e-07 1.083248094804940449e-07 1.124155818524987791e-08
