1.194056372401171071e-13 5.468945572634591722e-12 1.898799861035325099e-10 4.997486167107957351e-09 9.970589345312809883e-08 1.507949778301553406e-06 1.728819870035269845e-05 1.502482535309930089e-04 9.898421403852716589e-04 4.943326146766104968e-03 1.871412001331955108e-02 5.370520454784836334e-02 1.168315555680126405e-01 1.926640843443573059e-01 2.408453056262633840e-01 2.282298412727347126e-01 1.639470060255560635e-01 8.927531090560150706e-02 3.685157653461003380e-02 1.153128197490045463e-02
1.496885789405357416e-13 6.855946754210411342e-12 2.380362095629530317e-10 6.264918641362474885e-09 1.249927042638893804e-07 1.890386958647029680e-06 2.167272798597791501e-05 1.883533146272217001e-04 1.240879968437110740e-03 6.197022881432317706e-03 2.346028291179611328e-02 6.732559648178247647e-02 1.464616741102440778e-01 2.415263941047587071e-01 3.019270478092802024e-01 2.861121250350960321e-01 2.055262625848273128e-01 1.119167799176924716e-01 4.619765239467986395e-02 1.445577656199250813e-02
1.422490319777346822e-13 6.515205074294577352e-12 2.262057708452854645e-10 5.953551155743819685e-09 1.187805463293276846e-07 1.796434416266972058e-06 2.059558984487933520e-05 1.789921239493070051e-04 1.179208030165493099e-03 5.889029826235479825e-03 2.229430299724136783e-02 6.397950327701107387e-02 1.391825048475946180e-01 2.295224926420281475e-01 2.869212239353737259e-01 2.718923054209959056e-01 1.953115735724063329e-01 1.063544975711287893e-01 4.390162148174085732e-02 1.373732209220009277e-02
1.024723729476071022e-13 4.693378330390015281e-12 1.629525473086328935e-10 4.288777968552567522e-09 8.556630771508203756e-08 1.294102989104626533e-06 1.483650844099075948e-05 1.289411071907232682e-04 8.494697177893292166e-04 4.242298539845530507e-03 1.606021566247185089e-02 4.608911167726414265e-02 1.002633293614064725e-01 1.653418243968065304e-01 2.066903251073901326e-01 1.958638968245912104e-01 1.406971993400158993e-01 7.661491672906388384e-02 3.162554617725471529e-02 9.895996993172286385e-03
5.595785856967531860e-14 2.562948366192550373e-12 8.898472177010064349e-11 2.342005206844467495e-09 4.672583651300806379e-08 7.066805418464917753e-07 8.101883630949351567e-06 7.041183913721724597e-05 4.638763108528882453e-04 2.316623836010815989e-03 8.770122627086778325e-03 2.516822748075673785e-02 5.475154954203072938e-02 9.028945226026062476e-02 1.128689386942672152e-01 1.069568696630040505e-01 7.683157670061428746e-02 4.183768318553925808e-02 1.726999960350660696e-02 5.403981426613372642e-03
2.316392759329004591e-14 1.060940355784056718e-12 3.683549915379885950e-11 9.694802556982174111e-10 1.934230367975121214e-08 2.925325829353675074e-07 3.353799637684411338e-06 2.914719728693774669e-05 1.920230250315879282e-04 9.589735592084458341e-04 3.630419224587772605e-03 1.041846514354712386e-02 2.266457226258707450e-02 3.737559635149977078e-02 4.672244417984829090e-02 4.427512502812996908e-02 3.180466738832295887e-02 1.731883758157301209e-02 7.148969431231331703e-03 2.236994725695106399e-03
7.268756669956382315e-15 3.329192450836848765e-13 1.155884636087826161e-11 3.042193965862134886e-10 6.069544912808304923e-09 9.179566612041068625e-08 1.052410192008089794e-06 9.146285051906934355e-06 6.025613050128298461e-05 3.009224332417348219e-04 1.139212417548063523e-03 3.269276667260996236e-03 7.112060773886628301e-03 1.172832690740485163e-02 1.466133393834791361e-02 1.389337404312195913e-02 9.980189554796544196e-03 5.434588572251276492e-03 2.243320742015685477e-03 7.019608513093298415e-04
1.729039368620923920e-15 7.919242691125928217e-14 2.749534937165415460e-12 7.236551411464725852e-11 1.443779532094501265e-09 2.183569044854613333e-08 2.503397398678934198e-07 2.175652267566009804e-06 1.433329337713318964e-05 7.158125627271610622e-05 2.709876267152913024e-04 7.776719350053566291e-04 1.691765679941020393e-03 2.789849746212619969e-03 3.487532287424025771e-03 3.304855530908576422e-03 2.374015451344875689e-03 1.292740701104832949e-03 5.336249451602981296e-04 1.669773803491175551e-04
3.117787076766674663e-16 1.427990187398938678e-14 4.957934821952706829e-13 1.304887955733347854e-11 2.603409296836749247e-10 3.937390595510501598e-09 4.514101991695983472e-08 3.923115139226516875e-07 2.584565607339193564e-06 1.290746294133259915e-05 4.886422691523089354e-05 1.402290516298477922e-04 3.050575521623004370e-04 5.030630095947492483e-04 6.288684510526611334e-04 5.959283548914160768e-04 4.280801714856838965e-04 2.331057536723199724e-04 9.622273431449308335e-05 3.010919982580033196e-05
4.261719313278434660e-17 1.951927187767204012e-15 6.777026802806491969e-14 1.783658109321676854e-12 3.558613660110478627e-11 5.382039610674699872e-10 6.170349406948629522e-09 5.362526415497054427e-08 3.532856123278143766e-07 1.764327798790838905e-06 6.679276501108016114e-06 1.916798174150501020e-05 4.169847490226187000e-05 6.876394349575897012e-05 8.596035448777322513e-05 8.145775567216671700e-05 5.851450049449950520e-05 3.186334627738256453e-05 1.315273542123357520e-05 4.115642128392067374e-06
4.415908359779113809e-18 2.022547932541009651e-16 7.022219698917364139e-15 1.848190877189012952e-13 3.687364337192183629e-12 5.576761856509467151e-11 6.393592708934592942e-10 5.556542673739130194e-09 3.660674892424950031e-08 1.828161195833819737e-07 6.920932790345922781e-07 1.986147950867540047e-06 4.320712613268915065e-06 7.125182364502268475e-06 8.907040095517793660e-06 8.440489807031694165e-06 6.063155569557774483e-06 3.301616245782028070e-06 1.362860151761332782e-06 4.264546100912658984e-07
3.468582919569640007e-19 1.588659600982650009e-17 5.515773725510144131e-16 1.451706599509891347e-14 2.896330248767841960e-13 4.380403610314908163e-12 5.022003324816460283e-11 4.364521960087828263e-10 2.875366373453845425e-09 1.435973797791032379e-08 5.436215452913995695e-08 1.560068347628026496e-07 3.393809098770180468e-07 5.596648262322094303e-07 6.996251874389062514e-07 6.629788571730280865e-07 4.762453414751928222e-07 2.593335002465045051e-07 1.070491744624406986e-07 3.349691741810246613e-08
2.065289464072163119e-20 9.459315265017924530e-19 3.284243054196775603e-17 8.643859508089268342e-16 1.724554518649330623e-14 2.608212527866985884e-13 2.990238606308311985e-12 2.598756157456760192e-11 1.712072051942877992e-10 8.550182088855657188e-10 3.236871875250581947e-09 9.289075095798460600e-09 2.020767079032935765e-08 3.332397972981344510e-08 4.165760375122754276e-08 3.947558067292624547e-08 2.835695466620704571e-08 1.544142833426955508e-08 6.374001639330335646e-09 1.994498393917180123e-09
9.321946310688687665e-22 4.269582088629422560e-20 1.482384816030071377e-18 3.901515775549863056e-17 7.783995857417026651e-16 1.177249851635920474e-14 1.349682174294037651e-13 1.172981598744904509e-12 7.727654658526127362e-12 3.859233282571963847e-11 1.461003232746358320e-10 4.192742026013808031e-10 9.120988870978989644e-10 1.504120150244207931e-09 1.880268855074740037e-09 1.781780472025019253e-09 1.279927165327270318e-09 6.969684801886871094e-10 2.876986596780671228e-10 9.002421824295552965e-11
3.189547575542083649e-23 1.460857501802089083e-21 5.072049053283815159e-20 1.334921889495940660e-18 2.663330627273253720e-17 4.028015486194344728e-16 4.618000751448094177e-15 4.013411459088190945e-14 2.644053222283315888e-13 1.320454736556977954e-12 4.998890964993154343e-12 1.434566314613088357e-11 3.120789046662951310e-11 5.146417516945535643e-11 6.433427921800445273e-11 6.096445307971071095e-11 4.379330722339728923e-11 2.384710287020356664e-11 9.843744341358402040e-12 3.080220776509460850e-12
8.272721252594474881e-25 3.789022303615007255e-23 1.315536044016255186e-21 3.462383433459104873e-20 6.907873722242384601e-19 1.044745329210397264e-17 1.197769654039686930e-16 1.040957486497504238e-15 6.857873967048907269e-15 3.424860016501666191e-14 1.296561049680306740e-13 3.720830919770426477e-13 8.094382435040062886e-13 1.334824973097439966e-12 1.668636527130894261e-12 1.581233434210817757e-12 1.135865870653530325e-12 6.185216870251888758e-13 2.553169410054077798e-13 7.989160618236581163e-14
1.626539135614852358e-26 7.449777255113637615e-25 2.586538086525412219e-23 6.807557011859372888e-22 1.358189960720469434e-20 2.054123562036626569e-19 2.354991976958525283e-18 2.046676104031010985e-17 1.348359270659705114e-16 6.733780434213721487e-16 2.549230446218054613e-15 7.315702926790099338e-15 1.591475091113104977e-14 2.624462968890821483e-14 3.280785767613846456e-14 3.108938382856743691e-14 2.233279999429192431e-14 1.216104954409621306e-14 5.019908006697602952e-15 1.570786928448645265e-15
2.424250325590833051e-28 1.110340633117418804e-26 3.855066048590354710e-25 1.014621901257846595e-23 2.024293410712297259e-22 3.061536980595735970e-21 3.509961698368479028e-20 3.050437030954429782e-19 2.009641409380891036e-18 1.003625984316023923e-17 3.799461447888295728e-17 1.090357730340914495e-16 2.371989657870881156e-16 3.911590608257716098e-16 4.889796864509585361e-16 4.633669563710392965e-16 3.328557946873600432e-16 1.812524990716399204e-16 7.481844951165286746e-17 2.341155302903926350e-17
2.738969697514111151e-30 1.254486517305531048e-28 4.355535803189405326e-27 1.146341453538672812e-25 2.287089848886451668e-24 3.458989745882319680e-23 3.965629551446343988e-22 3.446448786151167124e-21 2.270535705433928124e-20 1.133918032169143276e-19 4.292712539948965632e-19 1.231909407757292912e-18 2.679924481042121561e-18 4.419398455680334987e-18 5.524596737190147965e-18 5.235218652678972159e-18 3.760675725880182854e-18 2.047829373540184492e-18 8.453147922232936194e-19 2.645087169480123608e-19
2.345815285044087896e-32 1.074416285016908759e-30 3.730337897112074294e-29 9.817944703920126434e-28 1.958798715683612541e-26 2.962482945344688871e-25 3.396399173400264044e-24 2.951742127345437996e-23 1.944620770313516204e-22 9.711543191820095241e-22 3.676532347054475334e-21 1.055079916046336074e-20 2.295245477194630852e-20 3.785033641461701396e-20 4.731590671327054753e-20 4.483750202548156606e-20 3.220864622149946393e-20 1.753881925007328662e-20 7.239774730151206226e-21 2.265408747702461093e-21
