2.744266323130150539e-30 9.827035104299717212e-29 2.667568486491569591e-27 5.489154671902263717e-26 8.562334259609852714e-25 1.012454947571604978e-23 9.075196877860545179e-23 6.166421728132471515e-22 3.176195386066662571e-21 1.240160850011773235e-20 3.670672543441612706e-20 8.235881491992922621e-20 1.400784584589919252e-19 1.806048622026519453e-19 1.765161074914271223e-19 1.307784136573499562e-19 7.344878358645573058e-20 3.127015037225989408e-20 1.009188170413674131e-20 2.468943502574956342e-21
2.964212557475650425e-28 1.061464793464134705e-26 2.881367576804810894e-25 5.929096994427223050e-24 9.248584410236843375e-23 1.093600735531734850e-21 9.802551713069369687e-21 6.660645348871295283e-20 3.430759678468898597e-19 1.339556709168649591e-18 3.964867970700480906e-18 8.895967251677306724e-18 1.513054043247400338e-17 1.950799002159640464e-17 1.906634418142057785e-17 1.412599836766923810e-17 7.933552396253996498e-18 3.377637644945462028e-18 1.090072134173916160e-18 2.666823286190037543e-19
2.427108822178512884e-26 8.691315196514404929e-25 2.359275028359560602e-23 4.854767781896704040e-22 7.572777046010777929e-21 8.954445545600143607e-20 8.026367637722014243e-19 5.453762432413080102e-18 2.809119427480390282e-17 1.096834266635871645e-16 3.246449383729529198e-16 7.284052739033204420e-16 1.238894561571535039e-15 1.597321844041745369e-15 1.561159710112927177e-15 1.156642264866693139e-15 6.496023695602245524e-16 2.765622898902629728e-16 8.925553219832498171e-17 2.183605325056418556e-17
1.506489032750715232e-24 5.394636987053712040e-23 1.464385083597571727e-21 3.013319531925373321e-20 4.700368381934264038e-19 5.557960106915198526e-18 4.981908807945548464e-17 3.385111214042582963e-16 1.743600274744879546e-15 6.807971601162054998e-15 2.015047840985986862e-14 4.521159276031952120e-14 7.689729659780172235e-14 9.914462086879844850e-14 9.690006316018537961e-14 7.179195555284678361e-14 4.032035302450803239e-14 1.716602291520421863e-14 5.540026847597823082e-15 1.355348159091157454e-15
7.088258041740447198e-23 2.538258040679770647e-21 6.890152612702708122e-20 1.417812273449064577e-18 2.211594194054878193e-17 2.615104031098086687e-16 2.344063209451936406e-15 1.592745865617833624e-14 8.203902186048238461e-14 3.203253286335932803e-13 9.481103913037374469e-13 2.127273607681549488e-12 3.618133747726159858e-12 4.664903898340293074e-12 4.559294073891874018e-12 3.377919753923274092e-12 1.897133403287619610e-12 8.076872604324623614e-13 2.606666162198434349e-13 6.377117442730028529e-14
2.528191015358894275e-21 9.053283804455561320e-20 2.457532136571212569e-18 5.056955079924448015e-17 7.888161714914807418e-16 9.327372785694445529e-15 8.360643067269815387e-14 5.680896157409484025e-13 2.926111278047876484e-12 1.142514300515623241e-11 3.381654785629033546e-11 7.587412860085475297e-11 1.290491003502183519e-10 1.663845764904000781e-10 1.626177580741991491e-10 1.204813132109847282e-10 6.766564643788419159e-11 2.880803242518235715e-11 9.297277176568430293e-12 2.274546288757809824e-12
6.835606709026781664e-20 2.447785279534148085e-18 6.644562478998653972e-17 1.367276280216965624e-15 2.132764922143570112e-14 2.521892198973574306e-13 2.260512259367195724e-12 1.535974602036159803e-11 7.911485232749948860e-11 3.089077672659549357e-10 9.143162838499730661e-10 2.051449828572142593e-09 3.489170283371956545e-09 4.498629733382329160e-09 4.396784227718219606e-09 3.257518391190285398e-09 1.829512659255199218e-09 7.788983447972713065e-10 2.513755086453031190e-10 6.149813751006355213e-11
1.401009468894226199e-18 5.016921687315006840e-17 1.361853504158334315e-15 2.802336495820973081e-14 4.371263558657865641e-13 5.168809442513257090e-12 4.633091420755281910e-11 3.148096508524961275e-10 1.621518936931000523e-09 6.331299113260337979e-09 1.873960609153259500e-08 4.204602103563985243e-08 7.151319281042183559e-08 9.220283029441692693e-08 9.011542936757143411e-08 6.676531148475710709e-08 3.749725032737168465e-08 1.596411266502461770e-08 5.152131812895268701e-09 1.260450997819697524e-09
2.176716619240418902e-17 7.794677378465836088e-16 2.115880885381832953e-14 4.353926621189739707e-13 6.791532995648099760e-12 8.030661936985670991e-11 7.198329003427731810e-10 4.891126106726084570e-09 2.519317175790787345e-08 9.836795758484864274e-08 2.911530073358660987e-07 6.532594874854407823e-07 1.111084248475850058e-06 1.432534451043121789e-06 1.400102976528758563e-06 1.037317493737835827e-06 5.825862692264939592e-07 2.480307958004881726e-07 8.004750282307357140e-08 1.958334112372401504e-08
2.563654733563159963e-16 9.180277019649339392e-15 2.492004700803830502e-13 5.127890554671641236e-12 7.998811401788922511e-11 9.458210731897270980e-10 8.477920396373055528e-09 5.760583846848354146e-08 2.967156746989334221e-07 1.158540702378329227e-06 3.429090304406325834e-06 7.693843849648679918e-06 1.308593120397346971e-05 1.687185044643322115e-05 1.648988477198454981e-05 1.221713418973605609e-05 6.861481341253278358e-06 2.921213161616093936e-06 9.427692962343177994e-07 2.306452053843211233e-07
2.288832420883833563e-15 8.196156604155507901e-14 2.224863230419176158e-12 4.578183637062403388e-11 7.141343420884136967e-10 8.444295982333592074e-09 7.569092206859338409e-08 5.143052572278603376e-07 2.649079250587823588e-06 1.034345805541260938e-05 3.061493796379918862e-05 6.869068214898823709e-05 1.168312690667245148e-04 1.506319778421457713e-04 1.472217861033862756e-04 1.090746443258029506e-04 6.125934488581595517e-05 2.608060791137251430e-05 8.417049700120171447e-06 2.059201720472394518e-06
1.549049433958187986e-14 5.547042951880719772e-13 1.505755989940221767e-11 3.098449981239622586e-10 4.833160297314336435e-09 5.714980176031481094e-08 5.122654630208889179e-07 3.480745293195809303e-06 1.792859396866136322e-05 7.000306225879156068e-05 2.071975732726439841e-04 4.648888286019804304e-04 7.906975170621790248e-04 1.019455936936944102e-03 9.963762412177857523e-04 7.382017770738801389e-04 4.145945882896020997e-04 1.765098683231535739e-04 5.696540277306231273e-05 1.393638621333293133e-05
7.947186000929074380e-14 2.845834427704174118e-12 7.725074914808064946e-11 1.589617334068315618e-09 2.479586707372920843e-08 2.931992320896486685e-07 2.628107810656832589e-06 1.785748708884145130e-05 9.198019629367919746e-05 3.591411250083127791e-04 1.062998776953994308e-03 2.385048475317860881e-03 4.056565336658930591e-03 5.230179084657922764e-03 5.111771866202460650e-03 3.787243131183929638e-03 2.127020762466519908e-03 9.055597089495216008e-04 2.922531983363333276e-04 7.149872108027879218e-05
3.090710284673355451e-13 1.106762787879199157e-11 3.004329895673536211e-10 6.182121121269366319e-09 9.643267613619334558e-08 1.140270130800849297e-06 1.022087546293474657e-05 6.944888290956273804e-05 3.577167297178068524e-04 1.396722271987325872e-03 4.134068652907866952e-03 9.275602523015879716e-03 1.577623602240525724e-02 2.034049320821979673e-02 1.988000013832426360e-02 1.472882513979196888e-02 8.272116627823355300e-03 3.521778281657055899e-03 1.136590946432095278e-03 2.780629930619159924e-04
9.111713094149854711e-13 3.262843831220655696e-11 8.857055345919468391e-10 1.822549148317986350e-08 2.842928637508737662e-07 3.361626721601354829e-06 3.013213022622084441e-05 2.047420293384186565e-04 1.054583545513612360e-03 4.117672457903212048e-03 1.218763455882962247e-02 2.734537409870029662e-02 4.650987090397605550e-02 5.996574289925409029e-02 5.860816475434044853e-02 4.342200223463193315e-02 2.438700054412859877e-02 1.038254327582781647e-02 3.350780129944153345e-03 8.197566195204005184e-04
2.036285153811786423e-12 7.291801644837566516e-11 1.979374253889178320e-09 4.073031859612665109e-08 6.353375395042035515e-07 7.512561595303929393e-06 6.733926847605772403e-05 4.575573774055683145e-04 2.356782742163286096e-03 9.202172201483595215e-03 2.723691917841682131e-02 6.111142737622385357e-02 1.039402345627800789e-01 1.340114100842838274e-01 1.309774951738133797e-01 9.703946731590194774e-02 5.450005574241825052e-02 2.320290214685378355e-02 7.488321638083155797e-03 1.831991653841764846e-03
3.449641571241491560e-12 1.235293693331309939e-10 3.353229629199735241e-09 6.900065051110026059e-08 1.076316243793899122e-06 1.272692320972847447e-05 1.140784921390591204e-04 7.751414124744802686e-04 3.992591954290924255e-03 1.558926838539176005e-02 4.614167543996929022e-02 1.035279955561728138e-01 1.760836655913170234e-01 2.270268141876197188e-01 2.218871023063163084e-01 1.643931744419164509e-01 9.232776537809106454e-02 3.930770485135776093e-02 1.268585864470066042e-02 3.103550873231059135e-03
4.430024929528372955e-12 1.586362450629160083e-10 4.306212847047144546e-09 8.861053985032958008e-08 1.382203830048148528e-06 1.634389716465513404e-05 1.464994416556615543e-04 9.954355286644902493e-04 5.127281059689252699e-03 2.001971687613317979e-02 5.925507571376638360e-02 1.329505085517886098e-01 2.261263995527327542e-01 2.915475204459010428e-01 2.849471095642067686e-01 2.111134870049410084e-01 1.185671884645653623e-01 5.047890014596177755e-02 1.629116210710305004e-02 3.985575734329134708e-03
4.312560362870510030e-12 1.544299170898294629e-10 4.192031226387784102e-09 8.626098226760381537e-08 1.345553929311197298e-06 1.591052967158525670e-05 1.426149277525914395e-04 9.690410038321307061e-04 4.991328360237163621e-03 1.948888298583308781e-02 5.768389453494240232e-02 1.294252521204122541e-01 2.201305327222066455e-01 2.838169763306570004e-01 2.773915790022306038e-01 2.055156958725772587e-01 1.154233137382637137e-01 4.914042412712776170e-02 1.585919291331626055e-02 3.879895984449063893e-03
3.182445852517042005e-12 1.139612684331104714e-10 3.093501601716667169e-09 6.365613050082754585e-08 9.929490050834099263e-07 1.174114560821652404e-05 1.052424191533290630e-04 7.151019960476102727e-04 3.683341426440774752e-03 1.438178474264213344e-02 4.256772206605508035e-02 9.550912269374420283e-02 1.624449148365896267e-01 2.094422067628101958e-01 2.047005968239260232e-01 1.516599233225560117e-01 8.517641845727352834e-02 3.626308406039613352e-02 1.170326174348469347e-02 2.863161983821759654e-03
