1.221575201591963713e-21 9.623385202179408058e-20 5.746882947727094733e-18 2.601558837893688161e-16 8.927539346171497918e-15 2.322344867293422952e-13 4.579504308949519163e-12 6.845529567939764238e-11 7.756976017525781482e-10 6.663074454978264507e-09 4.338640871372659088e-08 2.141556612035985466e-07 8.013130861321395661e-07 2.272855000974427661e-06 4.886951680054900462e-06 7.965282420465812180e-06 9.841496273260285662e-06 9.217601004030849253e-06 6.544425036774605858e-06 3.522264041390559305e-06
1.160484735729381257e-20 9.142123725677535144e-19 5.459483730653229547e-17 2.471455966479219971e-15 8.481076830434929712e-14 2.206205369985657282e-12 4.350485210257240686e-11 6.503187492039298557e-10 7.369052885181599473e-09 6.329856883107782222e-08 4.121667252640735286e-07 2.034458259900254627e-06 7.612397532175559542e-06 2.159190471220816178e-05 4.642557266683208322e-05 7.566941971871952045e-05 9.349327153148151112e-05 8.756632625876325951e-05 6.217141072776096377e-05 3.346117087114518549e-05
8.357097642696922441e-20 6.583595482544957225e-18 3.931584553510569029e-16 1.779790650887898168e-14 6.107550147362507402e-13 1.588773477940160063e-11 3.132951996337758794e-10 4.683195839329966536e-09 5.306738865199614593e-08 4.558373790516161289e-07 2.968171370162461265e-06 1.465091767647559624e-05 5.481980720016242929e-05 1.554916238155589208e-04 3.343284335842500480e-04 5.449246419928966854e-04 6.732810652892285254e-04 6.305988491066122879e-04 4.477202793275463660e-04 2.409667818968503901e-04
4.562137177833427526e-19 3.593982863294852751e-17 2.146250866775553097e-15 9.715871998063325296e-14 3.334109852971944963e-12 8.673109805292911073e-11 1.710277585586208949e-09 2.556555249579105364e-08 2.896947206442810177e-07 2.488414929356279017e-06 1.620323889578130096e-05 7.997931707742521659e-05 2.992611684130237000e-04 8.488283231566094754e-04 1.825097948681261070e-03 2.974742039212420475e-03 3.675439381483684449e-03 3.442437287210919124e-03 2.444103705519231999e-03 1.315436963064766946e-03
1.887895810375614152e-18 1.487255846479906747e-16 8.881578658107870275e-15 4.020605546105134082e-13 1.379715641463250524e-11 3.589091477542148653e-10 7.077441476542588414e-09 1.057949324304690989e-07 1.198809742174396927e-06 1.029751613439839894e-05 6.705196629003604266e-05 3.309690431072937443e-04 1.238397452843289798e-03 3.512606860665584956e-03 7.552589140857020669e-03 1.231002666922084710e-02 1.520964043630066917e-02 1.424543515171692101e-02 1.011414818518144645e-02 5.443518760132010775e-03
5.922219840693279022e-18 4.665435472552892693e-16 2.786099797279576021e-14 1.261240678955050171e-12 4.328088076408652160e-11 1.125877214279870151e-09 2.220152410073254260e-08 3.318725770994077841e-07 3.760596745489406309e-06 3.230271184767352269e-05 2.103381356841633044e-04 1.038230723842390769e-03 3.884781101576463731e-03 1.101884432841146975e-02 2.369203481080299142e-02 3.861584086328294363e-02 4.771176135178224753e-02 4.468710520525099456e-02 3.172749720869200846e-02 1.707600314978503439e-02
1.408276222349385665e-17 1.109418768576560070e-15 6.625215211770950684e-14 2.999171436743341437e-12 1.029199133128886922e-10 2.677283438991181385e-09 5.279418753782445611e-08 7.891774904529700100e-07 8.942523447250595085e-06 7.681434029162471271e-05 5.001742642208816501e-04 2.468864177674079743e-03 9.237828046825703049e-03 2.620229725152307607e-02 5.633855240203650833e-02 9.182666627827026917e-02 1.134563404357812610e-01 1.062638493656688499e-01 7.544650674167989457e-02 4.060593806965196589e-02
2.538563244773518733e-17 1.999841838039382693e-15 1.194263423496437688e-13 5.406316071565622924e-12 1.855237665345994230e-10 4.826079732231445209e-09 9.516697214245135288e-08 1.422573880800407441e-06 1.611982150834297625e-05 1.384657767000664554e-04 9.016157363038615567e-04 4.450382501897052687e-03 1.665213852868102293e-02 4.723234524288096037e-02 1.015560556386883584e-01 1.655270437749868373e-01 2.045167639316495811e-01 1.915515564111471281e-01 1.360001155465569433e-01 7.319639447664694210e-02
3.468845429218748114e-17 2.732704112582484934e-15 1.631913337754305197e-13 7.387515293295520313e-12 2.535108277802260456e-10 6.594645476989033099e-09 1.300418719165625758e-07 1.943890472021996906e-06 2.202709318909504911e-05 1.892079614711756448e-04 1.232021944786482583e-03 6.081270195558208247e-03 2.275448316714527922e-02 6.454111602079359855e-02 1.387722997002500680e-01 2.261861036525734114e-01 2.794640012312191168e-01 2.617475622419750403e-01 1.858387338421366997e-01 1.000199537822673013e-01
3.593177968624706617e-17 2.830651411963595980e-15 1.690405401904630398e-13 7.652303262392938558e-12 2.625973223006572453e-10 6.831014907500282236e-09 1.347029144721917159e-07 2.013564616818912355e-06 2.281660211585869103e-05 1.959896722177487604e-04 1.276180850141239546e-03 6.299238906374392613e-03 2.357006366295253535e-02 6.685443929065348900e-02 1.437462637390053144e-01 2.342932082264990445e-01 2.894807257162442804e-01 2.711292829790069026e-01 1.924996826131466776e-01 1.036049318675592440e-01
2.821430309685167604e-17 2.222680245622246002e-15 1.327337826913916691e-13 6.008731143278709846e-12 2.061963116914084462e-10 5.363840220057188895e-09 1.057712390016235187e-07 1.581088465422423982e-06 1.791602123129750138e-05 1.538947434301645031e-04 1.002080988659308312e-03 4.946279792869653219e-03 1.850765328089688452e-02 5.249535174675853261e-02 1.128722453935286502e-01 1.839713937956263257e-01 2.273056610992426341e-01 2.128957662325235145e-01 1.511543385471079137e-01 8.135252346431445791e-02
1.679410044189611993e-17 1.323013904226598266e-15 7.900760372850723211e-14 3.576598507578682359e-12 1.227349673464184878e-10 3.192737779157645912e-09 6.295859251101908366e-08 9.411169364941917400e-07 1.066421733135519287e-05 9.160331799704876123e-05 5.964722473098016701e-04 2.944191794141585473e-03 1.101637659013645666e-02 3.124699578583982340e-02 6.718534991753145891e-02 1.095059500577967720e-01 1.352999608180383007e-01 1.267227076100422289e-01 8.997213700705468387e-02 4.842375321380398140e-02
7.577762409972553095e-18 5.969646940010457970e-16 3.564947415357316744e-14 1.613817531940018954e-12 5.537994876026169713e-11 1.440613530418328045e-09 2.840790772720388985e-08 4.246467722059786903e-07 4.811862683857869769e-06 4.133285865166732252e-05 2.691376647349463086e-04 1.328465670583828294e-03 4.970762483388613089e-03 1.409913623594913346e-02 3.031508718596419988e-02 4.941080797314870848e-02 6.104947155132825487e-02 5.717927992271187171e-02 4.059684411890897293e-02 2.184955949995025584e-02
2.591922681016090729e-18 2.041877597153042456e-16 1.219366293450181904e-14 5.519954358231072537e-13 1.894233911006872770e-11 4.927521716906753105e-10 9.716733829164614695e-09 1.452475731955472612e-07 1.645865277039134537e-06 1.413762638816714710e-05 9.205672859631671649e-05 4.543927502934153105e-04 1.700215885059073269e-03 4.822514749815823114e-03 1.036907173955138074e-02 1.690063463911099448e-02 2.088156126004853466e-02 1.955778823585236498e-02 1.388587756604741513e-02 7.473494915016345476e-03
6.720474214125589911e-19 5.294288228801741671e-17 3.161637417939221095e-15 1.431242961040001492e-13 4.911469870487593445e-12 1.277633892421273118e-10 2.519406139029700865e-09 3.766055899253635322e-08 4.267486540119337620e-07 3.665678543828020123e-06 2.386895547847805454e-05 1.178173555792712686e-04 4.408409671197018823e-04 1.250407130612102985e-03 2.688547762649901897e-03 4.382085936683008040e-03 5.414281646080049658e-03 5.071046774931122804e-03 3.600403777729332174e-03 1.937767288879028733e-03
1.320914220048174310e-19 1.040596300743011244e-17 6.214221929777449597e-16 2.813118716545156843e-14 9.653530668459411760e-13 2.511198946299846882e-11 4.951911560237997890e-10 7.402210963572131455e-09 8.387776628708073752e-08 7.204918522699675152e-07 4.691461004782761244e-06 2.315708912713675073e-05 8.664762094083363502e-05 2.457684542860872050e-04 5.284360683206654977e-04 8.613022597529318251e-04 1.064181096420361477e-03 9.967180264536525894e-04 7.076620483003525025e-04 3.808696061424485051e-04
1.968095332461271201e-20 1.550435820422989977e-18 9.258876155052238506e-17 4.191404507319245743e-15 1.438327210200967303e-13 3.741559330714282495e-12 7.378097593733235476e-11 1.102891968773619533e-09 1.249736264636934544e-08 1.073496393639542078e-07 6.990039448284783851e-07 3.450289075004859104e-06 1.291005697071757735e-05 3.661825578113857304e-05 7.873429960714360101e-05 1.283296773954236867e-04 1.585575972285360280e-04 1.485059412542255510e-04 1.054380635079482653e-04 5.674764362049047835e-05
2.222872057697464037e-21 1.751145082063410400e-19 1.045746959066677315e-17 4.733996269467043296e-16 1.624523625785587878e-14 4.225917084037221892e-13 8.333217761135682941e-12 1.245665136037847840e-10 1.411518932204627713e-09 1.212464202369776609e-08 7.894924151038808184e-08 3.896940889654822433e-07 1.458130834932773330e-06 4.135861522303229795e-06 8.892672610540015650e-06 1.449423965143368597e-05 1.790834247720046724e-05 1.677305472815938245e-05 1.190873842967976042e-05 6.409382170852961656e-06
1.903178931431766638e-22 1.499295658750426062e-20 8.953477881071160176e-19 4.053153635328335507e-17 1.390884881341685300e-15 3.618146322217085868e-14 7.134735631368012635e-13 1.066513762821780910e-11 1.208514490875178327e-10 1.038087782459065806e-09 6.759477342601917760e-09 3.336483434817384722e-08 1.248422676737230873e-07 3.541042537877865364e-07 7.613729768159022002e-07 1.240968027656312273e-06 1.533276734549299689e-06 1.436075651040891342e-06 1.019602545311359748e-06 5.487585787414647181e-07
1.235212265310243741e-23 9.730815933432503893e-22 5.811038317644164714e-20 2.630601359052433769e-18 9.027201997109837159e-17 2.348270381244458178e-15 4.630627638874598588e-14 6.921949687455703051e-13 7.843571076163443753e-12 6.737457735503110954e-11 4.387075320546599656e-10 2.165463894974096184e-09 8.102585506435628998e-09 2.298228034440002642e-08 4.941507200961206295e-08 8.054202909159793793e-08 9.951361889054372372e-08 9.320501760413148141e-08 6.617483773649510756e-08 3.561584861838174734e-08
