5.306173450310890027e-12 1.818578700570621022e-10 4.724758093981100450e-09 9.305160629841328587e-08 1.389200691342553932e-06 1.572182386369055699e-05 1.348769328937439991e-04 8.771406857639227469e-04 4.324119126344123931e-03 1.615931188843358277e-02 4.577674368578679015e-02 9.830231561279573205e-02 1.600218989510074907e-01 1.974658098968916642e-01 1.847145989050484882e-01 1.309807132620789127e-01 7.040610197606671228e-02 2.868864714951898168e-02 8.861488069252231384e-03 2.074913826153581588e-03
7.488098975701867783e-12 2.566387516823114197e-10 6.667602666080600001e-09 1.313149003392901539e-07 1.960447085135715347e-06 2.218671784333941133e-05 1.903390140758177225e-04 1.237825399437412306e-03 6.102218916136859482e-03 2.280410317019264041e-02 6.460037364297306628e-02 1.387247280441180619e-01 2.258237181362213464e-01 2.786647558116330248e-01 2.606701819702172407e-01 1.848406491041125199e-01 9.935744939872956372e-02 4.048556485125810733e-02 1.250537705861729486e-02 2.928128950511402120e-03
8.010479797477741225e-12 2.745422492774102328e-10 7.132744455910603860e-09 1.404756213411419851e-07 2.097210763434365045e-06 2.373449598264038864e-05 2.036173442516839749e-04 1.324177923819284258e-03 6.527918702212282855e-03 2.439495101990212661e-02 6.910699092729949422e-02 1.484023695485199024e-01 2.415775135707195764e-01 2.981048199204558991e-01 2.788549180844065445e-01 1.977354052351294189e-01 1.062887715186537074e-01 4.330989752977727758e-02 1.337777059477316711e-02 3.132399542072393604e-03
6.495944447011211492e-12 2.226347540661800347e-10 5.784161861928874371e-09 1.139160019701649516e-07 1.700692712218460499e-06 1.924703279691045504e-05 1.651195671354632147e-04 1.073816606315787080e-03 5.293690055560537275e-03 1.978261610031656695e-02 5.604098447451241055e-02 1.203440458954222470e-01 1.959026359815062845e-01 2.417423673172860443e-01 2.261320298470175516e-01 1.603497218754730003e-01 8.619283396028822042e-02 3.512132799433143743e-02 1.084844563691044102e-02 2.540159132234823518e-03
3.993216843621350613e-12 1.368590598587415718e-10 3.555666579617033628e-09 7.002696860108794325e-08 1.045457645097240414e-06 1.183162451300174131e-05 1.015030596513444587e-04 6.601014824370033925e-04 3.254161495254351191e-03 1.216086074427950338e-02 3.444977169404656037e-02 7.397844532371995740e-02 1.204261692956906105e-01 1.486049797473923406e-01 1.390089213097974452e-01 9.857091843784868135e-02 5.298485527043600429e-02 2.158994425850458213e-02 6.668806391094216253e-03 1.561498303296865193e-03
1.860802607199560932e-12 6.377507292418289102e-11 1.656908177238748670e-09 3.263192830495395751e-08 4.871737218130712000e-07 5.513429048154023557e-06 4.729949948489805850e-05 3.076012667574393915e-04 1.516409559448385000e-03 5.666850127333544936e-03 1.605327922226656295e-02 3.447328039669102923e-02 5.611749588766529184e-02 6.924856439952617460e-02 6.477688874083030457e-02 4.593314843800572200e-02 2.469045901847543092e-02 1.006071699554516620e-02 3.107602919004892692e-03 7.276439591688798865e-04
6.573165041647047094e-13 2.252813265909040955e-11 5.852921135055599440e-10 1.152701794084771423e-08 1.720909711240172996e-07 1.947583206231003735e-06 1.670824273883827314e-05 1.086581610318813402e-04 5.356618840934657469e-04 2.001778211677190597e-03 5.670717215213182810e-03 1.217746367603428533e-02 1.982314302260720223e-02 2.446160817563778136e-02 2.288201762672086373e-02 1.622558805524627543e-02 8.721745200406215426e-03 3.553883307834890259e-03 1.097740662630777766e-03 2.570355295434934950e-04
1.760133412700728264e-13 6.032484924352933700e-12 1.567269646576873920e-10 3.086654495655709124e-09 4.608176827758460240e-08 5.215153207902782369e-07 4.474060232142684205e-06 2.909600756759761118e-05 1.434371986903413632e-04 5.360274225377538188e-04 1.518479877081093396e-03 3.260828012431380915e-03 5.308154619238565630e-03 6.550222549644794598e-03 6.127246694646593106e-03 4.344817069981962016e-03 2.335470819161199023e-03 9.516433430967338129e-04 2.939481979433947872e-04 6.882785095676910339e-05
3.572839087867566247e-14 1.224515015690154778e-12 3.181351035161747739e-11 6.265502235935313027e-10 9.353992245825521132e-09 1.058607438274971960e-07 9.081753214573605129e-07 5.906106456947234191e-06 2.911586283387110853e-05 1.088065094152848588e-04 3.082314226767153618e-04 6.619051543230524510e-04 1.077485500315591895e-03 1.329608937068774491e-03 1.243750407422265477e-03 8.819406611597122676e-04 4.740698273814308687e-04 1.931710692718432098e-04 5.966761404801328611e-05 1.397114755380644733e-05
5.497663401032553901e-15 1.884207830303523238e-13 4.895265843691997822e-12 9.640966605117402702e-11 1.439334365716148922e-09 1.628919530473090949e-08 1.397443910488860824e-07 9.087950650008231872e-07 4.480168559362524049e-06 1.674247146023971416e-05 4.742874139650550867e-05 1.018498637185626614e-04 1.657967922581084382e-04 2.045919844481883395e-04 1.913806059199209004e-04 1.357075640827161314e-04 7.294692751148381153e-05 2.972396717446294762e-05 9.181282725343313883e-06 2.149793614770103366e-06
6.412681273652976688e-16 2.197810849385277730e-14 5.710022115850311647e-13 1.124558589689907235e-11 1.678893715431829934e-10 1.900032978990766594e-09 1.630031113598044283e-08 1.060052729642279983e-07 5.225837037974512888e-07 1.952904813844802246e-06 5.532266703144776120e-06 1.188015100505179207e-05 1.933916115609436834e-05 2.386437822228228362e-05 2.232335336304029158e-05 1.582944046233981949e-05 8.508803866303555439e-06 3.467115277420485849e-06 1.070939333787961977e-06 2.507600092989638088e-07
5.670194847246006815e-17 1.943339333674188950e-15 5.048892436300936473e-14 9.943526036268444668e-13 1.484504544678916945e-11 1.680039401199457782e-10 1.441299454433859937e-09 9.373154954889416177e-09 4.620768284089503926e-08 1.726789519092495702e-07 4.891718271208068984e-07 1.050461860471912622e-06 1.709999409886159953e-06 2.110126305273739819e-06 1.973866434504045021e-06 1.399664320026575952e-06 7.523619805831643213e-07 3.065678511359828395e-07 9.469416041471848682e-08 2.217259913515684596e-08
3.800608457629698489e-18 1.302578148825684346e-16 3.384162945368255666e-15 6.664929543022365247e-14 9.950311549940414646e-13 1.126093922583815230e-11 9.660717213552145772e-11 6.282622194813791842e-10 3.097200624381958573e-09 1.157429511262181137e-08 3.278812516103389276e-08 7.041017705531028532e-08 1.146175465718204766e-07 1.414371833515647569e-07 1.323039801507195322e-07 9.381645950172668694e-08 5.042918953644480386e-08 2.054857724035161907e-08 6.347143910497601984e-09 1.486181164332292209e-09
1.931101482988596455e-19 6.618441817799280085e-18 1.719504167643577343e-16 3.386472315691238935e-15 5.055785568154043303e-14 5.721719740744541665e-13 4.908641746658368216e-12 3.192220712214198587e-11 1.573697681709456013e-10 5.880936883056677332e-10 1.665975272874514762e-09 3.577563930744871314e-09 5.823754712670327581e-09 7.186469155264608005e-09 6.722408138661270360e-09 4.766844732685565347e-09 2.562323474922648862e-09 1.044079873644664296e-09 3.225004405202041871e-10 7.551334693976059069e-11
7.437960774229151355e-21 2.549203708917662470e-19 6.622958276777419750e-18 1.304356527557652955e-16 1.947320483677854301e-15 2.203816183027695133e-14 1.890645576527902098e-13 1.229537269236888957e-12 6.061360177164447758e-12 2.265141331888839039e-11 6.416782773787306485e-11 1.377958663415026112e-10 2.243116661302354686e-10 2.767988951017832353e-10 2.589248078580476959e-10 1.836030081841403266e-10 9.869217990483902473e-11 4.021448491310076710e-11 1.242164457638224403e-11 2.908523023862299440e-12
2.171698290129464051e-22 7.443036477188091819e-21 1.933737969566937607e-19 3.808394433096146645e-18 5.685688178660174610e-17 6.434591390994391166e-16 5.520211641895918639e-15 3.589940934488111731e-14 1.769765387606675708e-13 6.613645469076027711e-13 1.873539885589186580e-12 4.023294238893912360e-12 6.549338946219582491e-12 8.081834597528761101e-12 7.559956008986885734e-12 5.360748073821997320e-12 2.881564515520070214e-12 1.174162257305926553e-12 3.626809162612323992e-13 8.492158898725266771e-14
4.806643522869275276e-24 1.647375385253117947e-22 4.279963348772114021e-21 8.429160955540280635e-20 1.258419568741380974e-18 1.424175133922023337e-17 1.221794466293225795e-16 7.945655443331263018e-16 3.917041043869258664e-15 1.463805368405603703e-14 4.146726272629515376e-14 8.904801040674809437e-14 1.449572335531237025e-13 1.788761270277389878e-13 1.673253312807413776e-13 1.186500220766586128e-13 6.377798185506096189e-14 2.598786136420731861e-14 8.027256294940538111e-15 1.879578795602441522e-15
8.064568945422280569e-26 2.763960404002416562e-24 7.180906873129033839e-23 1.414241546197244448e-21 2.111371755799633753e-20 2.389475837603639342e-19 2.049922292692790972e-18 1.333119167969085144e-17 6.571997155610913329e-17 2.455967300262651083e-16 6.957362193452634259e-16 1.494044265943859587e-15 2.432087169695108574e-15 3.001177125455311693e-15 2.807378296328594592e-15 1.990705736467646859e-15 1.070064649943080361e-15 4.360233887089233366e-16 1.346810129045715470e-16 3.153550437716099725e-17
1.025692602023225707e-27 3.515344413143904704e-26 9.133039974525897704e-25 1.798703813217193788e-23 2.685349216679151157e-22 3.039056031301583204e-21 2.607194686494664677e-20 1.695528276160889843e-19 8.358597847754933956e-19 3.123623231121685993e-18 8.848724562608080685e-18 1.900200941978053297e-17 3.093251275194171372e-17 3.817048618188304853e-17 3.570565481071758192e-17 2.531880080037118514e-17 1.360962256707099505e-17 5.545565635739283511e-18 1.712941131808752942e-18 4.010844691096057888e-19
9.888948302896686858e-30 3.389227834917135995e-28 8.805382819201773120e-27 1.734173473225978596e-25 2.589009565495833713e-24 2.930026786180057399e-23 2.513658909060654018e-22 1.634699464145596552e-21 8.058724596249055941e-21 3.011560051165331282e-20 8.531267513638805593e-20 1.832029288626104998e-19 2.982277720237662975e-19 3.680108092858498985e-19 3.442467790522950511e-19 2.441046291182493384e-19 1.312136343015707728e-19 5.346612793537996732e-20 1.651487615777757943e-20 3.866951533330713789e-21
