3.026591177820222178e-11 5.175833675188515300e-11 6.709708940234545736e-11 6.593619328334909041e-11 4.911802304966500650e-11 2.773669470494385588e-11 1.187313356765480132e-11 3.852767661950704630e-12 9.477135848795134872e-13 1.767169516577780501e-13 2.497906259083925767e-14 2.676522388233810166e-15 2.174014538799650087e-16 1.338600020107457987e-17 6.247928194408413846e-19 2.210640140338460645e-20 5.929210826055376647e-22 1.205514819732106642e-23 1.857997108582485419e-25 2.170772611040121970e-27
8.781253674355662886e-10 1.501699628650759337e-09 1.946733232987419933e-09 1.913051368766088299e-09 1.425094421548521946e-09 8.047434819647023792e-10 3.444832540686051841e-10 1.117829538256617079e-10 2.749665518239455618e-11 5.127208433163453766e-12 7.247344364353274927e-13 7.765575419769936108e-14 6.307615411304473575e-15 3.883770768646374697e-16 1.812753662150473227e-17 6.413879746060072035e-19 1.720282036565852590e-20 3.497641676166798161e-22 5.390732668570303432e-24 6.298209387042289938e-26
1.931328299559352269e-08 3.302802877362262534e-08 4.281599329650578120e-08 4.207520228915165318e-08 3.134319184877427774e-08 1.769933904931188325e-08 7.576483745708551244e-09 2.458528020461484123e-09 6.047549731090144953e-10 1.127666175232613182e-10 1.593963890190721383e-11 1.707942410815807029e-12 1.387282112366821326e-13 8.541874170419673347e-15 3.986927809710460321e-16 1.410653640460438454e-17 3.783547889233486514e-19 7.692630917412638370e-21 1.185625076357088759e-22 1.385213373492212786e-24
3.219975034885968137e-07 5.506543249370130317e-07 7.138425380089385137e-07 7.014918229580974511e-07 5.225641610994940732e-07 2.950892910634071920e-07 1.263176670634765859e-07 4.098940014631262567e-08 1.008267686067900635e-08 1.880082704096871323e-09 2.657509825799615029e-10 2.847538621530380799e-11 2.312923063978412027e-12 1.424129786021570196e-13 6.647139181924336566e-15 2.351888856073807770e-16 6.308057386932586786e-18 1.282541114957623746e-19 1.976713719503633404e-21 2.309473993444180910e-23
4.069543773539687921e-06 6.959407620063988179e-06 9.021850866445992739e-06 8.865757185627461579e-06 6.604391975209048616e-06 3.729466142049940888e-06 1.596457332484986395e-06 5.180417746700345884e-07 1.274292328183908096e-07 2.376129870357216400e-08 3.358675905102581650e-09 3.598842519464797610e-10 2.923172245657810492e-11 1.799876843958743144e-12 8.400942111841528896e-14 2.972418899710965398e-15 7.972395867669080492e-17 1.620930955096450177e-18 2.498256328736211844e-20 2.918813161079500112e-22
3.898843145609165900e-05 6.667489086469721650e-05 8.643421319131322858e-05 8.493875126388716510e-05 6.327364888143980650e-05 3.573030372410875509e-05 1.529492511786562388e-05 4.963120523347220808e-06 1.220841004720482315e-06 2.276460992594627495e-07 3.217793261268173133e-08 3.447885873687925389e-09 2.800557189609686337e-10 1.724379411185307764e-11 8.048557133696426998e-13 2.847738149020358154e-14 7.637986642347464972e-16 1.552939566561435963e-17 2.393464748210775148e-19 2.796380950705517758e-21
2.831539484307812491e-04 4.842271900779609637e-04 6.277295041271619379e-04 6.168686940441640626e-04 4.595256296109161533e-04 2.594917569204161422e-04 1.110795760776912583e-04 3.604472199160602971e-05 8.866372356685179801e-06 1.653282510807733574e-06 2.336926193576550773e-07 2.504031227757727749e-08 2.033907998933611000e-09 1.252332603889810221e-10 5.845274217157062190e-12 2.068173226974207295e-13 5.547096908163386972e-15 1.127824212270413506e-16 1.738256627864114377e-18 2.030875000448830583e-20
1.558857080775021952e-03 2.665832449591806850e-03 3.455860628972405243e-03 3.396068241140056624e-03 2.529842107046192251e-03 1.428588811563143461e-03 6.115301752203050568e-04 1.984382362053407412e-04 4.881234185715531524e-05 9.101872542399526566e-06 1.286555940432509783e-06 1.378552844311163813e-07 1.119734301200351178e-08 6.894509357464526038e-10 3.218018732560398048e-11 1.138598453952409047e-12 3.053862162600061300e-14 6.209049066455190766e-16 9.569683444525532731e-18 1.118064534209574212e-19
6.505591618177697204e-03 1.112534141417774285e-02 1.442237278753964909e-02 1.417284070284105524e-02 1.055781175188310293e-02 5.961941933578022296e-03 2.552104122462604645e-03 8.281439922264080674e-04 2.037089647061519394e-04 3.798492270511229539e-05 5.369194934941193182e-06 5.753126402522363820e-07 4.672996757889683436e-08 2.877291500325944482e-09 1.342978516239303140e-10 4.751722688278886885e-12 1.274470914177937884e-13 2.591227769482406774e-15 3.993724195316662990e-17 4.666028304993341763e-19
2.058088823600359371e-02 3.519578566733207875e-02 4.562617204697486800e-02 4.483676006911122697e-02 3.340036639790449485e-02 1.886101492470917615e-02 8.073757590975208856e-03 2.619890695214551878e-03 6.444473740981134131e-04 1.201679254908615902e-04 1.698581887073547205e-05 1.820041257540248828e-06 1.478334787148453142e-07 9.102510312075043538e-09 4.248605256568090455e-10 1.503240278757983751e-11 4.031876727620478504e-13 8.197527949454129633e-15 1.263442222219586789e-16 1.476130268963864151e-18
4.935580622501543890e-02 8.440434433219252963e-02 1.094178482734419477e-01 1.075247295623172755e-01 8.009868149886992250e-02 4.523131301022179085e-02 1.936198334097257237e-02 6.282858932080731713e-03 1.545473613843542302e-03 2.881792455688848408e-04 4.073433445358535073e-05 4.364709753952441138e-06 3.545250547668624870e-07 2.182907413772622072e-08 1.018874090200465814e-09 3.604977348753344727e-11 9.668996022410090055e-13 1.965880171729507756e-14 3.029908562803696288e-16 3.539963809259184223e-18
8.972411971316036905e-02 1.534389988615789124e-01 1.989111488217747692e-01 1.954696406617463245e-01 1.456117169863668237e-01 8.222618682005532198e-02 3.519822780828450043e-02 1.142163465819738023e-02 2.809522731932340752e-03 5.238822158104213282e-04 7.405111131782064293e-05 7.934623510989054289e-06 6.444925306294446242e-07 3.968316214370967190e-08 1.852215328527043537e-09 6.553502899499556409e-11 1.757730696699857553e-12 3.573781513482543837e-14 5.508083028155272839e-16 6.435314523162287189e-18
1.236451202376256248e-01 2.114479754611411355e-01 2.741112756669952244e-01 2.693686747743272436e-01 2.006615201391121484e-01 1.133125272061707572e-01 4.850523051571747901e-02 1.573968510516249655e-02 3.871687759218706091e-03 7.219405414209072560e-04 1.020467917867882936e-04 1.093437841678409282e-05 8.881486572026064900e-07 5.468573411869866299e-08 2.552461787687039231e-09 9.031112888894653904e-11 2.422256401440528334e-12 4.924881362449732185e-14 7.590462748169927092e-16 8.868242346953100765e-18
1.291640266991369579e-01 2.208859669953260330e-01 2.863462469100523933e-01 2.813919597764666936e-01 2.096180576712373955e-01 1.183702378328940208e-01 5.067026403742720675e-02 1.644222677977200120e-02 4.044500746502324717e-03 7.541643955545567586e-04 1.066016557190344678e-04 1.142243497397797558e-05 9.277912193481885099e-07 5.712663474462027321e-08 2.666391054169652296e-09 9.434217088893593281e-11 2.530373943642405841e-12 5.144703701747603443e-14 7.929263453173351906e-16 9.264076811724480135e-18
1.022828897953898253e-01 1.749160009710506447e-01 2.267529308624448015e-01 2.228297115431863706e-01 1.659931270325912256e-01 9.373546412823997864e-02 4.012495711763144207e-02 1.302033168742535406e-02 3.202774291757452211e-03 5.972105061248366310e-04 8.441611555912382006e-05 9.045240284740999921e-06 7.347027610308713775e-07 4.523765196307962657e-08 2.111471663703331754e-09 7.470802912151204289e-11 2.003761928401013104e-12 4.074007099372206031e-14 6.279054630502315756e-16 7.336071596751876282e-18
6.139898940871846289e-02 1.049996310479779787e-01 1.361166156751139611e-01 1.337615619421475832e-01 9.964335451395800458e-02 5.626808922532536283e-02 2.408645103808728857e-02 7.815923161473515776e-03 1.922580650698383535e-03 3.584971212065517871e-04 5.067381451099168795e-05 5.429731341704410337e-06 4.410318004636971662e-07 2.715553030729495473e-08 1.267486933306934817e-09 4.484618588655373085e-11 1.202830284376968692e-12 2.445569530209655823e-14 3.769228749072286207e-16 4.403741262801807528e-18
2.793934855527264310e-02 4.777963478349889215e-02 6.193928607188253083e-02 6.086762890381842983e-02 4.534228396578067477e-02 2.560455428574714976e-02 1.096043693053148742e-02 3.556602536826592147e-03 8.748621344223227875e-04 1.631325877169797340e-04 2.305890341000942396e-05 2.470776115019027313e-06 2.006896418944151767e-07 1.235700837693348506e-08 5.767645291876349143e-10 2.040706583162517288e-11 5.473427965456687901e-13 1.112845995979531288e-14 1.715171484401190134e-16 2.003903700590630393e-18
9.637583368664763561e-03 1.648142270172668275e-02 2.136574631052698403e-02 2.099608181103399321e-02 1.564066681731614977e-02 8.832204017148487241e-03 3.780765484421242870e-03 1.226837962598171898e-03 3.017807211897913450e-04 5.627203193940274133e-05 7.954090395640771736e-06 8.522858271621266792e-07 6.922721018919005893e-08 4.262508060429012302e-09 1.989529649604340846e-10 7.039348031792306318e-12 1.888040382370154736e-13 3.838724457558436224e-15 5.916425767684372571e-17 6.912397738627102339e-19
2.520094575132597863e-03 4.309663776931155731e-03 5.586846755161000919e-03 5.490184608214463552e-03 4.089817757211861721e-03 2.309499028817632756e-03 9.886178124401097736e-04 3.208011361191189675e-04 7.891147907707922655e-05 1.471435701228331094e-05 2.079884478233649385e-06 2.228609400648165430e-07 1.810195670177762106e-08 1.114586824169215357e-09 5.202344493677760025e-11 1.840692018817560683e-12 4.936964115622998036e-14 1.003773281212314083e-15 1.547063398672500892e-17 1.807496275353766291e-19
4.995308913410501052e-04 8.542576969586088576e-04 1.107419763896991130e-03 1.088259479636388390e-03 8.106800156795708522e-04 4.577868306215690411e-04 1.959629380249996533e-04 6.358891410270715817e-05 1.564176276135983973e-05 2.916666678459703836e-06 4.122728398968134973e-07 4.417529609174473775e-08 3.588153657201650500e-09 2.209324027948210068e-10 1.031204069733501769e-11 3.648603246550433270e-13 9.786006086958759525e-15 1.989670414817409042e-16 3.066575223508532463e-18 3.582802940939579220e-20
