2.478492873797770113e-20 1.220272823261866383e-19 4.554314558261038230e-19 1.288504461709519848e-18 2.763412066490995473e-18 4.492645921431956161e-18 5.536758150657499400e-18 5.172562355283716088e-18 3.663133406228202033e-18 1.966511793691496050e-18 8.002712126336919940e-19 2.468736019397836165e-19 5.773098025748387675e-20 1.023387314715006775e-20 1.375206595253132075e-21 1.400853382053430294e-22 1.081718454199849042e-23 6.331879103982572887e-25 2.809621443976710981e-26 9.450609600566158078e-28
2.189274432872300066e-18 1.077877657563151072e-17 4.022865882354172782e-17 1.138147260572961031e-16 2.440946047744488875e-16 3.968393436075511218e-16 4.890666900186869134e-16 4.568969568796246426e-16 3.235677776296151773e-16 1.737037066914690112e-16 7.068865614683255263e-17 2.180656118045232779e-17 5.099427978935458052e-18 9.039669658595160568e-19 1.214732013448065696e-19 1.237386044541237828e-20 9.554913715435217011e-22 5.593004192562584077e-23 2.481763195035054554e-24 8.347806117301416364e-26
1.465917587468710429e-16 7.217367506038769306e-16 2.693673191639924739e-15 7.620927104210857762e-15 1.634434535809335462e-14 2.657198953493557825e-14 3.274744598386855022e-14 3.059339088302605837e-14 2.166579433091496405e-14 1.163103696933295610e-14 4.733245988910460107e-15 1.460146844847482666e-15 3.414529054972772823e-16 6.052877856914556885e-17 8.133731412733545158e-18 8.285420676116515314e-19 6.397880435586073925e-20 3.745023049443324404e-21 1.661765314073182402e-22 5.589612531159880392e-24
7.440733070265306501e-15 3.663405469824023088e-14 1.367259890246057939e-13 3.868245037451227610e-13 8.296094682089263710e-13 1.348746225336897906e-12 1.662201247749879549e-12 1.552865298982878584e-12 1.099716612650621539e-12 5.903704420971865996e-13 2.402510227072265914e-13 7.411441822361100345e-14 1.733153314750031796e-14 3.072331543411704385e-15 4.128535248143646598e-16 4.205529980187677161e-17 3.247448624916995983e-18 1.900906100800414145e-19 8.434820779246671889e-21 2.837186426174774076e-22
2.862982634677552306e-13 1.409574318127631498e-12 5.260827509736249511e-12 1.488390762619522831e-11 3.192101475240189080e-11 5.189592188379299649e-11 6.395678036972751023e-11 5.974984377208449686e-11 4.231397008000567593e-11 2.271577689711275050e-11 9.244176608391444344e-12 2.851712194882728557e-12 6.668681427630183356e-13 1.182145868383655020e-13 1.588543038766472854e-14 1.618168423620630668e-15 1.249525944869477099e-16 7.314146476363428369e-18 3.245479335107967354e-19 1.091668709625091444e-20
8.350616171562313335e-12 4.111381589745907226e-11 1.534453990271975538e-10 4.341269772785185728e-10 9.310574880036187973e-10 1.513676399122638867e-09 1.865461976498006819e-09 1.742755983246420621e-09 1.234194432593530658e-09 6.625633407937017438e-10 2.696298948648908273e-10 8.317743070736858682e-11 1.945090350813034476e-11 3.448028739713935862e-12 4.633389329041484843e-13 4.719799290057455763e-14 3.644559850146947658e-15 2.133356629792304593e-16 9.466264968553072656e-18 3.184129121205992258e-19
1.846354758287974925e-10 9.090429742437465197e-10 3.392739371689477417e-09 9.598721743780088443e-09 2.058605482394614496e-08 3.346799283561630938e-08 4.124611317236474995e-08 3.853303440241662079e-08 2.728853436027655113e-08 1.464954144470942136e-08 5.961625215823304551e-09 1.839086383729525884e-09 4.300672849452464830e-10 7.623729961346610462e-11 1.024460980952492355e-11 1.043566570217705177e-12 8.058268136068780377e-14 4.716937150046599794e-15 2.093029185968771789e-16 7.040237310825993334e-18
3.094629043798681336e-09 1.523624199265101241e-08 5.686485628257549880e-08 1.608817750668190166e-07 3.450377175320679824e-07 5.609486595240238246e-07 6.913157896338519566e-07 6.458425547535726206e-07 4.573763011411418532e-07 2.455373011585634728e-07 9.992130958752547244e-08 3.082446702940926044e-08 7.208250228213289662e-09 1.277794316317498207e-09 1.717073434378203314e-10 1.749095834826229859e-11 1.350626173256052736e-12 7.905940414095913141e-14 3.508073884145191819e-15 1.179996572138661543e-16
3.931867406487456267e-08 1.935834067359622687e-07 7.224939462133398858e-07 2.044076361755445133e-06 4.383861640191538126e-06 7.127108677258392427e-06 8.783482551158767614e-06 8.205724352800210962e-06 5.811174604466226562e-06 3.119663448634836303e-06 1.269545831892260272e-06 3.916389186553705911e-07 9.158410823717908794e-08 1.623495983982800853e-08 2.181620147560515133e-09 2.222306068495494557e-10 1.716032181503632798e-11 1.004485804012827325e-12 4.457167941424415867e-14 1.499239487542512676e-15
3.786918423695822559e-07 1.864469204329351176e-06 6.958590799398882998e-06 1.968721127523484209e-05 4.222249810556445471e-05 6.864366563597717758e-05 8.459677923602442167e-05 7.903218882741775721e-05 5.596944631616140268e-05 3.004656507458296425e-05 1.222743801733126460e-05 3.772010811059541323e-06 8.820784399516661034e-07 1.563645519275793716e-07 2.101194337497624623e-08 2.140380364808588626e-09 1.652770353615884058e-10 9.674552583540238433e-12 4.292853662114039387e-13 1.443969760409355422e-14
2.764839053475256508e-06 1.361253846366401198e-05 5.080485356892126321e-05 1.437368448371935782e-04 3.082675638510832638e-04 5.011691995699863898e-04 6.176432995398802809e-04 5.770160793123718483e-04 4.086343925657783915e-04 2.193707580843981618e-04 8.927284502017822886e-05 2.753954966468528362e-05 6.440077778667206198e-06 1.141621686496769050e-06 1.534087485725342454e-07 1.562697306835289820e-08 1.206691961334510894e-09 7.063416164578180150e-11 3.134223695340031635e-12 1.054246101694682970e-13
1.530208394598356035e-05 7.533899885676688662e-05 2.811809726131650976e-04 7.955158413524751051e-04 1.706115997581823373e-03 2.773735835842550818e-03 3.418365205147771632e-03 3.193512646865264825e-03 2.261599195221835213e-03 1.214113982975665229e-03 4.940832150350601580e-04 1.524184564283784400e-04 3.564280194319486954e-05 6.318339166748617158e-06 8.490452801419144148e-07 8.648794706982762891e-08 6.678472537515276556e-09 3.909268677319043940e-10 1.734645422897241966e-11 5.834756394800153860e-13
6.419897947007320149e-05 3.160802710254999987e-04 1.179677980586813640e-03 3.337539210174741370e-03 7.157907791446154952e-03 1.163704307264643370e-02 1.434154709915155985e-02 1.339819161738001196e-02 9.488404377868428149e-03 5.093742717823880259e-03 2.072896625748106396e-03 6.394625326620350693e-04 1.495372472327639803e-04 2.650821469042603839e-05 3.562118774240566545e-06 3.628550175221086051e-07 2.801913274302281037e-08 1.640110330358499723e-09 7.277601291794397921e-11 2.447937204664026549e-12
2.041749642066658993e-04 1.005244609116387727e-03 3.751784085196922629e-03 1.061452930250130107e-02 2.276462303881958416e-02 3.700982277976241908e-02 4.561108120110346498e-02 4.261088441737338056e-02 3.017640841366865320e-02 1.619986401145933827e-02 6.592528383781107865e-03 2.033712074483013093e-03 4.755801782728575461e-04 8.430529317250812075e-05 1.132877000902318309e-05 1.154004484593424557e-06 8.911053527845074276e-08 5.216118243001524107e-09 2.314528977762292834e-10 7.785287169174287130e-12
4.922363381063948320e-04 2.423499507960195139e-03 9.045009345973917605e-03 2.559009648850809823e-02 5.488221695809258199e-02 8.922533528957574123e-02 1.099617265747589723e-01 1.027286856181456320e-01 7.275096059138827509e-02 3.905553146443005441e-02 1.589363339968660055e-02 4.902985966942539388e-03 1.146555094737590876e-03 2.032478808333084059e-04 2.731202763354794154e-05 2.782138073890644504e-06 2.148326252564772006e-07 1.257530742342212246e-08 5.579994946401232466e-10 1.876920249331890285e-11
8.995838991472813930e-04 4.429053623589085387e-03 1.653015867657479238e-02 4.676704460147252523e-02 1.002997034207917804e-01 1.630632864922114400e-01 2.009599679894170654e-01 1.877412624962930543e-01 1.329556307185219000e-01 7.137572860467551739e-02 2.904632510535451462e-02 8.960425901456372383e-03 2.095380659378066456e-03 3.714445825694603540e-04 4.991395069840372369e-05 5.084481625441664078e-06 3.926162205653665176e-07 2.298193613347715883e-08 1.019769005761774923e-09 3.430155609351864294e-11
1.246253800547977636e-03 6.135864499643508413e-03 2.290033547051030863e-02 6.478951783177658297e-02 1.389518939817437904e-01 2.259024874871519706e-01 2.784032974603152799e-01 2.600905397789630147e-01 1.841923363060138374e-01 9.888157527583141260e-02 4.023981875266267189e-02 1.241347788105560956e-02 2.902871108320163179e-03 5.145870475882738685e-04 6.914913752593262954e-05 7.043872789997108433e-06 5.439175350961484778e-07 3.183841471312018479e-08 1.412754274855655768e-09 4.752024206611359167e-11
1.308784482285460168e-03 6.443730995250436695e-03 2.404935791550378427e-02 6.804032654961748861e-02 1.459237938111142552e-01 2.372371261799716136e-01 2.923721599668944737e-01 2.731405611780529097e-01 1.934341716006948153e-01 1.038429501663674925e-01 4.225884834237411680e-02 1.303632311073054002e-02 3.048522426951639098e-03 5.404064102933863996e-04 7.261868980264714660e-05 7.397298526742655028e-06 5.712085525948130377e-07 3.343590454751564999e-08 1.483639104170056709e-09 4.990456629559055174e-11
1.041901343157325714e-03 5.129746012248016969e-03 1.914528988797213963e-02 5.416576111684626160e-02 1.161674812226658887e-01 1.888604913637601801e-01 2.327525656778641761e-01 2.174426129084314485e-01 1.539896949659361469e-01 8.266762841413277663e-02 3.364155935843226447e-02 1.037799786194327709e-02 2.426877499143031188e-03 4.302084662191928751e-04 5.781051920143467736e-05 5.888865107332355627e-06 4.547295343326672136e-07 2.661776199921225019e-08 1.181100170668403623e-09 3.972818699856714391e-11
6.287556173544115628e-04 3.095644939883054891e-03 1.155359731705750403e-02 3.268738138612004712e-02 7.010352453460193256e-02 1.139715344654737283e-01 1.404590598569857574e-01 1.312199712729930356e-01 9.292807458249402464e-02 4.988738720812320449e-02 2.030165289841859289e-02 6.262804530815932295e-03 1.464546398983570521e-03 2.596176610628464628e-04 3.488688149679108587e-05 3.553750113093489516e-06 2.744153762410952229e-07 1.606300585782082628e-08 7.127578554756488971e-10 2.397474665591612568e-11
