1.253085017490384890e-19 6.831650959936556139e-19 2.823368863391321592e-18 8.845174227515583325e-18 2.100593330059692487e-17 3.781589573650658904e-17 5.160640674636701750e-17 5.338628119251257607e-17 4.186513901164211574e-17 2.488698150314067014e-17 1.121472766664529831e-17 3.830910960651892484e-18 9.920012142259165381e-19 1.947238594837696537e-19 2.897496721996744908e-20 3.268312366554166463e-21 2.794608531474984493e-22 1.811403586514267578e-23 8.900333608101756051e-25 3.315081173336462225e-26
9.632911667772447824e-18 5.251733866702836125e-17 2.170424391559400587e-16 6.799601051041070482e-16 1.614801048288179269e-15 2.907042843725132818e-15 3.967168633733204147e-15 4.103993933534357907e-15 3.218322623199462576e-15 1.913151072361925420e-15 8.621161332474945193e-16 2.944957953848023271e-16 7.625867309545517259e-17 1.496911791166061526e-17 2.227409121573734963e-18 2.512468339359598787e-19 2.148315298160380396e-20 1.392490573267271238e-21 6.842004035149877020e-23 2.548421189984453323e-24
5.613470411542779223e-16 3.060388560258717071e-15 1.264790285918485796e-14 3.962390669273200951e-14 9.410070618025432256e-14 1.694046364292245838e-13 2.311822687792974887e-13 2.391556084970679418e-13 1.875441137965571200e-13 1.114867166637111499e-13 5.023884337577025944e-14 1.716140966232511210e-14 4.443887993668730250e-15 8.723084294972364185e-16 1.297997493342124446e-16 1.464112531013638467e-17 1.251906461598102609e-18 8.114581448451747527e-20 3.987100529060659385e-21 1.485063648407203109e-22
2.479716987404536294e-14 1.351908346274925699e-13 5.587135457322784353e-13 1.750362384225969245e-12 4.156842426070755084e-12 7.483348515293670006e-12 1.021233848315928817e-11 1.056455599737022974e-11 8.284649081124070960e-12 4.924859042856881352e-12 2.219270864780678501e-12 7.580950098172876955e-13 1.963060948065958187e-13 3.853370325837295858e-14 5.733826310423818876e-15 6.467629556149285558e-16 5.530221933802119085e-17 3.584567832054045876e-18 1.761277817029418286e-19 6.560179864420439546e-21
8.303661101829878420e-13 4.527044338213788755e-12 1.870926384070341645e-11 5.861320512715538027e-11 1.391973799232953685e-10 2.505898467184358682e-10 3.419736939822643520e-10 3.537681644278526159e-10 2.774224585574363626e-10 1.649154345995307095e-10 7.431522729370789824e-11 2.538581651247205254e-11 6.573569854049370341e-12 1.290352142931089048e-12 1.920047761109591183e-13 2.165771506959513028e-14 1.851868136140136914e-15 1.200340064010781721e-16 5.897872286663986990e-18 2.196763204748273340e-19
2.107822005260508402e-11 1.149156204457120242e-10 4.749206108251324905e-10 1.487852190145860088e-09 3.533420943832497800e-09 6.361035051052091292e-09 8.680745379133942239e-09 8.980139153045636528e-09 7.042160749695972496e-09 4.186254445998375922e-09 1.886436229690231107e-09 6.443998859093902394e-10 1.668651336026820523e-10 3.275462001701673496e-11 4.873897034557568684e-12 5.497648308081202925e-13 4.700828177268413235e-14 3.046973099805557346e-15 1.497130583437088142e-16 5.576318405256957450e-18
4.055973153690491714e-10 2.211262005540590873e-09 9.138652328487124206e-09 2.862997219324217594e-08 6.799179652316568335e-08 1.224021161766115679e-07 1.670391054079474536e-07 1.728001853584237865e-07 1.355086666400456289e-07 8.055393484417300009e-08 3.629971925844397365e-08 1.239985459382603657e-08 3.210899689301855645e-09 6.302802566668063824e-10 9.378588645853896155e-11 1.057884104557179561e-11 9.045561171450075997e-13 5.863133159244652295e-14 2.880851152912851195e-15 1.073022185540618488e-16
5.916338702050385795e-09 3.225508278290659047e-08 1.333030580008049836e-07 4.176176865751283040e-07 9.917780072728665032e-07 1.785446672618227102e-06 2.436554401701858455e-06 2.520589721919883645e-06 1.976628391083586930e-06 1.175018532574324831e-06 5.294942194745209498e-07 1.808733363200369026e-07 4.683652820269066925e-08 9.193728198775523401e-09 1.368029443823826085e-09 1.543107025839343882e-10 1.319451623877738341e-11 8.552394286375277234e-13 4.202219917386907294e-14 1.565188536491257494e-15
6.541958808003668633e-08 3.566587944692788429e-07 1.473991193438542327e-06 4.617784478974212284e-06 1.096653047942384097e-05 1.974247786406762672e-05 2.694206557827628966e-05 2.787128148522427054e-05 2.185645914544742674e-05 1.299270245646709096e-05 5.854853055789215443e-06 1.999996915764469094e-06 5.178923209817517763e-07 1.016591412312601175e-07 1.512690993592040061e-08 1.706282061891335340e-09 1.458976337776309222e-10 9.456762695462786031e-12 4.646581439326731245e-13 1.730698570204703489e-14
5.483519612090945595e-07 2.989541132396428834e-06 1.235510625255079408e-05 3.870662059792368920e-05 9.192229227573599454e-05 1.654829504986170144e-04 2.258304421115759437e-04 2.336192004929066063e-04 1.832025023274318871e-04 1.089058198393652479e-04 4.907582346445242896e-05 1.676412620987224216e-05 4.341012810383844959e-06 8.521146510551775876e-07 1.267949091982518520e-07 1.430218597324874343e-08 1.222925059079419479e-09 7.926730392129262330e-11 3.894799890906255708e-12 1.450684700234499869e-13
3.484238027210641437e-06 1.899559705127802954e-05 7.850456290964307133e-05 2.459425495529050519e-04 5.840758654155032373e-04 1.051481584402392741e-03 1.434930609844046849e-03 1.484420517889875699e-03 1.164071929061604588e-03 6.919894989199762468e-04 3.118286473426506175e-04 1.065195534353579406e-04 2.758287191532543989e-05 5.414351512855573229e-06 8.056570880336670722e-07 9.087634177573454989e-08 7.770487381640943971e-09 5.036658463444743226e-10 2.474762715966076557e-11 9.217676156213016747e-13
1.678236069979855755e-05 9.149517310038388432e-05 3.781291292502180022e-04 1.184619577018181536e-03 2.813289956914122227e-03 5.064620465314099464e-03 6.911560830665615038e-03 7.149936475882337841e-03 5.606928930071376424e-03 3.333072333363240082e-03 1.501969955945913707e-03 5.130675784411816440e-04 1.328570843909653856e-04 2.607904492592489043e-05 3.880569509355438734e-06 4.377196778313984372e-07 3.742773054926192528e-08 2.425982909178343578e-09 1.192006981767698556e-10 4.439833468878788001e-12
6.127666281331787656e-05 3.340721231897765043e-04 1.380645522249869441e-03 4.325347052269562162e-03 1.027203640593835933e-02 1.849221608818155810e-02 2.523586461465549685e-02 2.610623465949831259e-02 2.047232207745030425e-02 1.216989392358544531e-02 5.484073915020562691e-03 1.873340084089785947e-03 4.850949701422761795e-04 9.522121893366551019e-05 1.416894521587000808e-05 1.598225755304534542e-06 1.366581535077102823e-07 8.857879971461804426e-09 4.352320343929713080e-10 1.621096002441620985e-11
1.696031752479961775e-04 9.246536977289727954e-04 3.821387355556396699e-03 1.197181048108643571e-02 2.843121525755670786e-02 5.118324696438950744e-02 6.984849651185455477e-02 7.225752984475336538e-02 5.666383692619408191e-02 3.368415571454366764e-02 1.517896547525505319e-02 5.185080453041934594e-03 1.342658745689403934e-03 2.635558194697297648e-04 3.921718298934791155e-05 4.423611704974620234e-06 3.782460678227129530e-07 2.451707550886784569e-08 1.204646787433238027e-09 4.486912582585625905e-11
3.558522135328440021e-04 1.940058401660567150e-03 8.017828364668147523e-03 2.511860555358703950e-02 5.965283885774340378e-02 1.073899218068526396e-01 1.465523393612187808e-01 1.516068428676121127e-01 1.188889993832147746e-01 7.067427454986274782e-02 3.184768478308278722e-02 1.087905550036366402e-02 2.817093995877012914e-03 5.529785725451744419e-04 8.228337326159189402e-05 9.281382938280914588e-06 7.936154514677764311e-07 5.144040243601273595e-08 2.527524766010605022e-09 9.414197417629594379e-11
5.659814324795220441e-04 3.085654638381037877e-03 1.275232192082734715e-02 3.995103532437382921e-02 9.487758654916879364e-02 1.708032139934868021e-01 2.330908725884094645e-01 2.411300389227148400e-01 1.890924479826464055e-01 1.124071331524552630e-01 5.065360722569119123e-02 1.730309151372398657e-02 4.480576021676964914e-03 8.795100682736441307e-04 1.308713552895874785e-04 1.476200009730832773e-05 1.262242000970882354e-06 8.181574134109025131e-08 4.020017392872328114e-09 1.497324096196252004e-10
6.823882117473415842e-04 3.720288740798772132e-03 1.537512301959596990e-02 4.816786203218904883e-02 1.143912907823764064e-01 2.059327268866387728e-01 2.810312398825683955e-01 2.907238411305864689e-01 2.279835521609164528e-01 1.355261819164440273e-01 6.107165795503771699e-02 2.086186047486270762e-02 5.402107001347233699e-03 1.060401045443746517e-03 1.577879855771483755e-04 1.779813659979167701e-05 1.521850386613292521e-06 9.864298406741385686e-08 4.846824157989695038e-09 1.805282388740790389e-10
6.236740396665992753e-04 3.400186972396326140e-03 1.405221385558275658e-02 4.402339398389491787e-02 1.045488142918512275e-01 1.882138253063818101e-01 2.568506982283127460e-01 2.657093268962229526e-01 2.083673494148596261e-01 1.238652132339510548e-01 5.581691912353515389e-02 1.906686043711431841e-02 4.937297916700967085e-03 9.691618235683318715e-04 1.442115626877087564e-04 1.626674605545493920e-05 1.390907055614131673e-06 9.015552628108778218e-08 4.429792821928639853e-09 1.649951949260533595e-10
4.320963896438506906e-04 2.355731394033829668e-03 9.735712066428961822e-03 3.050046721598144786e-02 7.243393555582958165e-02 1.303990694232217418e-01 1.779523474173875242e-01 1.840898186301475059e-01 1.443619161220017766e-01 8.581680178554070004e-02 3.867130536203718799e-02 1.320997994581350581e-02 3.420678862219517918e-03 6.714586439550884658e-04 9.991324252580394095e-05 1.126999328939979383e-05 9.636538942398634455e-07 6.246191910332553019e-08 3.069067114367693319e-09 1.143126433068194076e-10
2.269344490914176784e-04 1.237216090958450808e-03 5.113137964723021324e-03 1.601866363751530339e-02 3.804187133901773543e-02 6.848481424707848764e-02 9.345951249205053379e-02 9.668287580140408344e-02 7.581801813232101617e-02 4.507047293785742398e-02 2.030993914393329491e-02 6.937802752720888082e-03 1.796520155505750005e-03 3.526460787585219731e-04 5.247383961763495011e-05 5.918933320646215777e-06 5.061052830929041739e-07 3.280462771880420790e-08 1.611855760696540243e-09 6.003631910555564699e-11
