2.691333581301492609e-06 5.527184461812475334e-06 8.604729188745080214e-06 1.015470412134173922e-05 9.084356321715592129e-06 6.160527017929371955e-06 3.166929474891620438e-06 1.234115301282091078e-06 3.645607435161146170e-07 8.163584361537105430e-08 1.385762128176096442e-08 1.783172306807354469e-09 1.739381124239184752e-10 1.286154122817639783e-11 7.209216948725189173e-13 3.063232741218609154e-14 9.866627104819512649e-16 2.409096818324335581e-17 4.458991172314569986e-19 6.256274426855114421e-21
2.549358899669638100e-05 5.235611443982823773e-05 8.150807870485591200e-05 9.619017688894377196e-05 8.605133454076049763e-05 5.835543571755449086e-05 2.999865901995226676e-05 1.169012584839265383e-05 3.453292384155305549e-06 7.732934553294630444e-07 1.312659656475005303e-07 1.689105438875179585e-08 1.647624352404570494e-09 1.218306226375078312e-10 6.828912445329044801e-12 2.901639434383536985e-13 9.346137466626965380e-15 2.282010842740250078e-16 4.223768063411662535e-18 5.926240061689344204e-20
1.830590688159322924e-04 3.759479121365502750e-04 5.852762822300214968e-04 6.907024433794588681e-04 6.178995500963475841e-04 4.190265923008265180e-04 2.154081399300332672e-04 8.394202763781627430e-05 2.479668469882918033e-05 5.552705029974802504e-06 9.425673820100217050e-07 1.212877750608146610e-07 1.183091873602887141e-08 8.748160306568652415e-10 4.903563611343459316e-11 2.083548977614223705e-12 6.711080271546467904e-14 1.638618948293329785e-15 3.032915642763391345e-17 4.255391374722109855e-19
9.964335394380230242e-04 2.046372851984890485e-03 3.185796372852687814e-03 3.759655748315403334e-03 3.363372487919480749e-03 2.280860233724878866e-03 1.172517137132750124e-03 4.569161869323021849e-04 1.349741832546270210e-04 3.022467863657982758e-05 5.130615809913562849e-06 6.601978682407231019e-07 6.439847152723447343e-08 4.761829279602874293e-09 2.669124931485073772e-10 1.134124682150639112e-11 3.652998735153468097e-13 8.919388091501260201e-15 1.650887272771182906e-16 2.316309547860727430e-18
4.111518464957784717e-03 8.443814297809996289e-03 1.314534295981921105e-02 1.551322132312158222e-02 1.387806365531522174e-02 9.411364226295243149e-03 4.838080683755009888e-03 1.885343342185953229e-03 5.569351339347524419e-04 1.247141122746626019e-04 2.117012405158609351e-05 2.724131232403516435e-06 2.657231960985706794e-07 1.964842434057946873e-08 1.101343542417223060e-09 4.679664410791095581e-11 1.507312947386500088e-12 3.680348701932961826e-14 6.811948049631752372e-16 9.557636409909036057e-18
1.286035544792832504e-02 2.641127703344773453e-02 4.111711631336015943e-02 4.852356667204531238e-02 4.340898212119832095e-02 2.943766159185096445e-02 1.513295825110307774e-02 5.897136478540776321e-03 1.742028850140170783e-03 3.900913560025734113e-04 6.621770581855545049e-05 8.520768235409589435e-06 8.311515032007188834e-07 6.145800466791113617e-08 3.444875548165992545e-09 1.463745042439244440e-10 4.714701013717557227e-12 1.151170616952721751e-13 2.130698766349473503e-15 2.989518410803334804e-17
3.049302563473098304e-02 6.262344387663401624e-02 9.749227281050611149e-02 1.150536132854406840e-01 1.029264867490509022e-01 6.979926590531745911e-02 3.588156530732086735e-02 1.398262548338962026e-02 4.130502504292927167e-03 9.249406648701627952e-04 1.570079621184622073e-04 2.020348545434650736e-05 1.970732783869317169e-06 1.457222951096519596e-07 8.168100704837442970e-09 3.470667298624340571e-10 1.117896775508958646e-11 2.729526044192119678e-13 5.052072811304026871e-15 7.088409173854657085e-17
5.480811741624423000e-02 1.125592817883851599e-01 1.752324613300668688e-01 2.067971877126328906e-01 1.849999091122744854e-01 1.254570932754223989e-01 6.449347034301364245e-02 2.513234955629053274e-02 7.424158853738977229e-03 1.662486929651318945e-03 2.822058698324974245e-04 3.631371370829122039e-05 3.542192077237741925e-06 2.619210292939125771e-07 1.468133165468959783e-08 6.238172069060427974e-10 2.009305946391583605e-11 4.906045917279733261e-13 9.080587907353776235e-15 1.274069575609812052e-16
7.467686375689241984e-02 1.533636721518485124e-01 2.387567983981128128e-01 2.817642010004114961e-01 2.520650892438826562e-01 1.709371294531587260e-01 8.787329915818230253e-02 3.424319484378875872e-02 1.011552531570575515e-02 2.265162822512676276e-03 3.845096362793637792e-04 4.947796747890357790e-05 4.826288652531374030e-06 3.568712435623531687e-07 2.000352968558754477e-08 8.499600928734090545e-10 2.737708819024786632e-11 6.684559510908727518e-13 1.237243419327811208e-14 1.735938481375690430e-16
7.713013211277819359e-02 1.584019427072030084e-01 2.466003856726068921e-01 2.910206582665610386e-01 2.603458776427990951e-01 1.765527194690781621e-01 9.076009398735260247e-02 3.536814495669362429e-02 1.044783838981891075e-02 2.339577467073673377e-03 3.971414646095971037e-04 5.110340708392900003e-05 4.984840855073932191e-06 3.685951013264832597e-07 2.066068136436492011e-08 8.778828000508312157e-10 2.827647443592729611e-11 6.904159230234557339e-13 1.277889075511846199e-14 1.792967161074763762e-16
6.038914760127487430e-02 1.240210283120882218e-01 1.930761257758458194e-01 2.278550419359122725e-01 2.038381784354516835e-01 1.382322050198884489e-01 7.106074580675830754e-02 2.769153983880198039e-02 8.180150057496308677e-03 1.831775534588020015e-03 3.109424795205578424e-04 4.001148589771637016e-05 3.902888299552810495e-06 2.885920634307347143e-07 1.617631011744164582e-08 6.873395978548736581e-10 2.213910622969093883e-11 5.405621375154701484e-13 1.000525085141878494e-14 1.403806211249111268e-16
3.584186034083517575e-02 7.360833117629217437e-02 1.145935620899756063e-01 1.352353678668201942e-01 1.209810009548713122e-01 8.204287663805248654e-02 4.217561313727916789e-02 1.643534215912762636e-02 4.855041138578148133e-03 1.087186116948543916e-03 1.845490020589983689e-04 2.374741400630350804e-05 2.316422451962187695e-06 1.712836965550989882e-07 9.600881467767929396e-09 4.079463090901467435e-10 1.313988994835131962e-11 3.208316958917264348e-13 5.938265697328760917e-15 8.331799365905499447e-17
1.612571598087757588e-02 3.311733908585408337e-02 5.155712393072026112e-02 6.084413900539810405e-02 5.443091519046622251e-02 3.691215004853128784e-02 1.897535318489792372e-02 7.394472752986007771e-03 2.184345726803404650e-03 4.891390785397180035e-04 8.303098007352072206e-05 1.068426833608495301e-05 1.042188385224868462e-06 7.706274776299693120e-08 4.319560598781388119e-09 1.835403144055028392e-10 5.911806231935236818e-12 1.443463245605828268e-13 2.671702449133540385e-15 3.748584166854043617e-17
5.499766976224606911e-03 1.129485649262319119e-02 1.758384979119938241e-02 2.075123900207110836e-02 1.856397261400340171e-02 1.258909831346986460e-02 6.471651921207945135e-03 2.521926908652642133e-03 7.449835100144755907e-04 1.668236594346413852e-04 2.831818709652490713e-05 3.643930367470385878e-06 3.554442649778490013e-07 2.628268758712147037e-08 1.473210663089331369e-09 6.259746613237379739e-11 2.016255074986551164e-12 4.923013340301243585e-14 9.111992867459245333e-16 1.278475909715252217e-17
1.421891280200731538e-03 2.920134257943449163e-03 4.546069460497222624e-03 5.364955627749348407e-03 4.799467122851903099e-03 3.254743190919783934e-03 1.673159149294852106e-03 6.520105117577859556e-04 1.926055342639406678e-04 4.313002854606862109e-05 7.321288970552409593e-06 9.420895171674254147e-07 9.189536632264777434e-08 6.795037764676698121e-09 3.808789362896649895e-10 1.618373862766510957e-11 5.212758144440288111e-13 1.272779332496637587e-14 2.355784028578162781e-16 3.305328672704427815e-18
2.786668524651612910e-04 5.722973575883472108e-04 8.909533979742203028e-04 1.051441357871684724e-03 9.406150915042906955e-04 6.378750986277872395e-04 3.279111422228157303e-04 1.277831291433837780e-04 3.774745562341869635e-05 8.452762506546057503e-06 1.434849894517760906e-06 1.846337509379817903e-07 1.800995114454184603e-08 1.331713480932975088e-09 7.464588595770545276e-11 3.171741445558071213e-12 1.021613202781748401e-13 2.494434106238247587e-15 4.616941741417122495e-17 6.477890049760815395e-19
4.140006786910079147e-05 8.502320687182089124e-05 1.323642579590626344e-04 1.562071096407465995e-04 1.397422344368944762e-04 9.476574677464104487e-05 4.871603286492825975e-05 1.898406707602059016e-05 5.607940847183385773e-06 1.255782445442258415e-06 2.131680983565633415e-07 2.743006479651077906e-08 2.675643669519104993e-09 1.978456641150544885e-10 1.108974647490415414e-11 4.712089362180601457e-13 1.517756976008526351e-14 3.705849489442742495e-16 6.859147392359793783e-18 9.623860367181537761e-20
4.662443835787507191e-06 9.575248234659916257e-06 1.490676103602300780e-05 1.759192467397520778e-05 1.573766307846449953e-05 1.067244559333187110e-05 5.486362192769038754e-06 2.137971048661743765e-06 6.315619896344644051e-07 1.414252541893137752e-07 2.400682746007998316e-08 3.089152822891771286e-09 3.013289343668937893e-10 2.228122668801211736e-11 1.248918727762611150e-12 5.306718836752501625e-14 1.709286245469183601e-15 4.173499223005941874e-17 7.724719094515003326e-19 1.083831760549720477e-20
3.980365863093781352e-07 8.174466555788948674e-07 1.272602198479043327e-06 1.501836781409314990e-06 1.343536975214008708e-06 9.111152779870157183e-07 4.683751601905941475e-07 1.825203107661385831e-07 5.391695583919049538e-08 1.207358788182433603e-08 2.049482200081989437e-09 2.637234651008160219e-10 2.572469387642123415e-11 1.902166272032693553e-12 1.066211979135866901e-13 4.530388621674117550e-15 1.459231437706333853e-16 3.562949908241724794e-18 6.594654921050204541e-20 9.252759052914757901e-22
2.575901144029623877e-08 5.290121179092359500e-08 8.235668709129283091e-08 9.719164560343017298e-08 8.694724431210723855e-08 5.896299404712099348e-08 3.031098528295216113e-08 1.181183573275112354e-08 3.489245788094863446e-09 7.813444770416232949e-10 1.326326203530488009e-10 1.706691291268978150e-11 1.664778331069821591e-12 1.230990427712889554e-13 6.900010580181834580e-15 2.931849391452335737e-16 9.443443289080358206e-18 2.305769635363767503e-19 4.267743152236334489e-21 5.987940166713248913e-23
