8.570544798017827682e-28 1.184157807240037866e-26 1.240245201528413416e-25 9.846963942612685319e-25 5.926440918857712293e-24 2.703848726507620757e-23 9.351206353921475875e-23 2.451600552654181657e-22 4.872239180438446627e-22 7.340139411442556412e-22 8.382563204171128171e-22 7.256817215254732489e-22 4.762251761971010098e-22 2.369056058814370514e-22 8.933777733510920931e-23 2.553828730816690903e-23 5.534077198810288035e-24 9.090661301120597444e-25 1.131989922618307286e-25 1.068529369138633965e-26
1.257245765884070830e-25 1.737086059727992585e-24 1.819362788512887350e-23 1.444488537826212674e-22 8.693721259959116486e-22 3.966378384462732180e-21 1.371763974338605382e-20 3.596345958283042461e-20 7.147272693093471158e-20 1.076752926858191981e-19 1.229670031960765973e-19 1.064530077455954398e-19 6.985927971809607763e-20 3.475258305370771396e-20 1.310529784688097372e-20 3.746308355280962245e-21 8.118148017718687540e-22 1.333543631037709599e-22 1.660559008529370100e-23 1.567466312506789164e-24
1.398069474761936521e-23 1.931656531316671761e-22 2.023149051012327796e-21 1.606285251601751293e-20 9.667502285912227725e-20 4.410651198951212176e-19 1.525414832280104198e-18 3.999171555311173728e-18 7.947836493994529897e-18 1.197359688733936359e-17 1.367404991421863505e-17 1.183767761755471704e-17 7.768419600446813006e-18 3.864520911896061596e-18 1.457321820010574023e-18 4.165931193954693258e-19 9.027459263058810864e-20 1.482913440162604838e-20 1.846557708813098346e-21 1.743037728739080627e-22
1.178512368250004534e-21 1.628303281391104999e-20 1.705427535950806616e-19 1.354029302637180557e-18 8.149288157495033490e-18 3.717989044060798100e-17 1.285859021319541424e-16 3.371129422227295242e-16 6.699683941383711248e-16 1.009322660919409807e-15 1.152663529165361924e-15 9.978652517264945174e-16 6.548443225570942200e-16 3.257624727702331686e-16 1.228459543969028986e-16 3.511700617160046493e-17 7.609759448613585106e-18 1.250032177816756920e-18 1.556568638260404686e-19 1.469305752487865855e-20
7.530717485258438536e-20 1.040489037097183382e-18 1.089771589236428986e-17 8.652274188741538690e-17 5.207411349546278268e-16 2.375802397872530523e-15 8.216664734547927895e-15 2.154158409277778684e-14 4.281111370770146059e-14 6.449591888577402561e-14 7.365542889121244099e-14 6.376378815834734018e-14 4.184468252400051335e-14 2.081628683604450573e-14 7.849880932040983827e-15 2.243983682573432259e-15 4.862651430920620969e-16 7.987730491618708647e-17 9.946504573862795606e-18 9.388892997263744011e-19
3.647836675311727364e-18 5.040069657655781648e-17 5.278791534420363598e-16 4.191112357132999373e-15 2.522440410424924451e-14 1.150825155400915192e-13 3.980105617571936870e-13 1.043462069208795304e-12 2.073745974398807941e-12 3.124145591439378246e-12 3.567827041329492081e-12 3.088681595825977802e-12 2.026932598077484444e-12 1.008329083025290225e-12 3.802437631843590288e-13 1.086972920192015577e-13 2.355440668660328632e-14 3.869211173685709019e-15 4.818030187258728946e-16 4.547926314197741302e-17
1.339464583129598260e-16 1.850684502578265954e-15 1.938341798560976196e-14 1.538952279385350445e-13 9.262255669739778431e-13 4.225763580553983057e-12 1.461471821897614517e-11 3.831532521737332543e-11 7.614675585434241689e-11 1.147168238258889704e-10 1.310085507099773382e-10 1.134146063658280791e-10 7.442779568204323926e-11 3.702526223262182449e-11 1.396233162488950239e-11 3.991301856445479407e-12 8.649042252046538899e-13 1.420752021842760944e-13 1.769152889974402169e-14 1.669972305991586696e-15
3.728412057388387421e-15 5.151397432034248276e-14 5.395392326245182102e-13 4.283687905207214134e-12 2.578157433396691294e-11 1.176245201541532773e-10 4.068020335084314337e-10 1.066510621650309635e-09 2.119551992894096679e-09 3.193153402670902638e-09 3.646635127498534847e-09 3.156906059213050800e-09 2.071704577491769514e-09 1.030601599137001259e-09 3.886427923152968712e-10 1.110982563755339341e-10 2.407468911350221754e-11 3.954676394967407111e-12 4.924453434171818055e-13 4.648383361220474985e-14
7.867076840338134310e-14 1.086962460402545074e-12 1.138446216807743873e-11 9.038727852923538052e-11 5.440000279697615067e-10 2.481917567364614746e-09 8.583661910637554978e-09 2.250373854180943236e-08 4.472327129761967030e-08 6.737662789180931109e-08 7.694524723965862970e-08 6.661179655918885330e-08 4.371367448324460372e-08 2.174604589672258936e-08 8.200495716478499733e-09 2.344211171621764679e-09 5.079841665779837943e-10 8.344502324046421794e-11 1.039076501389534637e-11 9.808247726697407165e-13
1.258344918916238746e-12 1.738604715396992914e-11 1.820953374999526536e-10 1.445751388733622346e-09 8.701321786716099387e-09 3.969846009446089284e-08 1.372963245453864869e-07 3.599490080675030651e-07 7.153521229907447175e-07 1.077694283175759108e-06 1.230745076777671707e-06 1.065460747889868697e-06 6.992035452241107922e-07 3.478296566311923637e-07 1.311675521524655763e-07 3.749583583004806796e-08 8.125245346857823340e-09 1.334709487837829328e-09 1.662010760063435506e-10 1.568836677312910919e-11
1.525748061886227753e-11 2.108064915291951208e-10 2.207912982303423917e-09 1.752979128512282262e-08 1.055038618772712707e-07 4.813453580053217507e-07 1.664723224373506049e-06 4.364395589643729871e-06 8.673672049785414900e-06 1.306708470104875531e-05 1.492283146966435695e-05 1.291875261441753318e-05 8.477869922250451252e-06 4.217447986587529008e-06 1.590411623001964239e-06 4.546384539445040989e-07 9.851891285098153231e-08 1.618340395893696748e-08 2.015194449376274508e-09 1.902220515093552981e-10
1.402370519609288763e-10 1.937599112512279429e-09 2.029373101360579417e-08 1.611226855026688191e-07 9.697243555315643661e-07 4.424220201747682589e-06 1.530107644563672814e-05 4.011474675093219724e-05 7.972287354139310372e-05 1.201043266562234335e-04 1.371611699528120607e-04 1.187409525147115465e-04 7.792318499391201361e-05 3.876409790135410753e-05 1.461805149786406634e-05 4.178747335941629356e-06 9.055231493158243468e-07 1.487475500436440195e-07 1.852238490535466829e-08 1.748400039823949758e-09
9.771011839017277666e-10 1.350021524475681650e-08 1.413965020079138277e-07 1.122621764766884172e-06 6.756551158193324993e-06 3.082573925023745148e-05 1.066101982389637618e-04 2.794993619316393373e-04 5.554688510069764103e-04 8.368264886244993015e-04 9.556699864425104943e-04 8.273271839176132240e-04 5.429295271563289432e-04 2.700887206531422838e-04 1.018512242319442353e-04 2.911540789029366249e-05 6.309229471633646240e-06 1.036398050428347801e-06 1.290546540064731602e-07 1.218197134749928027e-08
5.160753608342556433e-09 7.130406316730768615e-08 7.468136565247978732e-07 5.929349404930499773e-06 3.568606439546003048e-05 1.628122529032673105e-04 5.630828969532630877e-04 1.476231289433403183e-03 2.933818855596090867e-03 4.419864996458620389e-03 5.047560490330869204e-03 4.369692535458166195e-03 2.867589930818825478e-03 1.426527121907079183e-03 5.379474322916992816e-04 1.537787987608362319e-04 3.332344622854266152e-05 5.473941764218803539e-06 6.816277395937460617e-07 6.434149668848998500e-08
2.066253154966595125e-08 2.854859128388123250e-07 2.990078951787220090e-06 2.373982143815559843e-05 1.428792163730946245e-04 6.518647406161257648e-04 2.254461074166793071e-03 5.910508020226547948e-03 1.174637063989343415e-02 1.769617518398071410e-02 2.020933099997478458e-02 1.749529559603246048e-02 1.148120447394850203e-02 5.711503377183256569e-03 2.153824157351871479e-03 6.156967610174269136e-04 1.334198086744147762e-04 2.191646859895922156e-05 2.729088761710244372e-06 2.576093156490810748e-07
6.271201480050467025e-08 8.664667612605593045e-07 9.075067836118521454e-06 7.205177302754176385e-05 4.336469377112148714e-04 1.978448340813615449e-03 6.842423732565096513e-03 1.793874412493956516e-02 3.565093501009653637e-02 5.370894642714108685e-02 6.133652412011463689e-02 5.309926490470760763e-02 3.484613989177519355e-02 1.733475317204484153e-02 6.536984691777452186e-03 1.868676367014277580e-03 4.049370715373775461e-04 6.651778848342251545e-05 8.282947053456803427e-06 7.818596272630606515e-07
1.442828783357390612e-07 1.993498673174714740e-06 2.087920333372434028e-05 1.657710605324617156e-04 9.977008162389581700e-04 4.551858557873326300e-03 1.574251112913245890e-02 4.127205359783436833e-02 8.202287129476355798e-02 1.235693257111804555e-01 1.411182574074850704e-01 1.221666183479319101e-01 8.017126189405554548e-02 3.988243865005095673e-02 1.503978097285952990e-02 4.299303821898927368e-03 9.316474109804510255e-04 1.530389035250523909e-04 1.905675404907671396e-05 1.798841224203733314e-06
2.516376731286214482e-07 3.476776824034446820e-06 3.641453652908119396e-05 2.891143039674156203e-04 1.740047847483992480e-03 7.938704225518100274e-03 2.745584864559130756e-02 7.198084521457911999e-02 1.430526249130845140e-01 2.155120410037728307e-01 2.461183914515055471e-01 2.130656383464396286e-01 1.398233111752961721e-01 6.955727648599245583e-02 2.623024666563669727e-02 7.498234179236325757e-03 1.624846893682704114e-03 2.669086867783996664e-04 3.323607971789590437e-05 3.137282990246145166e-06
3.326850943437925558e-07 4.596576543310323540e-06 4.814292458693435900e-05 3.822321924045785795e-04 2.300482177829686267e-03 1.049560080331849235e-02 3.629882395343336093e-02 9.516442424309817794e-02 1.891269912951823451e-01 2.849241244450553823e-01 3.253881633134270146e-01 2.816897848140343941e-01 1.848575807090628298e-01 9.196027288891525653e-02 3.467848028525484516e-02 9.913264235502726451e-03 2.148177319390279227e-03 3.528745936092904487e-04 4.394075091814366818e-05 4.147738590237744913e-06
3.334170810055138964e-07 4.606690109491941374e-06 4.824885051885323840e-05 3.830731945152156715e-04 2.305543788038043416e-03 1.051869363171807625e-02 3.637869003526816858e-02 9.537380870426177826e-02 1.895431158446533870e-01 2.855510255663928909e-01 3.261040949841777503e-01 2.823095696157361667e-01 1.852643115355940839e-01 9.216260745186194425e-02 3.475478122403792558e-02 9.935075784375451552e-03 2.152903822535565549e-03 3.536510019911922784e-04 4.403743106439890974e-05 4.156864605728006391e-06
