1.118157760910799305e-02 1.390803810626683838e-02 1.311370714463852560e-02 9.373071048891040702e-03 5.078496491106962440e-03 2.085860326540577708e-03 6.494296465411913315e-04 1.532765851780935233e-04 2.742308700991164024e-05 3.719235567400077652e-06 3.823735565808732624e-07 2.980017635376658475e-08 1.760543001376979780e-09 7.884447390234497647e-11 2.676656872924598027e-12 6.888282703351884629e-14 1.343773410796056420e-15 1.987183367771963594e-17 2.227648491752198568e-19 1.893006922129238498e-21
3.606027761532035192e-02 4.485303708735297740e-02 4.229134177063582217e-02 3.022789412612200341e-02 1.637801030764893251e-02 6.726841691870739416e-03 2.094392595085957983e-03 4.943127353467681841e-04 8.843869489766811713e-05 1.199443153423852461e-05 1.233144113030367753e-06 9.610474209176069693e-08 5.677702342436063478e-09 2.542712412098749310e-10 8.632144165416743844e-12 2.221452063914023726e-13 4.333631973892553491e-15 6.408611237115125063e-17 7.184104591511427288e-19 6.104894812347431156e-21
8.815599846770201531e-02 1.096515204604129740e-01 1.033889838592168681e-01 7.389766148478379981e-02 4.003906644833193917e-02 1.644500500542701860e-02 5.120128923375842633e-03 1.208438637235604391e-03 2.162046985620561066e-04 2.932259976567832955e-05 3.014648187083712160e-06 2.349457646155420282e-07 1.388019039507375434e-08 6.216129390239395469e-10 2.110286825679232890e-11 5.430749225826190272e-13 1.059436252059656421e-14 1.566703197424058346e-16 1.756286848695861540e-18 1.492454116587638582e-20
1.633696922351925984e-01 2.032049487511811414e-01 1.915992872541489866e-01 1.369463045454889505e-01 7.419994188421473458e-02 3.047569596216549020e-02 9.488564600886246689e-03 2.239464718020594408e-03 4.006680847342052412e-04 5.434030789192050752e-05 5.586711682491883087e-06 4.353988148777602654e-07 2.572261074032143323e-08 1.151966018228022953e-09 3.910759508503630826e-11 1.006420260732214680e-12 1.963335194997575502e-14 2.903396520213368672e-16 3.254730783331561212e-18 2.765798969328206850e-20
2.295027704667648716e-01 2.854635891938519521e-01 2.691598829786633895e-01 1.923830293634143651e-01 1.042365447220440222e-01 4.281244923416155368e-02 1.332959518905895910e-02 3.146014111408005146e-03 5.628610437224294350e-04 7.633760606746273409e-05 7.848247685287173560e-06 6.116509917184410599e-07 3.613528524031978463e-08 1.618289102768767200e-09 5.493859537537191537e-11 1.413825507851273714e-12 2.758105621929949155e-14 4.078709680087120245e-16 4.572266261129360427e-18 3.885411775772504268e-20
2.443999955090834508e-01 3.039932797982825563e-01 2.866312857898026811e-01 2.048707796285677285e-01 1.110026297727814693e-01 4.559144266224527536e-02 1.419483084111909828e-02 3.350224631867677709e-03 5.993968450935140265e-04 8.129274667193551031e-05 8.357684289114619347e-06 6.513537911768312634e-07 3.848085812860598515e-08 1.723333660176277619e-09 5.850470752796722046e-11 1.505598154944792915e-12 2.937136663937896339e-14 4.343462283565350502e-16 4.869056052846974239e-18 4.137617243654390043e-20
1.972928171062277858e-01 2.453997203552968354e-01 2.313841852838686985e-01 1.653827086677137903e-01 8.960729106583695258e-02 3.680386384637688441e-02 1.145883067287808109e-02 2.704481455423281451e-03 4.838653613178540980e-04 6.562387600622104499e-05 6.746772128408650244e-06 5.258078017817412507e-07 3.106381769379202527e-08 1.391167589516290298e-09 4.722814555755408993e-11 1.215399782640161157e-12 2.371014637079881750e-14 3.506276291594323416e-16 3.930563841923670278e-18 3.340107107643303069e-20
1.207308265587524049e-01 1.501692332763921167e-01 1.415926051018061849e-01 1.012038421308960878e-01 5.483404046202202536e-02 2.252165571915595854e-02 7.012085481999468482e-03 1.654972980340517529e-03 2.960952449860372246e-04 4.015769508706584892e-05 4.128601272025819377e-06 3.217613872175096362e-07 1.900910758561787313e-08 8.513072874498855661e-10 2.890066214083471703e-11 7.437484167427553996e-13 1.450912208138970135e-14 2.145621118074526452e-16 2.405258480453864164e-18 2.043936002411151285e-20
5.600436704593651088e-02 6.966019449328646196e-02 6.568168588867351332e-02 4.694622974687839845e-02 2.543630169840982100e-02 1.044729924684166360e-02 3.252751764275163895e-03 7.677054558803440365e-04 1.373520521097794996e-04 1.862826884797632679e-05 1.915167050664844216e-06 1.492580092804207707e-07 8.817905656618394982e-09 3.949026702970710647e-10 1.340637960113897060e-11 3.450084829894314730e-13 6.730461653594483184e-15 9.953063029820472815e-17 1.115746347633403557e-18 9.481368210606353950e-21
1.969347844240863094e-02 2.449543867574281025e-02 2.309642860615989876e-02 1.650825841338730837e-02 8.944467825899329178e-03 3.673707486602088498e-03 1.143803601881925903e-03 2.699573558808038070e-04 4.829872775860240204e-05 6.550478655996733713e-06 6.734528576127527126e-07 5.248536039537414020e-08 3.100744533249887061e-09 1.388642999565737674e-10 4.714243934749259508e-12 1.213194163345778831e-13 2.366711891838758852e-15 3.499913355916160840e-17 3.923430940000046553e-19 3.334045723737232220e-21
5.249522362543897203e-03 6.529539892339471414e-03 6.156617725888446219e-03 4.400465461759786763e-03 2.384250400985542598e-03 9.792688305806426102e-04 3.048939578651217838e-04 7.196022687275840891e-05 1.287457937878609983e-05 1.746105153062822584e-06 1.795165768452657214e-07 1.399057428617440163e-08 8.265389893122510920e-10 3.701587051331905801e-11 1.256635745194764191e-12 3.233908072266625438e-14 6.308741768621045611e-16 9.329420133968394215e-18 1.045835478869717134e-19 8.887280952263224876e-22
1.060752264756009309e-03 1.319400842643020334e-03 1.244045790255179701e-03 8.891863644295999215e-04 4.817769766324504787e-04 1.978773606633432692e-04 6.160883485771545412e-05 1.454074644433832941e-05 2.601520346169240891e-06 3.528292419190620514e-07 3.627427455277735992e-08 2.827025457627548755e-09 1.670157862509306341e-10 7.479664961345321796e-12 2.539239040488138509e-13 6.534642725109205488e-15 1.274784953117657701e-16 1.885162659097917264e-18 2.113282459160026534e-20 1.795821171255611905e-22
1.624818909302230884e-04 2.021006703736601270e-04 1.905580776213941898e-04 1.362020960804867281e-04 7.379671651032685580e-05 3.031008162896278802e-05 9.437000813749834126e-06 2.227294775897977788e-06 3.984907307610181986e-07 5.404500589557805005e-08 5.556351767783434278e-09 4.330327234030077238e-10 2.558282613847740169e-11 1.145705879518873766e-12 3.889507234917458243e-14 1.000951062568219341e-15 1.952665825885329372e-17 2.887618567863573857e-19 3.237043572214065217e-21 2.750768764516923691e-23
1.886656260481208797e-05 2.346689177636786765e-05 2.212662519320754537e-05 1.581508781007885626e-05 8.568895672623381307e-06 3.519450994421077269e-06 1.095776062396602152e-06 2.586220291275161753e-07 4.627069685303384507e-08 6.275428488484568107e-09 6.451750276974723791e-10 5.028153561755139705e-11 2.970546367883434426e-12 1.330334819400080054e-13 4.516296021010306359e-15 1.162252961125761174e-16 2.267335260528411502e-18 3.352954361714793782e-20 3.758688728943223868e-22 3.194051399205293633e-24
1.660647350249739677e-06 2.065571374251449666e-06 1.947600220916618980e-06 1.392054515488461078e-06 7.542398788467704103e-07 3.097844101568594588e-07 9.645093558388214808e-08 2.276408248725064806e-08 4.072777417524963272e-09 5.523673765790038480e-10 5.678873373148755515e-11 4.425814105028185419e-12 2.614694609690806768e-13 1.170969529032395461e-14 3.975273703711824289e-16 1.023022762885865946e-17 1.995723530243905436e-19 2.951292661478128547e-21 3.308422741798796132e-23 2.811425220245919888e-25
1.108048760052782118e-07 1.378229881073571236e-07 1.299514920817260878e-07 9.288331322004635741e-08 5.032583000917328959e-08 2.067002554795091795e-08 6.435583061242905669e-09 1.518908476862595890e-09 2.717516134163480610e-10 3.685610834954996852e-11 3.789166073500146112e-12 2.953075998081774609e-13 1.744626346917594622e-14 7.813165959099126612e-16 2.652457848805700057e-17 6.826007362435985102e-19 1.331624672006586694e-20 1.969217711160615554e-22 2.207508846612918357e-24 1.875892692573256884e-26
5.604503525989191090e-09 6.971077904308588632e-09 6.572938139878400145e-09 4.698032029046357435e-09 2.545477256084910297e-09 1.045488567310515001e-09 3.255113787304275221e-10 7.682629340089495180e-11 1.374517918789624267e-11 1.864179597921781827e-12 1.916557771201204533e-13 1.493663946970615698e-14 8.824308880023956929e-16 3.951894334038473138e-17 1.341611479756641471e-18 3.452590148594053942e-20 6.735349055577307200e-22 9.960290560782025112e-24 1.116556559650407570e-25 9.488253214960763719e-28
2.148880380748583063e-10 2.672852728484047484e-10 2.520197863586110152e-10 1.801320814329280653e-10 9.759876338515038375e-11 4.008615321896833371e-11 1.248076680156568338e-11 2.945675988056035949e-12 5.270180623453326769e-13 7.147642865402356254e-14 7.348471410549421716e-15 5.727010673099943929e-16 3.383419091096423823e-17 1.515236481131115764e-18 5.144010658691253628e-20 1.323793124346386313e-21 2.582469504373979234e-23 3.818977519305275997e-25 4.281104425936499188e-27 3.637988822141942440e-29
6.245743638131259250e-12 7.768674829064016922e-12 7.324981843727189333e-12 5.235558068807568473e-12 2.836718418406934666e-12 1.165108298663457377e-12 3.627548119859677283e-13 8.561638529171131511e-14 1.531783592778188207e-14 2.077469986424719294e-15 2.135841016261676943e-16 1.664561731656890407e-17 9.833943505029192866e-19 4.404050917432762714e-20 1.495112158584106924e-21 3.847618768666911418e-23 7.505975028723112198e-25 1.109989870029807391e-26 1.244307546013975655e-28 1.057385313070354673e-30
1.376109164594696416e-13 1.711652806843312396e-13 1.613895034708580000e-13 1.153537490118545559e-13 6.250071151034837835e-14 2.567054141876104953e-14 7.992486566804959959e-15 1.886364527037253919e-15 3.374940699340878554e-16 4.577237960962552399e-17 4.705845399498889719e-18 3.667487470958739889e-19 2.166688318546827437e-20 9.703335871521952601e-22 3.294143440283979340e-23 8.477362754858917874e-25 1.653772813085758923e-26 2.445613078689082429e-28 2.741551874127984132e-30 2.329710766449757393e-32
