5.556362878712924976e-26 3.064942413221578806e-24 1.281595153155045974e-22 4.062339474681430604e-21 9.761091617220066940e-20 1.777941161813413008e-18 2.454896572298099349e-17 2.569483503856666177e-16 2.038709222847402600e-15 1.226200703043177629e-14 5.590680239714739057e-14 1.932255558973649987e-13 5.062456410835821829e-13 1.005436964127003952e-12 1.513718845916403266e-12 1.727557087527769415e-12 1.494570537501395331e-12 9.801606096852652132e-13 4.872758561362386852e-13 1.836324212493253665e-13
2.132081076747191123e-24 1.176076124470715185e-22 4.917721959019636038e-21 1.558796160429624408e-19 3.745514679252068154e-18 6.822295068586980261e-17 9.419900466221407346e-16 9.859592102191691619e-15 7.822911227910663122e-14 4.705163021782444168e-13 2.145249294445179640e-12 7.414428471744465779e-12 1.942559863530875046e-11 3.858050980237448117e-11 5.808424282831506576e-11 6.628961886973910401e-11 5.734948617338589843e-11 3.761060848075905412e-11 1.869769226203811592e-11 7.046321829031589905e-12
6.201741347951399433e-23 3.420939292138027419e-21 1.430454026519026970e-19 4.534185264620949846e-18 1.089485456674816176e-16 1.984451242320071777e-15 2.740035866932419433e-14 2.867932213318322089e-13 2.275507838449771999e-12 1.368625442028630189e-11 6.240044713178477883e-11 2.156689448920882873e-10 5.650467028631995710e-10 1.122219719859180226e-09 1.689539175322471900e-09 1.928214995048923104e-09 1.668166767034374618e-09 1.094007485365396173e-09 5.438735537659006243e-10 2.049615557056941810e-10
1.367478171794228707e-21 7.543139171028592076e-20 3.154137761108181227e-18 9.997836137246179195e-17 2.402305250898950239e-15 4.375696444933249445e-14 6.041753481384849594e-13 6.323763729994690452e-12 5.017473519521453355e-11 3.017806310085173492e-10 1.375924028032921597e-09 4.755480080949297024e-09 1.245922699541428819e-08 2.474483995323986992e-08 3.725418093110092268e-08 4.251696045219197001e-08 3.678292132556614330e-08 2.412276281904055041e-08 1.199236103641604418e-08 4.519383149977848446e-09
2.285724984012231686e-20 1.260827559571142029e-18 5.272107176761699441e-17 1.671127504359350928e-15 4.015427261993431817e-14 7.313929313778025877e-13 1.009872564292909739e-11 1.057010272542336502e-10 8.386652757420145137e-10 5.044230629890725901e-09 2.299842141429672223e-08 7.948733556555724164e-08 2.082546325952120335e-07 4.136073253168897363e-07 6.226996077122198596e-07 7.106663985891989837e-07 6.148225543409526741e-07 4.032093732548361858e-07 2.004510185509237403e-07 7.554100088248156852e-08
2.896172113013477404e-19 1.597555980220776915e-17 6.680125513329796043e-16 2.117434472330848893e-14 5.087824886791913017e-13 9.267255799922763458e-12 1.279578592726658475e-10 1.339305338970530428e-09 1.062647081668242955e-08 6.391390120894702444e-08 2.914059530753325929e-07 1.007159681120588303e-06 2.638730658967566870e-06 5.240691726693150268e-06 7.890035989696819122e-06 9.004636251719562578e-06 7.790228259256134810e-06 5.108942461120045838e-06 2.539853455743773128e-06 9.571568831563318930e-07
2.781772304465607524e-18 1.534451961830240681e-16 6.416258225758441029e-15 2.033795072186468549e-13 4.886854029307735521e-12 8.901195963730159833e-11 1.229034792041563726e-09 1.286402310978192128e-08 1.020672151328098518e-07 6.138927982025346686e-07 2.798953162966225241e-06 9.673765224541483262e-06 2.534499877641108057e-05 5.033682575718241353e-05 7.578376816334370060e-05 8.648949979273511633e-05 7.482511526055551075e-05 4.907137452084825170e-05 2.439528358429574132e-05 9.193488524487120631e-06
2.025422405338452422e-17 1.117242190677277898e-15 4.671709883668880407e-14 1.480816420690032066e-12 3.558142996351323744e-11 6.481005548263494121e-10 8.948664133097289693e-09 9.366359923677987996e-08 7.431565266813146468e-07 4.469784338420887819e-06 2.037931874821000879e-05 7.043517112567686028e-05 1.845382107752357125e-04 3.665049599442356189e-04 5.517854274147673734e-04 6.297343978351741586e-04 5.448054274157268203e-04 3.572911458487402895e-04 1.776232866971120584e-04 6.693825231787028029e-05
1.117909019656219727e-16 6.166492079907114155e-15 2.578497503733228208e-13 8.173198977068696482e-12 1.963876837919679669e-10 3.577117809968671066e-09 4.939114093878068445e-08 5.169656567651369526e-07 4.101768510132602760e-06 2.467046979765113199e-05 1.124813480043739846e-04 3.887589714367052814e-04 1.018537810943115091e-03 2.022882729994969139e-03 3.045517342930520541e-03 3.475747880897376695e-03 3.006992021320760260e-03 1.972028123787190369e-03 9.803716685285867195e-04 3.694581230509625118e-04
4.677288192874871487e-16 2.580036486840003560e-14 1.078833403927408415e-12 3.419634907786707471e-11 8.216784894612346170e-10 1.496652285910889492e-08 2.066506274514353005e-07 2.162964355769268396e-06 1.716164113985675136e-05 1.032202934839137709e-04 4.706176188660639694e-04 1.626552532454074180e-03 4.261522890821531351e-03 8.463663269740474490e-03 1.274232702198349262e-02 1.454239498821693205e-02 1.258113856324161346e-02 8.250889560085556892e-03 4.101837223970081735e-03 1.545798527718639757e-03
1.483469491233501286e-15 8.182958279814573771e-14 3.421675925994679120e-12 1.084586591133410122e-10 2.606071981143771179e-09 4.746848843985894400e-08 6.554223056758892244e-07 6.860153790175255630e-06 5.443062304618705643e-05 3.273780659759562743e-04 1.492631736244700094e-03 5.158846233721419740e-03 1.351603521963285620e-02 2.684373022782760715e-02 4.041413016462923335e-02 4.612330565251537839e-02 3.990289769183273660e-02 2.616888768275954860e-02 1.300956906832264302e-02 4.902723246682835073e-03
3.566645353066908709e-15 1.967395372504302977e-13 8.226596241626995072e-12 2.607627422150855506e-10 6.265672854232807699e-09 1.141265558284974317e-07 1.575805188208857561e-06 1.649358869976355840e-05 1.308653328561525542e-04 7.871017669114879940e-04 3.588673766044701320e-03 1.240320414772388795e-02 3.249605367206320761e-02 6.453928863508590075e-02 9.716604918518507994e-02 1.108923875723541730e-01 9.593691374680109185e-02 6.291679215528468705e-02 3.127837770654386118e-02 1.178741806858098901e-02
6.500369676701016447e-15 3.585665507929437802e-13 1.499333728416571336e-11 4.752516873736231475e-10 1.141946725674898690e-08 2.080007203900914163e-07 2.871974992695276100e-06 3.006029846834342098e-05 2.385078854834936563e-04 1.434527953195472100e-03 6.540517438413152168e-03 2.260539082375200362e-02 5.922550211522672331e-02 1.176257220075492826e-01 1.770894432173071575e-01 2.021063049995885097e-01 1.748492892515198238e-01 1.146686500607170117e-01 5.700623354805524345e-02 2.148309332569738744e-02
8.980758192538783899e-15 4.953871316190094238e-13 2.071444292328387529e-11 6.565965779141114218e-10 1.577686796614996330e-08 2.873689138623432127e-07 3.967853249463882548e-06 4.153060289899466171e-05 3.295168972033083051e-04 1.981910154165945990e-03 9.036225397919548166e-03 3.123107745142627081e-02 8.182456379903675636e-02 1.625089370469009475e-01 2.446626187563387123e-01 2.792253278908837788e-01 2.415676746098693595e-01 1.584235158426844092e-01 7.875847442914971075e-02 2.968053756655698872e-02
9.405562420349228816e-15 5.188197353483338471e-13 2.169426920764590884e-11 6.876546463181263790e-10 1.652313905706919200e-08 3.009619231531890358e-07 4.155539055001330020e-06 4.349506684700152912e-05 3.451035735246055529e-04 2.075657674651419649e-03 9.463653313267868933e-03 3.270835737100624696e-02 8.569499655041107333e-02 1.701958697127706199e-01 2.562355519771900569e-01 2.924331325390868708e-01 2.529942120220294299e-01 1.659172015506992781e-01 8.248387624892020153e-02 3.108447446939385100e-02
7.467123877988007726e-15 4.118936285840009255e-13 1.722319074353640895e-11 5.459325237395875474e-10 1.311780419695268898e-08 2.389352026286299024e-07 3.299103606646417905e-06 3.453095495121603404e-05 2.739794835308631223e-04 1.647875192597277787e-03 7.513242533547409216e-03 2.596733139598234041e-02 6.803369393213980210e-02 1.351193672286510328e-01 2.034267089035249054e-01 2.321641523502187276e-01 2.008533926153366067e-01 1.317225107971986553e-01 6.548436918081201874e-02 2.467812249514595574e-02
4.493851964836620482e-15 2.478851325303900969e-13 1.036523175834224174e-11 3.285521955390949821e-10 7.894534914385490944e-09 1.437955827901197630e-07 1.985460997725180226e-06 2.078136137698829037e-05 1.648858731297543200e-04 9.917214838083181563e-04 4.521607016753212936e-03 1.562761581596278440e-02 4.094392354374844223e-02 8.131731089903432297e-02 1.224259206682227347e-01 1.397206406711943572e-01 1.208772517768561122e-01 7.927302046028199267e-02 3.940969319884518596e-02 1.485174627813620057e-02
2.050128046622961408e-15 1.130870056508144787e-13 4.728694337018962766e-12 1.498879082187876884e-10 3.601544414384000536e-09 6.560059378129422942e-08 9.057817900462101835e-07 9.480608649181377547e-06 7.522213807670773394e-05 4.524305749951178473e-04 2.062790103765681053e-03 7.129432330403583616e-03 1.867891658484495399e-02 3.709755039875466121e-02 5.585159804094393110e-02 6.374157546210099112e-02 5.514508399598504196e-02 3.616493018858233516e-02 1.797898951010417495e-02 6.775474987690692334e-03
7.089898723886604998e-16 3.910855316440261245e-14 1.635310731000717171e-12 5.183530321225141254e-11 1.245511722529895491e-09 2.268646423828674405e-08 3.132439053232188211e-07 3.278651559068275287e-06 2.601385516561138581e-05 1.564627615133108859e-04 7.133687551089805835e-04 2.465551030562559715e-03 6.459675876178704035e-03 1.282933891201101101e-02 1.931499714516820426e-02 2.204356529201643641e-02 1.907066542969251474e-02 1.250681355322361653e-02 6.217622113625063257e-03 2.343142983097220699e-03
1.858642636424246144e-16 1.025244889822284920e-14 4.287026326906156497e-13 1.358881253094324461e-11 3.265154104191807035e-10 5.947338790740638543e-09 8.211802463020401609e-08 8.595103844195005465e-07 6.819626377126170819e-06 4.101727977884280413e-05 1.870122036117874149e-04 6.463531350940337344e-04 1.693427433666522567e-03 3.363257675129184034e-03 5.063496477808966667e-03 5.778800502820634691e-03 4.999444033408906307e-03 3.278706483847617075e-03 1.629972162877763074e-03 6.142634219795141404e-04
