1.430552595921912825e-20 1.354366868182089490e-19 9.719985831067984177e-19 5.288003842010039682e-18 2.180794341336703544e-17 6.817646525255863920e-17 1.615664077438786527e-16 2.902448194798317542e-16 3.952525714811816972e-16 4.080202811490318885e-16 3.192902205447374135e-16 1.894027595862051837e-16 8.516944305232389715e-17 2.903207864239959645e-17 7.501865532779289918e-18 1.469458206223104040e-18 2.181936066882534706e-19 2.455973198547247008e-20 2.095569382706612968e-21 1.355430598213613889e-22
9.678624356362388918e-19 9.163178058049433507e-18 6.576206416754943235e-17 3.577680605922273631e-16 1.475450066530142584e-15 4.612583969335767065e-15 1.093102465171604604e-14 1.963696117943247461e-14 2.674142269328652004e-14 2.760524179451000156e-14 2.160207261251433786e-14 1.281433599379065317e-14 5.762270106628303211e-15 1.964210084027508848e-15 5.075502898019693685e-16 9.941846266925969882e-17 1.476222518567744073e-17 1.661626569047178736e-18 1.417789805542982803e-19 9.170374887736892112e-21
4.963868393993115029e-17 4.699511859966235547e-16 3.372733766968254495e-15 1.834882213593251272e-14 7.567129049025999014e-14 2.365652280427022364e-13 5.606185939734746608e-13 1.007119269884445127e-12 1.371485223830972374e-12 1.415787845534355946e-12 1.107903784028103572e-12 6.572078333401987153e-13 2.955290897423968061e-13 1.007382867262269533e-13 2.603069144070961105e-14 5.098866806406373870e-15 7.571090717662133791e-16 8.521971000238789209e-17 7.271407326015453037e-18 4.703202892297572319e-19
1.929850657351274349e-15 1.827074235723286796e-14 1.311250009192639640e-13 7.133647318994615915e-13 2.941945235130876448e-12 9.197172942722015196e-12 2.179570601453301845e-11 3.915474043126564179e-11 5.332054459704601599e-11 5.504294005217376012e-11 4.307303651474634063e-11 2.555089838245524394e-11 1.148956746709794405e-11 3.916498855898567055e-12 1.012020122228713954e-12 1.982335283102514971e-13 2.943485450989711264e-14 3.313168285573658534e-15 2.826974668579269310e-16 1.828509233713890159e-17
5.687533466425593331e-14 5.384637314673137794e-13 3.864432867758703365e-12 2.102383296339899769e-11 8.670314419128883905e-11 2.710532481307636303e-10 6.423492248471202939e-10 1.153943678096199672e-09 1.571429274532387766e-09 1.622190621044576737e-09 1.269421215289402042e-09 7.530198727755832362e-10 3.386132457190414429e-10 1.154245704417012659e-10 2.982561522025708204e-11 5.842212826870335759e-12 8.674853645627720812e-13 9.764359450468084255e-14 8.331480456808921324e-15 5.388866449743588443e-16
1.270635683430658179e-12 1.202966515229279926e-11 8.633419613234197636e-11 4.696874756601463563e-10 1.937010296738030839e-09 6.055523562504510089e-09 1.435054142771871974e-08 2.577992767363409279e-08 3.510685470239987890e-08 3.624089951458646930e-08 2.835977850455293547e-08 1.682300291205834161e-08 7.564862262925488028e-09 2.578667515780839414e-09 6.663255909234806838e-10 1.305192159631019982e-10 1.938024392426196069e-11 2.181427787079981940e-12 1.861312364440402263e-13 1.203911334272949215e-14
2.151864640731977066e-11 2.037264608465342372e-10 1.462098903452876464e-09 7.954316758513184551e-09 3.280392657500706888e-08 1.025523460831088364e-07 2.430312880108295677e-07 4.365918219118587166e-07 5.945464956362706933e-07 6.137519292957532626e-07 4.802824710397701294e-07 2.849032621187603630e-07 1.281135090716617375e-07 4.367060928456756655e-08 1.128444995698349448e-08 2.210387205628859215e-09 3.282110062955422454e-10 3.694321970128901680e-11 3.152195640832648229e-12 2.038864691572156122e-13
2.762521524367062344e-10 2.615400255753239231e-09 1.877013830278903605e-08 1.021159548843727184e-07 4.211303607665029792e-07 1.316546859251147659e-06 3.119987900336485036e-06 5.604879984383584516e-06 7.632671034891463590e-06 7.879226616803329303e-06 6.165771949169848003e-06 3.657532072731791581e-06 1.644696044878887474e-06 5.606346972168510786e-07 1.448675502479840685e-07 2.837651642743750940e-08 4.213508379027005314e-09 4.742697922185141734e-10 4.046726797766487294e-11 2.617454410991286421e-12
2.688395818151477495e-09 2.545222199479614704e-08 1.826648620625837743e-07 9.937591568289801159e-07 4.098303274001401015e-06 1.281220450082168944e-05 3.036270432632943872e-05 5.454486337336346202e-05 7.427866429467715062e-05 7.667806277721251913e-05 6.000328097940053478e-05 3.559390883421227695e-05 1.600564531418709980e-05 5.455913961987054976e-06 1.409803734875008358e-06 2.761509998178506161e-07 4.100448885558529117e-08 4.615438883749321767e-09 3.938142492051547234e-10 2.547221236338898401e-11
1.983250494433317075e-08 1.877630202918349631e-07 1.347532887662011505e-06 7.331038554002328998e-06 3.023350185126276945e-05 9.451662861351643871e-05 2.239880301886878642e-04 4.023816973811617111e-04 5.479594808682470121e-04 5.656600300013088934e-04 4.426488683940977002e-04 2.625790325131671069e-04 1.180748897493536295e-04 4.024870143614689611e-05 1.040023174923441536e-05 2.037187393423286569e-06 3.024933019451789866e-07 3.404845144609906324e-08 2.905198331204224490e-09 1.879104907949809389e-10
1.109069470817266702e-07 1.050004697533774432e-06 7.535647114789689581e-06 4.099649072293080833e-05 1.690711989899882186e-04 5.285540458658847477e-04 1.252581490880965006e-03 2.250191074872728587e-03 3.064288314469815720e-03 3.163272979872806985e-03 2.475372362723035624e-03 1.468389340905212328e-03 6.602960940067248170e-04 2.250780026434547932e-04 5.815997300833213263e-05 1.139231958202612277e-05 1.691597139422201804e-06 1.904050856584421011e-07 1.624639340744760174e-08 1.050829379203307929e-09
4.701503346675952165e-07 4.451119365717250859e-06 3.194468070917636106e-05 1.737899594276957503e-04 7.167168773406027826e-04 2.240615832393615028e-03 5.309871226571263349e-03 9.538880248302839676e-03 1.298995432183668204e-02 1.340956440750500425e-02 1.049345577877603547e-02 6.224711419927478166e-03 2.799089126023887337e-03 9.541376897802067783e-04 2.465484038071674711e-04 4.829366423893094158e-05 7.170921048219286178e-06 8.071542594961415706e-07 6.887077409158450686e-08 4.454615308695833610e-09
1.510815973576430513e-06 1.430355727126214765e-05 1.026534074900638623e-04 5.584695519491670581e-04 2.303151198613057234e-03 7.200161183809201428e-03 1.706313422579951167e-02 3.065294563569295402e-02 4.174288315530943344e-02 4.309128934234254110e-02 3.372044948091247607e-02 2.000294959011171547e-02 8.994800707843581336e-03 3.066096855446108840e-03 7.922769362591175046e-04 1.551904443635028995e-04 2.304356982445823776e-05 2.593769393462640806e-06 2.213144561169049517e-07 1.431479139385080465e-08
3.680299863952304504e-06 3.484301251782932779e-05 2.500604496030039980e-04 1.360414141766450469e-03 5.610403378812580180e-03 1.753936461399686203e-02 4.156525458302814252e-02 7.466960478695992831e-02 1.016843413654114764e-01 1.049690161328770271e-01 8.214194700578773822e-02 4.872655170627155502e-02 2.191104965814696590e-02 7.468914836299253915e-03 1.929961525244272775e-03 3.780390075739450419e-04 5.613340630041914394e-05 6.318340097561390784e-06 5.391150060517405467e-07 3.487037848466954783e-08
6.795973281418257018e-06 6.434045889429154132e-05 4.617569755352614737e-04 2.512115452782614448e-03 1.036006653529662758e-02 3.238786449367437453e-02 7.675362606954891365e-02 1.378835034711771435e-01 1.877684136085127353e-01 1.938338329447165664e-01 1.516817916395309940e-01 8.997754414930962674e-02 4.046053679025029409e-02 1.379195922752014802e-02 3.563831058494224598e-03 6.980798004995661518e-04 1.036549040878880981e-04 1.166732931371195068e-05 9.955197435473840084e-07 6.439099237969797177e-08
9.512987789765970921e-06 9.006362657764913516e-05 6.463663537519813733e-04 3.516453440766939987e-03 1.450199734023560269e-02 4.533645832707278861e-02 1.074395494779673971e-01 1.930090114565201076e-01 2.628377940869031093e-01 2.713281541421557197e-01 2.123238235415124409e-01 1.259503596322086028e-01 5.663656646582671678e-02 1.930595284815015203e-02 4.988642529973148429e-03 9.771705013308634030e-04 1.450958966589194828e-04 1.633190077483023112e-05 1.393526250424109411e-06 9.013436323445149178e-08
1.009436572164013830e-05 9.556778637622794393e-05 6.858684683643472653e-04 3.731358418477962076e-03 1.538827422905712956e-02 4.810715634153345244e-02 1.140056236133921430e-01 2.048045884501525637e-01 2.789008960819464589e-01 2.879101370691288242e-01 2.252998083894040826e-01 1.336477057468074825e-01 6.009786070986846557e-02 2.048581927789504264e-02 5.293519056783727895e-03 1.036889422211151280e-03 1.539633055305822688e-04 1.733001061223163900e-05 1.478690388903873298e-06 9.564284604196802291e-08
8.119661992406177427e-06 7.687240032069788797e-05 5.516958953081177322e-04 3.001413854622814875e-03 1.237795309105335292e-02 3.869622516962104020e-02 9.170334763973837788e-02 1.647398240331336972e-01 2.243410896743945615e-01 2.315879037527898698e-01 1.812256799012234298e-01 1.075029602304043708e-01 4.834125579428214664e-02 1.647829420499730135e-02 4.257977834040767469e-03 8.340486033517650281e-04 1.238443340191133009e-04 1.393983855711438325e-05 1.189422543268847760e-06 7.693277648814401496e-08
4.951008654528927986e-06 4.687336980752838706e-05 3.363996130495499563e-04 1.830128641310223986e-03 7.547525123148334653e-03 2.359523658639633287e-02 5.591662168181885106e-02 1.004510157314953411e-01 1.367932159716945817e-01 1.412120007996163218e-01 1.105033572152375049e-01 6.555052254465648653e-02 2.947634717210221786e-02 1.004773071799247575e-02 2.596325453798965007e-03 5.085657330753805576e-04 7.551476528412728341e-05 8.499893395015216524e-06 7.252569517208161193e-07 4.691018450841527441e-08
2.288475354616025407e-06 2.166599961286835068e-05 1.554919971836547744e-04 8.459295031900632231e-04 3.488647756022484735e-03 1.090628620996421903e-02 2.584600827049168825e-02 4.643087699662809542e-02 6.322911658486604636e-02 6.527158527794739429e-02 5.107731115720763604e-02 3.029902910559980483e-02 1.362467706166429690e-02 4.644302953684086022e-03 1.200084109759352565e-03 2.350713213317897081e-04 3.490474190633014286e-05 3.928855291650995968e-06 3.352312176345710765e-07 2.168301625362706693e-08
