6.337155161413277841e-04 3.117420966057190060e-03 1.162501126840272472e-02 3.286155668711716882e-02 7.041735400617868401e-02 1.143847404142173674e-01 1.408488479917896774e-01 1.314726228020288157e-01 9.302810493308905082e-02 4.989877002162318442e-02 2.028907869278520626e-02 6.253622074823207005e-03 1.461159939818240227e-03 2.587978720211398225e-04 3.474725205639728377e-05 3.536527566730164618e-06 2.728540787273162563e-07 1.595808125442436405e-08 7.075020675793574793e-10 2.377779476025143605e-11
1.048991107414484628e-03 5.160275846444908714e-03 1.924291442065317187e-02 5.439582882628243160e-02 1.165620476044422066e-01 1.893413881500558837e-01 2.331475011573040934e-01 2.176270087681271281e-01 1.539896883204432687e-01 8.259757681541415875e-02 3.358457002277016878e-02 1.035163851686011702e-02 2.418662229879493288e-03 4.283888581756361636e-04 5.751722576747135313e-05 5.854024201924052169e-06 4.516561373619494854e-07 2.641545756874865547e-08 1.171130197169722879e-09 3.935945171313722154e-11
1.316273360477039460e-03 6.475110781568051664e-03 2.414599652067126942e-02 6.825585069217711409e-02 1.462619816506799952e-01 2.375854509119171010e-01 2.925533330702395074e-01 2.730782292977075865e-01 1.932261609194676766e-01 1.036433857576325723e-01 4.214189665821539699e-02 1.298922928966945826e-02 3.034935795622941551e-03 5.375420610872385773e-04 7.217257754726765981e-05 7.345625767574635202e-06 5.667378279028521109e-07 3.314609900579161386e-08 1.469533410997384483e-09 4.938821445367536237e-11
1.252037096077511080e-03 6.159114924878907223e-03 2.296763291986891539e-02 6.492485501640930801e-02 1.391241608856172152e-01 2.259908974547781835e-01 2.782762582479911262e-01 2.597515709715335630e-01 1.837964124079348727e-01 9.858542125672015155e-02 4.008530408609677770e-02 1.235533393627956042e-02 2.886826030541489799e-03 5.113091409365541412e-04 6.865043927954386706e-05 6.987147374594861596e-06 5.390801072108624976e-07 3.152851587793936454e-08 1.397817808777371016e-09 4.697798987789482131e-11
9.027866342512372907e-04 4.441055820484856448e-03 1.656090868665660923e-02 4.681434082356060455e-02 1.003160635914403520e-01 1.629516907476557530e-01 2.006522708973944857e-01 1.872949669251210147e-01 1.325271791587071535e-01 7.108543422669069689e-02 2.890367775220000976e-02 8.908865699210380754e-03 2.081558097556613675e-03 3.686816148292672941e-04 4.950068908598170646e-05 5.038112114321370857e-06 3.887059873109072475e-07 2.273376948778479354e-08 1.007902432632427308e-09 3.387367794342717796e-11
4.934576251339918692e-04 2.427453813692687437e-03 9.052090893388492140e-03 2.558843094101318286e-02 5.483214374754114689e-02 8.906839254947326867e-02 1.096752979256183785e-01 1.023742776775532076e-01 7.243854152493299503e-02 3.885486140832651591e-02 1.579857259746451914e-02 4.869531231170875704e-03 1.137766861436350545e-03 2.015191044948348969e-04 2.705677238910803522e-05 2.753801113984991231e-06 2.124643034097300626e-07 1.242613866463601324e-08 5.509132744151390763e-10 1.851514415294897742e-11
2.044614456915997216e-04 1.005802100965456133e-03 3.750683941891492200e-03 1.060242524727138778e-02 2.271939637764773534e-02 3.690499726526110663e-02 4.544335486646862432e-02 4.241821738979530132e-02 3.001451020228346894e-02 1.609929755069852003e-02 6.546051430989984800e-03 2.017663411514295999e-03 4.714274245657927988e-04 8.349832962516775658e-05 1.121082442879147138e-05 1.141022305126242088e-06 8.803341243580190950e-08 5.148702028965247471e-09 2.282678771191872262e-10 7.671647873862256604e-12
6.421992730681155457e-05 3.159154900355565124e-04 1.178063909723168785e-03 3.330148509674002010e-03 7.136005416042703713e-03 1.159160463536976042e-02 1.427344375968167892e-02 1.332326898131243331e-02 9.427350260682386407e-03 5.056678117966896882e-03 2.056069522656703286e-03 6.337341359334086816e-04 1.480720965933015687e-04 2.622624837964143856e-05 3.521242488681064276e-06 3.583872218197297395e-07 2.765068655400808620e-08 1.617171730866650532e-09 7.169736292086045604e-11 2.409611587731877119e-12
1.529061704296362064e-05 7.521875185245684972e-05 2.804943084045319487e-04 7.929007037698758463e-04 1.699066483086004303e-03 2.759934413287341761e-03 3.398474142938220574e-03 3.172239712766480695e-03 2.244630422536900930e-03 1.203983434019937878e-03 4.895454262110021226e-04 1.508906407401585899e-04 3.525562576457080355e-05 6.244409442117314947e-06 8.383997408250491598e-07 8.533117354301183572e-08 6.583564896491508336e-09 3.850448710608525982e-10 1.707097727120872598e-11 5.737229790726921092e-13
2.759796329225304783e-06 1.357619739399900749e-05 5.062628673050472241e-05 1.431102777314825639e-04 3.066637160524732166e-04 4.981392733394038276e-04 6.133890109401473256e-04 5.725560642920157197e-04 4.051322967005736115e-04 2.173064077348894267e-04 8.835782535459419350e-05 2.723418127987018111e-05 6.363271429544956578e-06 1.127050544010948680e-06 1.513223776811005704e-07 1.540138366233304532e-08 1.188264553582217097e-09 6.949656895826674368e-11 3.081132715376610013e-12 1.035509925589068241e-13
3.775946856373400244e-07 1.857492139130618167e-06 6.926676661084202739e-06 1.958031459033803153e-05 4.195765761153712252e-05 6.815529839225677254e-05 8.392374042484482483e-05 7.833698625390366280e-05 5.543010569085304504e-05 2.973181167273614752e-05 1.208909691452932490e-05 3.726174286871945566e-06 8.706213026011820129e-07 1.542027907482098254e-07 2.070389217686556816e-08 2.107213695726296243e-09 1.625780771618827006e-10 9.508504243875379206e-12 4.215598545259814137e-13 1.416782248336810187e-14
3.916260148897981851e-08 1.926516107897555056e-07 7.184070328298923545e-07 2.030791445160197107e-06 4.351679424932019246e-06 7.068793316815961961e-06 8.704232677891697291e-06 8.124797014372845357e-06 5.748987531428962169e-06 3.083663876570242959e-06 1.253832489793252471e-06 3.864638042480403266e-07 9.029733843853359988e-08 1.599329299978761354e-08 2.147324391562390216e-09 2.185517258500541644e-10 1.686194400747095133e-11 9.861838013705862903e-13 4.372249190606912176e-14 1.469429541748520827e-15
3.079030655313824453e-09 1.514659886892761816e-08 5.648238863035515671e-08 1.596642939043985418e-07 3.421364731154166920e-07 5.557606106601069478e-07 6.843416480836811854e-07 6.387854260012773214e-07 4.519952243537190104e-07 2.424429237499814551e-07 9.857845306288541990e-08 3.038444473061274061e-08 7.099331060111730486e-09 1.257420027104661181e-09 1.688263132975014893e-10 1.718291017652181163e-11 1.325714853794836044e-12 7.753545578550007497e-14 3.437537032451219587e-15 1.155290617284603079e-16
1.835072857879373787e-10 9.027228236778477769e-10 3.366296407113719702e-09 9.515839396102874932e-09 2.039100696906455947e-08 3.312280150055475972e-08 4.078610850293092780e-08 3.807100118476673875e-08 2.693848359941282556e-08 1.444936665994847091e-08 5.875181634688825320e-09 1.810883880959619438e-09 4.231133494896368854e-10 7.494103245485638546e-11 1.006188699983913673e-11 1.024085032407724177e-12 7.901133888640870080e-14 4.621039098448858867e-15 2.048739233992288546e-16 6.885421718951977963e-18
8.290666203024083140e-12 4.078406790678151698e-11 1.520857318116012726e-10 4.299156174422646741e-10 9.212442525002205329e-10 1.496453341190314067e-09 1.842673493132503866e-09 1.720007799595411756e-09 1.217052361596486105e-09 6.528071913241319439e-10 2.654345281507315504e-10 8.181382948916078386e-11 1.911581620097525508e-11 3.385757041337319751e-12 4.545854739773907963e-13 4.626708487758405582e-14 3.569649205744454425e-15 2.087736871692164624e-16 9.255988422006202956e-18 3.110761128299329126e-19
2.839372473724471806e-13 1.396765434106920583e-12 5.208604833162748944e-12 1.472367286653719921e-11 3.155060773248700367e-11 5.125026531208000874e-11 6.310755090530270002e-11 5.890651826003111418e-11 4.168139073477527069e-11 2.235722346437037846e-11 9.090554056226805008e-12 2.801945341096683414e-12 6.546750406382002133e-13 1.159547991738640108e-13 1.556856168320453324e-14 1.584546814741708661e-15 1.222527049991013106e-16 7.150043748836659265e-18 3.169974293859588039e-19 1.065367885249491180e-20
7.371436434911879878e-15 3.626212378714629819e-14 1.352231868046198953e-13 3.822486117214072301e-13 8.191010567831393288e-13 1.330533688399160769e-12 1.638366591091162487e-12 1.529301488177812723e-12 1.082111364970343294e-12 5.804270244704746368e-13 2.360044059161673159e-13 7.274269989980873999e-14 1.699634511585442734e-14 3.010360350193544072e-15 4.041831915071346944e-16 4.113720982752627269e-17 3.173863423120435953e-18 1.856258503916981583e-19 8.229728302197431243e-21 2.765854680422314333e-22
1.450703642362249376e-16 7.136410321420968714e-16 2.661201400316183022e-15 7.522678357312401083e-15 1.611996382292983753e-14 2.618499237007132948e-14 3.224316457459863613e-14 3.009675602250615381e-14 2.129602435651774164e-14 1.142284283341124709e-14 4.644582562695793069e-15 1.431581220725505967e-15 3.344892136577258863e-16 5.924409392130723928e-17 7.954352361013152340e-18 8.095830529145124267e-19 6.246184538029131873e-20 3.653129205651825668e-21 1.619616058425956741e-22 5.443220591484729750e-24
2.164223445011561299e-18 1.064641052785418331e-17 3.970097195788080869e-17 1.122266215838949118e-16 2.404847042467920142e-16 3.906392232012246367e-16 4.810176984189855774e-16 4.489966323972036477e-16 3.177034499125114162e-16 1.704109891700256478e-16 6.928992373735346439e-17 2.135695776076902515e-17 4.990057081009018765e-18 8.838294280021137811e-19 1.186665240707320686e-19 1.207771575556657547e-20 9.318332583117546999e-22 5.449898686167341031e-23 2.416214410170635579e-24 8.120435681321197655e-26
2.447497815400320481e-20 1.203991508771354484e-19 4.489741683565560901e-19 1.269159207148658870e-18 2.719616542542682550e-18 4.417698401698850024e-18 5.439779190836129924e-18 5.077656281042580007e-18 3.592875317002504677e-18 1.927160176899466385e-18 7.835925507937626193e-19 2.415236170902855467e-19 5.643203724016227798e-20 9.995135202918624752e-21 1.341987395496100007e-21 1.365856330357668107e-22 1.053800553400436235e-23 6.163233819175399847e-25 2.732471780611272793e-26 9.183316369639582831e-28
