2.871997589272013394e-03 1.173429127290883181e-02 3.634347722656043611e-02 8.532826377869280610e-02 1.518644635431275203e-01 2.048878622850480724e-01 2.095429827062520733e-01 1.624526616255509703e-01 9.547229454271133342e-02 4.253287197866174180e-02 1.436378437017910188e-02 3.677137452511333553e-03 7.135882183326919042e-04 1.049741332007249740e-04 1.170614078439139546e-05 9.895597174516209282e-07 6.341136360192882763e-08 3.080271490607457426e-09 1.134247209726871674e-10 3.166090045390970954e-12
3.890403653273615502e-03 1.589525346651588997e-02 4.923082007555468209e-02 1.155855389197127242e-01 2.057153759381739333e-01 2.775407928344462150e-01 2.838466120178360086e-01 2.200581332772864884e-01 1.293266278714136908e-01 5.761496498050600740e-02 1.945716089641420787e-02 4.981044911832765119e-03 9.666255368404420368e-04 1.421978043536066094e-04 1.585712085673281186e-05 1.340456118168967589e-06 8.589693861077980626e-08 4.172531169558319782e-09 1.536449579526055798e-10 4.288780855942307510e-12
3.994864719795068048e-03 1.632205625556423095e-02 5.055271477573334421e-02 1.186891214129714989e-01 2.112390309327605853e-01 2.849930291077438782e-01 2.914681655794911785e-01 2.259669050520410616e-01 1.327991717720197751e-01 5.916198200646302641e-02 1.997960431356671923e-02 5.114790741380162258e-03 9.925803588857735980e-04 1.460159516780590479e-04 1.628289974866348083e-05 1.376448649589534127e-06 8.820335373319505015e-08 4.284567630273469024e-09 1.577704723217553215e-10 4.403938732146629239e-12
3.109612757380532302e-03 1.270512968999584248e-02 3.935036047851547814e-02 9.238791097962288645e-02 1.644289936002913677e-01 2.218392915000695076e-01 2.268795540347563477e-01 1.758932079010846194e-01 1.033712097097058275e-01 4.605183576996130235e-02 1.555217430843799063e-02 3.981365992674588093e-03 7.726270507790523098e-04 1.136591844698170705e-04 1.267465016642407364e-05 1.071431094883831610e-06 6.865771265129629160e-08 3.335118232399488966e-09 1.228089329379964912e-10 3.428036998686621250e-12
1.834878707264513088e-03 7.496873006414270409e-03 2.321933443122138965e-02 5.451502289563531223e-02 9.702406143595158905e-02 1.308999622033359955e-01 1.338740529102799559e-01 1.037887116857668102e-01 6.099590091735111741e-02 2.717365134426730916e-02 9.176819017895155098e-03 2.349271197336958404e-03 4.559014368481302992e-04 6.706649147027396733e-05 7.478888056784557027e-06 6.322157309257747725e-07 4.051262483868586053e-08 1.967941962006370182e-09 7.246545267573002798e-11 2.022770224902090575e-12
8.207393046313304864e-04 3.353343364786693856e-03 1.038598372722613315e-02 2.438451206948076891e-02 4.339876003802296822e-02 5.855141461377578321e-02 5.988172224068522009e-02 4.642458093840531874e-02 2.728340195243841165e-02 1.215474549913837105e-02 4.104781438498142365e-03 1.050826521262144490e-03 2.039242304015783985e-04 2.999877068465030001e-05 3.345298715843697406e-06 2.827894276186656044e-07 1.812125423181971471e-08 8.802583577090279119e-10 3.241372032026060641e-11 9.047829816991686776e-13
2.782914876746741986e-04 1.137032073893030860e-03 3.521618674900711937e-03 8.268157869063022872e-03 1.471539796627958918e-02 1.985327153991194721e-02 2.030434447679766233e-02 1.574137563671999113e-02 9.251096511797726046e-03 4.121360081300952209e-03 1.391825305127991413e-03 3.563081166454001576e-04 6.914543647554453952e-05 1.017180787508741596e-05 1.134304341335892460e-06 9.588658672319646301e-08 6.144448998905157292e-09 2.984728604108325129e-10 1.099065488650876724e-11 3.067885266112516100e-13
7.153052824668924424e-05 2.922565313031628303e-04 9.051776833128700019e-04 2.125202265232352655e-03 3.782365744218299606e-03 5.102976783591000633e-03 5.218918114469720503e-03 4.046077456528026674e-03 2.377851460277407604e-03 1.059331947856426105e-03 3.577471957004271655e-04 9.158349763117054447e-05 1.777276638344589343e-05 2.614506094341638030e-06 2.915554097835712475e-07 2.464616599448513833e-08 1.579335704261019219e-09 7.671783837472415269e-11 2.824978070217043834e-12 7.885525192268891842e-14
1.393733572598601522e-05 5.694460106371222551e-05 1.763689654365950240e-04 4.140841425638459297e-04 7.369734644463403614e-04 9.942873676193196997e-04 1.016877907527000829e-03 7.883562622450608843e-04 4.633114688335358464e-04 2.064050883508060548e-04 6.970510205532627775e-05 1.784454812137847588e-05 3.462927199577455398e-06 5.094223415882915795e-07 5.680799133577119439e-08 4.802171859249733729e-09 3.077250018119527180e-10 1.494805498867475597e-11 5.504316653076775434e-13 1.536451843349259264e-14
2.058566543759382768e-06 8.410807696834019106e-06 2.604997531402607894e-05 6.116088318041263674e-05 1.088521470225508253e-04 1.468578177425593971e-04 1.501944762383942392e-04 1.164414675751140356e-04 6.843183717691916066e-05 3.048635820320013624e-05 1.029555388788458728e-05 2.635667998058158321e-06 5.114798277574088999e-07 7.524248605721457000e-08 8.390630223820500495e-09 7.092883834607426945e-10 4.545146976887969213e-11 2.207851378408585641e-12 8.129962807134592651e-14 2.269363688297355347e-15
2.304872351945622470e-07 9.417153978691172897e-07 2.916683361642291589e-06 6.847873297584621422e-06 1.218762176441565491e-05 1.644292358719396361e-05 1.681651228357341381e-05 1.303735942116930746e-05 7.661965068852389155e-06 3.413402610038725232e-06 1.152740851447799268e-06 2.951023524621215859e-07 5.726779720334166597e-08 8.424518815321763720e-09 9.394562287486429665e-10 7.941541601124739350e-11 5.088970106075330125e-12 2.472018995317836969e-13 9.102706226970049007e-15 2.540891202921121993e-16
1.956255905348622592e-08 7.992791039747136577e-08 2.475529304444282389e-07 5.812119081636287003e-07 1.034422015981387114e-06 1.395589926769325418e-06 1.427298194381059889e-06 1.106543333572716114e-06 6.503077881889995476e-07 2.897118796007925334e-07 9.783865453884184478e-08 2.504675450677255984e-08 4.860593098388978716e-09 7.150293884293422491e-10 7.973616385977792874e-11 6.740367917406711288e-12 4.319253434468434010e-13 2.098121292332018171e-14 7.725904124856234262e-16 2.156576443969623305e-17
1.258639255730688132e-09 5.142497225425862275e-09 1.592735568371361462e-08 3.739470493163917394e-08 6.655387737087655771e-08 8.979112916319403084e-08 9.183121350176274549e-08 7.119410471778342437e-08 4.184027806812979682e-08 1.863982843553887042e-08 6.294860043298626387e-09 1.611487963547160773e-09 3.127266357657735850e-10 4.600441357481267783e-11 5.130160407996631097e-12 4.336698299910778209e-13 2.778972788380033665e-14 1.349914300370063026e-15 4.970784339088197950e-17 1.387523872997867391e-18
6.138661686161693523e-11 2.508109495646398802e-10 7.768123205462978118e-10 1.823822365177302343e-09 3.245979618241948745e-09 4.379311719713540382e-09 4.478811139493205750e-09 3.472293756306866463e-09 2.040642787405132678e-09 9.091056085601147791e-10 3.070142297851191892e-10 7.859582779177458777e-11 1.525236884577483384e-11 2.243736874725811138e-12 2.502092557263364868e-13 2.115103559411074614e-14 1.355366416965200848e-15 6.583830241710296928e-17 2.424361327807042457e-18 6.767260435446933743e-20
2.269566670210847296e-12 9.272903456123886031e-12 2.872006052549519746e-11 6.742978623048508820e-11 1.200093364055705695e-10 1.619105340164172324e-10 1.655891952357886875e-10 1.283765514600752520e-10 7.544600261228433782e-11 3.361116631563186407e-11 1.135083343608141592e-11 2.905820198170554715e-12 5.639057785537806156e-13 8.295473326181637344e-14 9.250657820985481253e-15 7.819894282991866180e-16 5.011018041280409608e-17 2.434152986895566234e-18 8.963272366911256068e-20 2.501970220569409810e-21
6.360760011956408453e-14 2.598853528852959021e-13 8.049175859397255088e-13 1.889808717669405932e-12 3.363419978312692156e-12 4.537756320639205736e-12 4.640855654484898955e-12 3.597922218888814023e-12 2.114473757378512981e-12 9.419972784312419818e-13 3.181220819386500757e-13 8.143944463522362100e-14 1.580420339184310576e-14 2.324915839926622012e-15 2.592618896123893004e-16 2.191628538868179887e-17 1.404403915272840123e-18 6.822034877958075912e-20 2.512075331209651282e-21 7.012101622300075069e-23
1.351362598395574319e-15 5.521342498378653634e-15 1.710071624122226248e-14 4.014955468182877771e-14 7.145686919243222502e-14 9.640599803825710710e-14 9.859637439920580046e-14 7.643893983428721014e-14 4.492263103212740073e-14 2.001301554326156864e-14 6.758599325356377318e-15 1.730205499142836744e-15 3.357650551353582110e-16 4.939353637912099133e-17 5.508096833601243535e-18 4.656180757386978911e-19 2.983698363988881075e-20 1.449361831242424587e-21 5.336979607103219099e-23 1.489742082819225939e-24
2.176364327553774898e-17 8.892101104429414165e-17 2.754063849865508410e-16 6.466070518781960775e-16 1.150810161933774997e-15 1.552614933562520203e-15 1.587890861589126664e-15 1.231046220229009719e-15 7.234772650527610619e-16 3.223088545357534486e-16 1.088469852088430451e-16 2.786489379047901520e-17 5.407483448952267985e-18 7.954810257060359644e-19 8.870769011658404469e-20 7.498761409447429779e-21 4.805234872768863197e-22 2.334191719512616955e-23 8.595185368880077944e-25 2.399223961172836761e-26
2.656979002483436536e-19 1.085577705134710164e-18 3.362254071135315204e-18 7.893997057143160799e-18 1.404947874485437108e-17 1.895484696744048453e-17 1.938550739902897883e-17 1.502902761649065266e-17 8.832454555896657339e-18 3.934855244473426581e-18 1.328840720839168990e-18 3.401840251211547609e-19 6.601638245142524067e-20 9.711500760309631384e-21 1.082973411273888141e-21 9.154740939872634321e-23 5.866392863229179706e-24 2.849660007746352748e-25 1.049329230333239738e-26 2.929053562579038548e-28
2.458903386943462774e-21 1.004648773457023549e-20 3.111600774997322233e-20 7.305506021006670992e-20 1.300210157408948590e-19 1.754177860030905077e-19 1.794033364830366588e-19 1.390862587702594240e-19 8.174002279362723071e-20 3.641514998321207850e-20 1.229776729934919799e-20 3.148235837666097846e-21 6.109491503389343785e-22 8.987516306869358437e-23 1.002238627577441666e-23 8.472262476520316110e-25 5.429058064460602988e-26 2.637220180564250485e-27 9.711025928596006369e-29 2.710695010699229474e-30
