2.256684610477929280e-21 7.213143964652461904e-21 1.747733266084326202e-20 3.210129291324086629e-20 4.469580006518923571e-20 4.717454567694210977e-20 3.774379427277222879e-20 2.289181385898164441e-20 1.052474724110627901e-20 3.668089832175614890e-21 9.690921392302679779e-22 1.940827771669557788e-22 2.946495244759236206e-23 3.390949409969125496e-24 2.958241981007624380e-25 1.956333540385505935e-26 9.807287910946070174e-28 3.726934572602765374e-29 1.073622072982482980e-30 2.344487460342769262e-32
2.635360580304483017e-19 8.423523241238589067e-19 2.041006232301988593e-18 3.748795092037520173e-18 5.219584032702927220e-18 5.509052416698012793e-18 4.407727474000907667e-18 2.673310376448729571e-18 1.229081984611297237e-18 4.283602282679652722e-19 1.131707643395288366e-19 2.266502363187966651e-20 3.440922751030141458e-21 3.959957170508996661e-22 3.454640611963167621e-23 2.284610029386245804e-24 1.145296947575250421e-25 4.352321282472534423e-27 1.253777898845856381e-28 2.737896915376680195e-30
2.332953288028023171e-17 7.456925017887886578e-17 1.806801026060908618e-16 3.318621330786463293e-16 4.620637427090132080e-16 4.876889350742821375e-16 3.901941305509621319e-16 2.366548349878908144e-16 1.088044982794590679e-16 3.792059464146354367e-17 1.001844334880519031e-17 2.006421504533444059e-18 3.046077301853972926e-19 3.505552587540688481e-20 3.058221039985138714e-21 2.022451318332551827e-22 1.013874268129726679e-23 3.852892967430476406e-25 1.109907044003579420e-26 2.423723591658119270e-28
1.565556912969040036e-15 5.004060977626405224e-15 1.212475985363682494e-14 2.227001540322692682e-14 3.100735408388326100e-14 3.272696404176293419e-14 2.618445562621429703e-14 1.588101291200775508e-14 7.301459284147067274e-15 2.544708005492086948e-15 6.722999265522485180e-16 1.346433755391309999e-16 2.044107527496403793e-17 2.352444052508155713e-18 2.052256731888162855e-19 1.357190758515034910e-20 6.803727607823638416e-22 2.585531073872974615e-23 7.448167326837521648e-25 1.626469438337481447e-26
7.963949486315705428e-14 2.545553503812376886e-13 6.167835497270218683e-13 1.132870202683454598e-12 1.577336471019975859e-12 1.664812606363705973e-12 1.331996813443023013e-12 8.078632183540325112e-13 3.714234368207091854e-13 1.294486699607005586e-13 3.419973180382071817e-14 6.849275376562973252e-15 1.039832468479604047e-15 1.196682499905339399e-16 1.043977948697665728e-17 6.903995986712484342e-19 3.461039489429957099e-20 1.315253294022609013e-21 3.788864388460219687e-23 8.273810003745382528e-25
3.071036319496781226e-12 9.816093480832218679e-12 2.378423777969132129e-11 4.368542949317560616e-11 6.082481561306580003e-11 6.419804630961169186e-11 5.136409514608695551e-11 3.115259946103131624e-11 1.432272851992193767e-11 4.991764044246526713e-12 1.318800661242906778e-12 2.641198751926142542e-13 4.009773394946765156e-14 4.614614176584446352e-15 4.025759081864136825e-16 2.662299963263915298e-17 1.334636538505865318e-18 5.071843615057651146e-20 1.461051475351871073e-21 3.190523880868135375e-23
8.977144751019939798e-11 2.869405728207528898e-10 6.952524266334711930e-10 1.276997024037064902e-09 1.778009497139591027e-09 1.876614583797890106e-09 1.501457062569482756e-09 9.106417692189622066e-10 4.186769343514941125e-10 1.459174810263416814e-10 3.855071448864639114e-11 7.720658776233348953e-12 1.172122776819649162e-12 1.348927694873218598e-13 1.176795656280270472e-14 7.782341090896489696e-16 3.901362325187554914e-17 1.482583387173017149e-18 4.270893997461460560e-20 9.326426564317703640e-22
1.989245218021885389e-09 6.358315234643958708e-09 1.540609629628180499e-08 2.829697296799507833e-08 3.939890675574299605e-08 4.158389655537131677e-08 3.327078224334289494e-08 2.017890804917674308e-08 9.277460848118163895e-09 3.233384994983731710e-09 8.542451589538429346e-10 1.710820531088785607e-10 2.597306485960484522e-11 2.989088447280485866e-12 2.607661118061486804e-13 1.724488713220552235e-14 8.645027527564729225e-16 3.285256053064675813e-17 9.463872641870119252e-19 2.066642563850087921e-20
3.341452077226240850e-08 1.068043570293834068e-07 2.587852518371215316e-07 4.753208817419998726e-07 6.618065868738562822e-07 6.985091443994003780e-07 5.588688786619806342e-07 3.389569752698890469e-07 1.558389611370099491e-07 5.431306764031993932e-08 1.434925787422641643e-08 2.873765770844763235e-09 4.362848317582516731e-10 5.020947498423722138e-11 4.380241601542356647e-12 2.896725019489589909e-13 1.452156070450907284e-14 5.518437628141765983e-16 1.589702295689197840e-17 3.471460946744408344e-19
4.254798235684213799e-07 1.359980569373402648e-06 3.295211206056541155e-06 6.052441879395532032e-06 8.427035411899535202e-06 8.894383060154347916e-06 7.116290355071325901e-06 4.316068305095542531e-06 1.984356865135785018e-06 6.915889829623448634e-07 1.827145674263776678e-07 3.659275443420386867e-08 5.555380982634737468e-09 6.393363742475089052e-10 5.577528513766306075e-11 3.688510329442662051e-12 1.849085650099037423e-13 7.026836878487210297e-15 2.024228499059101422e-16 4.420343482440641721e-18
4.106951020481442106e-06 1.312723489536947696e-05 3.180708056122316104e-05 5.842129514982943763e-05 8.134209842025215387e-05 8.585317930964019440e-05 6.869011012246637035e-05 4.166092056120553581e-05 1.915403739693010617e-05 6.675574074252602015e-06 1.763655378191900046e-06 3.532121662206460939e-07 5.362340663875428889e-08 6.171204906087561541e-09 5.383718604859592900e-10 3.560340684198118740e-11 1.784832976083677163e-12 6.782665896311036670e-14 1.953889900154445064e-15 4.266743843182225755e-17
3.005085935556417199e-05 9.605293260155759231e-05 2.327347221064172890e-04 4.274728661632843014e-04 5.951860509470852448e-04 6.281939579497560671e-04 5.026105322693800613e-04 3.048359861524123793e-04 1.401514848937467170e-04 4.884566108107583096e-05 1.290479469012907818e-05 2.584479112810674085e-06 3.923663669304070473e-07 4.515515518991140699e-08 3.939306064224855938e-09 2.605127176466515960e-10 1.305975271435693840e-11 4.962925973291265823e-13 1.429675452494575735e-14 3.122007506256003603e-16
1.666829153164386924e-04 5.327762058743438275e-04 1.290908240495159710e-03 2.371061097045701598e-03 3.301314779511272442e-03 3.484399532682577304e-03 2.787826723893515636e-03 1.690831874857435689e-03 7.773773725273539024e-04 2.709319255472448281e-04 7.157894471701801845e-05 1.433531427506287695e-05 2.176336095359289341e-06 2.504618193964242455e-07 2.185012452854020483e-08 1.444984276175515288e-09 7.243844942949114791e-11 2.752783073322300475e-12 7.929971970469477980e-14 1.731681968310165483e-15
7.008451931300573728e-04 2.240143461567345538e-03 5.427831841106430313e-03 9.969508688562479792e-03 1.388091028907932276e-02 1.465071965407580869e-02 1.172186696525575299e-02 7.109375244818788749e-03 3.268608505854098730e-03 1.139176965586289518e-03 3.009652143352973294e-04 6.027514027225369349e-05 9.150756021829487656e-06 1.053107103708551277e-06 9.187237165877851107e-08 6.075669376093824120e-09 3.045791404840326367e-10 1.157452028604789979e-11 3.334284576561830513e-13 7.281136049343417403e-15
2.233829025419403671e-03 7.140089615516576581e-03 1.730032313927727661e-02 3.177617267833507397e-02 4.424312331301683693e-02 4.669676431737160294e-02 3.736152707582888338e-02 2.265996675178350364e-02 1.041815314520488575e-02 3.630939608005019290e-03 9.592772241486982165e-04 1.921171168343876275e-04 2.916653293261697351e-05 3.356606049665764084e-06 2.928281059172708950e-07 1.936519895435964359e-08 9.707960206046051805e-10 3.689188371943561645e-11 1.062748484136335092e-12 2.320742612560457513e-14
5.397275411632982897e-03 1.725155760810666988e-02 4.180024864498983750e-02 7.677613350036112394e-02 1.068982088037638972e-01 1.128265838544426081e-01 9.027121106082465485e-02 5.474997414131087953e-02 2.517186461693683014e-02 8.772910032239556594e-03 2.317761706881406921e-03 4.641845812928233105e-04 7.047084143346260055e-05 8.110077849399495551e-06 7.075178618943802841e-07 4.678930704561078352e-08 2.345592895470873531e-09 8.913648028651103897e-11 2.567764227659425627e-12 5.607272041399734326e-14
9.885441019471523372e-03 3.159728607908038334e-02 7.655971968535710270e-02 1.406201984403203376e-01 1.957906272374261847e-01 2.066488098268264018e-01 1.653372608658586762e-01 1.002779363500680837e-01 4.610381424756022223e-02 1.606812290992487915e-02 4.245122752339513215e-03 8.501825366606510304e-04 1.290716692132360126e-04 1.485410510472812698e-05 1.295862367687360376e-06 8.569748620654247833e-08 4.296097281582546194e-09 1.632589318411291754e-10 4.703017705882860223e-12 1.027006272941294402e-13
1.372506273451817686e-02 4.387004412060923481e-02 1.062964164723555621e-01 1.952387396305532152e-01 2.718380127271244340e-01 2.869136413135299768e-01 2.295562002006282798e-01 1.392270678244644788e-01 6.401107867640339066e-02 2.230917108607235674e-02 5.893978425122924948e-03 1.180403446692462758e-03 1.792046256420179841e-04 2.062361446757378293e-05 1.799190572962531359e-06 1.189833991279209064e-07 5.964752061862554499e-09 2.266706237057409168e-10 6.529725171355362580e-12 1.425907604637807579e-13
1.444539582149955391e-02 4.617247762628145374e-02 1.118751760958013181e-01 2.054854632147545268e-01 2.861048994185888539e-01 3.019717429005386866e-01 2.416040086168597667e-01 1.465341283091597668e-01 6.737057500774019936e-02 2.348002431911518084e-02 6.203312360835494185e-03 1.242354614063158162e-03 1.886098300980533742e-04 2.170600455652976681e-05 1.893617573010442297e-06 1.252280102347104189e-07 6.277800413546521098e-09 2.385669882805496037e-10 6.872425032245104930e-12 1.500743577810867278e-13
1.152501168282141046e-02 3.683792058336712860e-02 8.925769341694413106e-02 1.639430579448237224e-01 2.282638945347630899e-01 2.409229838915812605e-01 1.927596208739083827e-01 1.169097449155121760e-01 5.375045956767699612e-02 1.873313531415865887e-02 4.949206537103941449e-03 9.911913538551027619e-04 1.504791230531594796e-04 1.731776402617201055e-05 1.510790352955227586e-06 9.991102347112389871e-08 5.008635554372371679e-09 1.903365862067069217e-10 5.483046623620800948e-12 1.197342563742498527e-13
