5.315172136014706860e-10 2.844192155668131630e-09 1.153711851539935584e-08 3.547583228229121847e-08 8.269222002618886995e-08 1.461145717226278822e-07 1.957127984107933857e-07 1.987200755078329947e-07 1.529540847691726411e-07 8.924363170298358588e-08 3.947209798738899214e-08 1.323427042617172468e-08 3.363617617555530080e-09 6.480522932112948601e-10 9.464775222500085438e-11 1.047869926688531957e-11 8.794299825683097199e-13 5.594895495327708400e-14 2.698233371360153036e-15 9.864245196714821180e-17
7.639141653004120901e-09 4.087767283827401628e-08 1.658152931858090485e-07 5.098704258820805819e-07 1.188480008203617444e-06 2.100007078593126203e-06 2.812849240075394708e-06 2.856070823772485364e-06 2.198306828183739211e-06 1.282639069369424063e-06 5.673060818177207241e-07 1.902073232485976428e-07 4.834302782583632843e-08 9.314022461946365347e-09 1.360308881599717885e-09 1.506033407583808647e-10 1.263945934171655758e-11 8.041169341057182361e-13 3.877990478806568745e-14 1.417722030996547786e-15
8.322783775029917760e-08 4.453589784207980379e-07 1.806544366455061659e-06 5.554997538539143599e-06 1.294839469999176962e-05 2.287940927799079682e-05 3.064576765335719043e-05 3.111666335324747942e-05 2.395037719316295052e-05 1.397425014572060319e-05 6.180754419407249321e-06 2.072293584453637032e-06 5.266934243410257807e-07 1.014755302987043728e-07 1.482045654220194054e-08 1.640811360575091223e-09 1.377058993179166577e-10 8.760789727953304707e-12 4.225039631781050183e-13 1.544596821612848518e-14
6.873682689537982315e-07 3.678163921290091088e-06 1.492002324611620966e-05 4.587802765661223343e-05 1.069391671253875855e-04 1.889581704294782040e-04 2.530995497666009607e-04 2.569886182662836963e-04 1.978031600610189941e-04 1.154115785322899827e-04 5.104607521875968647e-05 1.711481269264186707e-05 4.349894904692965063e-06 8.380736720790066463e-07 1.224002909829498696e-07 1.355125514592831707e-08 1.137295743797476837e-09 7.235426310170893867e-11 3.489407218137286138e-12 1.275663134117343822e-13
4.303354932428991431e-06 2.302760480500154323e-05 9.340866974533694597e-05 2.872251244688544961e-04 6.695060175229253273e-04 1.182996235741438917e-03 1.584561355358211562e-03 1.608909354628146890e-03 1.238371398485142282e-03 7.225486077387265798e-04 3.195803319640228121e-04 1.071494233077975198e-04 2.723306055740607623e-05 5.246864938891271975e-06 7.663023152551498351e-07 8.483932603056194225e-08 7.120182105802626049e-09 4.529829046006372900e-10 2.184586988031848903e-11 7.986448441498651736e-13
2.042310048704244136e-05 1.092856839124338550e-04 4.433040449891962839e-04 1.363128924185592330e-03 3.177378786376906534e-03 5.614329140334985320e-03 7.520099154382016426e-03 7.635651239570503436e-03 5.877131658593136472e-03 3.429111252575986479e-03 1.516682062220606154e-03 5.085156752591212621e-04 1.292441690417770069e-04 2.490086259941200981e-05 3.636760024132042586e-06 4.026351783623677249e-07 3.379135509763073007e-08 2.149791389470482467e-09 1.036773407720675848e-10 3.790252991361917295e-12
7.347388437399453407e-05 3.931647747906608743e-04 1.594824946619897597e-03 4.903975134725665173e-03 1.143089717013126214e-02 2.019803850821955821e-02 2.705421226814189173e-02 2.746992096779302811e-02 2.114349347730932333e-02 1.233652666191320524e-02 5.456395934711773428e-03 1.829429471301742679e-03 4.649671649127597129e-04 8.958302391954150415e-05 1.308356121924652260e-05 1.448515153645182028e-06 1.215673457053755013e-07 7.734061930429129083e-09 3.729882714391541807e-10 1.363576554951576252e-11
2.003738976780693843e-04 1.072217142536274976e-03 4.349318038526815006e-03 1.337384868424230586e-02 3.117370803859532274e-02 5.508296908249690066e-02 7.378074545758112057e-02 7.491444314019966855e-02 5.766136137589072952e-02 3.364349050166576260e-02 1.488038001567728273e-02 4.989118471346326404e-03 1.268032633903688105e-03 2.443058485539872753e-04 3.568076166581386565e-05 3.950310095274646186e-06 3.315317149338715874e-07 2.109190424716625917e-08 1.017192902937385743e-09 3.718670265305698588e-11
4.142343516885109737e-04 2.216601952922100070e-03 8.991375417924446153e-03 2.764785036121841788e-02 6.444562335080925020e-02 1.138734049263528808e-01 1.525274480153069323e-01 1.548711491161596787e-01 1.192037332397175020e-01 6.955142180688037024e-02 3.076231305624490056e-02 1.031403930064645619e-02 2.621412679554111815e-03 5.050551791534499098e-04 7.376308664782899938e-05 8.166503522897580844e-06 6.853778191232106200e-07 4.360344028311686963e-08 2.102849959865498633e-09 7.687632892020351894e-11
6.491542366427959475e-04 3.473677503627437164e-03 1.409054903824247945e-02 4.332745249854850350e-02 1.009939162716331912e-01 1.784530977393897488e-01 2.390285563711652128e-01 2.427014132765409060e-01 1.868063528308932797e-01 1.089953065129117549e-01 4.820818400983240687e-02 1.616331982517385524e-02 4.108063804909431113e-03 7.914812181786073627e-04 1.155954835954663184e-04 1.279787718917547818e-05 1.074068128756721044e-06 6.833174959200651594e-08 3.295414672652030604e-09 1.204743025600676952e-10
7.711635604016199141e-04 4.126559390936192402e-03 1.673888476880401599e-02 5.147089958884201039e-02 1.199758449605430460e-01 2.119935732517310434e-01 2.839542625834801659e-01 2.883174373855784678e-01 2.219168327387540385e-01 1.294811061732530633e-01 5.726897048963653508e-02 1.920123533161183227e-02 4.880179364668002506e-03 9.402410702242464200e-04 1.373217945196570245e-04 1.520325368255725037e-05 1.275940532360275935e-06 8.117478455715538421e-08 3.914791845316823132e-09 1.431175934083077168e-10
6.944515045162830353e-04 3.716066895094199355e-03 1.507377203555456714e-02 4.635079442766000535e-02 1.080411605484443427e-01 1.909053584116137403e-01 2.557077058493428812e-01 2.596368506655302721e-01 1.998414944459456499e-01 1.166008789907278242e-01 5.157209800981039927e-02 1.729117848574763389e-02 4.394719973980624507e-03 8.467099061127480531e-04 1.236616091628949931e-04 1.369089896817228664e-05 1.149015420165124795e-06 7.309986384100325598e-08 3.525365080051866913e-09 1.288808667429613421e-10
4.740609319159167748e-04 2.536738885139729061e-03 1.028997182984076747e-02 3.164094347628328141e-02 7.375330447379255250e-02 1.303197869509832574e-01 1.745565133701548755e-01 1.772387079382145014e-01 1.364199580192474726e-01 7.959651753517578421e-02 3.520521834050758386e-02 1.180366394711408404e-02 3.000015167115099076e-03 5.779987292760429066e-04 8.441646004182474323e-05 9.345966250212426691e-06 7.843648078041803701e-07 4.990094967038857865e-08 2.406558045197569905e-09 8.797933822154562712e-11
2.453145050665997114e-04 1.312698014527859114e-03 5.324799359408857562e-03 1.637338549994964143e-02 3.816546390121790949e-02 6.743718345880375664e-02 9.032856706940348146e-02 9.171653470954764520e-02 7.059386722176409779e-02 4.118917841479053515e-02 1.821780731447198570e-02 6.108096626853748955e-03 1.552431736863029094e-03 2.990996782384616943e-04 4.368337637725364510e-05 4.836300421918454250e-06 4.058888882500643818e-07 2.582247543848620312e-08 1.245332732620956762e-09 4.552707544298024171e-11
9.622969509857271138e-05 5.149329822964336017e-04 2.088762825817735893e-03 6.422799556690666524e-03 1.497119362555715712e-02 2.645363184205271403e-02 3.543325114599250869e-02 3.597771019777788737e-02 2.769190642328801799e-02 1.615730826491461325e-02 7.146312211584252873e-03 2.396027401132201032e-03 6.089734997900740849e-04 1.173280431711707793e-04 1.713570907076239337e-05 1.897139000728727675e-06 1.592183224126862245e-07 1.012940077661247035e-08 4.885075553272017011e-10 1.785893821247262147e-11
2.861487221205212284e-05 1.531205255414124151e-04 6.211147326283677789e-04 1.909884348797590784e-03 4.451835704336147906e-03 7.866254734877967114e-03 1.053643527147747269e-02 1.069833567213419531e-02 8.234468194030931942e-03 4.804538877709925264e-03 2.125028147625750759e-03 7.124829589217953349e-04 1.810844236716028220e-04 3.488867920441925818e-05 5.095476243798687768e-06 5.641334519323233761e-07 4.734517702658601331e-08 3.012079675722945623e-09 1.452626578104700132e-10 5.310535737116963749e-12
6.450172528272034761e-06 3.451540164298937233e-05 1.400075162179875352e-04 4.305133172533388234e-04 1.003502938880686604e-03 1.773158370769495557e-03 2.375052554153152945e-03 2.411547056343954238e-03 1.856158578534469359e-03 1.083006922077638275e-03 4.790095890712153847e-04 1.606031288360508166e-04 4.081883596085370968e-05 7.864372012021727398e-06 1.148588071358576503e-06 1.271631781881785823e-07 1.067223218541714571e-08 6.789627936598556784e-10 3.274413381438208260e-11 1.197065339593982681e-12
1.102167678722318010e-06 5.897789546291911774e-06 2.392366382097315341e-05 7.356359251731095907e-05 1.714727009067228125e-04 3.029869103426312900e-04 4.058350608422814148e-04 4.120710274911514644e-04 3.171694994012681269e-04 1.850578756017068089e-04 8.185035122057233038e-05 2.744292139921905425e-05 6.974883459617098388e-06 1.343817798222650371e-06 1.962639980355012245e-07 2.172889861601335274e-08 1.823608488459758853e-09 1.160171829430703666e-10 5.595125680713926319e-12 2.045475095179662064e-13
1.427646978097445263e-07 7.639455942837253457e-07 3.098852109202201917e-06 9.528753435872660673e-06 2.221100182863969188e-05 3.924614696152045070e-05 5.256815359429970917e-05 5.337590355046752870e-05 4.108322953997462624e-05 2.397070082677245522e-05 1.060214419567504631e-05 3.554704475745344380e-06 9.034624663687818565e-07 1.740658391443796412e-07 2.542223920316018836e-08 2.814562343408430315e-09 2.362135270379627609e-10 1.502780237831507898e-11 7.247412915797488241e-13 2.649520934774705761e-14
1.401815343115117796e-08 7.501228747734769957e-08 3.042781933747620301e-07 9.356341569095844336e-07 2.180911921996157431e-06 3.853603293590622334e-06 5.161699313504352646e-06 5.241012778200335855e-06 4.033987561169043133e-06 2.353697848257435589e-06 1.041031055395946147e-06 3.490386174445208458e-07 8.871153490424992777e-08 1.709163173867934116e-08 2.496225293652402015e-09 2.763636065270104072e-10 2.319395141328498203e-11 1.475589152669793979e-12 7.116279289712573983e-14 2.601580891672212951e-15
