1.604902872309414274e-07 2.337983957291703360e-06 2.581850663703758248e-05 2.161312324941162117e-04 1.371515628543884492e-03 6.597521451142587118e-03 2.405789807171463540e-02 6.650148900978329614e-02 1.393483651699150838e-01 2.213447399235088375e-01 2.665221776326603398e-01 2.432732290417583265e-01 1.683263498193722507e-01 8.828902306433523972e-02 3.510412369558325862e-02 1.058050460499857653e-02 2.417416289912469821e-03 4.186907125996364620e-04 5.497079654277674206e-05 5.471010547769146618e-06
1.888915599285740397e-07 2.751726876439087832e-06 3.038749620205077751e-05 2.543790428660165615e-04 1.614226823392006342e-03 7.765056316307042406e-03 2.831532034601964842e-02 7.826997018551734575e-02 1.640082432687378355e-01 2.605151621790818273e-01 3.136874558405539082e-01 2.863242412697218908e-01 1.981143366558456576e-01 1.039131500038647099e-01 4.131634879089404050e-02 1.245289078954513184e-02 2.845216005758868880e-03 4.927845989629721195e-04 6.469874089352052149e-05 6.439191645702025336e-06
1.685284286389637535e-07 2.455081670696350664e-06 2.711162418871743504e-05 2.269561455742330610e-04 1.440207863792270122e-03 6.927957711689837483e-03 2.526283570387156258e-02 6.983221002553856305e-02 1.463276153384984457e-01 2.324307710480398859e-01 2.798709166071420840e-01 2.554575465450976690e-01 1.767569597079159394e-01 9.271097073738090999e-02 3.686231053129983976e-02 1.111042821377641703e-02 2.538492364456547239e-03 4.396607987784890742e-04 5.772400387729061734e-05 5.745025612397129913e-06
1.139805134784171791e-07 1.660440744136407254e-06 1.833635352338077473e-05 1.534968207948545914e-04 9.740530612930922445e-04 4.685572539377486079e-03 1.708596590321756134e-02 4.722948656392628869e-02 9.896547939745212186e-02 1.571994638898264463e-01 1.892845678333349713e-01 1.727731194214373045e-01 1.195457003373149724e-01 6.270303553572698085e-02 2.493101678031673860e-02 7.514294905604681878e-03 1.716853740929637044e-03 2.973549567026409902e-04 3.904036639455480453e-05 3.885522309416990759e-06
5.843659013225482186e-08 8.512902095529557724e-07 9.400852326997317056e-06 7.869617822954949333e-05 4.993865861170264332e-04 2.402242924360904405e-03 8.759791968203985146e-03 2.421405259782060879e-02 5.073854275876811537e-02 8.059448374111274904e-02 9.704417335277280843e-02 8.857893035736692788e-02 6.128980190993642274e-02 3.214717565159338347e-02 1.278186564274079971e-02 3.852498625695862516e-03 8.802125496191153106e-04 1.524507058122431704e-04 2.001557827727844612e-05 1.992065728745179497e-06
2.271098355157028450e-08 3.308481535800383666e-07 3.653577357713276252e-06 3.058473475775639808e-05 1.940832022797732588e-04 9.336153841037167674e-04 3.404433606663312580e-03 9.410626955155326420e-03 1.971918976478725591e-02 3.132249829172367717e-02 3.771555834798868273e-02 3.442559919750445147e-02 2.381986491520593149e-02 1.249378130723258380e-02 4.967585201560875685e-03 1.497247404795653755e-03 3.420886244567415734e-04 5.924893058084284512e-05 7.778918448212647805e-06 7.742028050710439834e-07
6.690889209192066471e-09 9.747126695958304422e-08 1.076381446103512520e-06 9.010577251839249909e-06 5.717890644720193948e-05 2.750526891471140713e-04 1.002981136000140414e-03 2.772467436428020272e-03 5.809476005811450329e-03 9.227929972699977154e-03 1.111139118198885972e-02 1.014213539750586160e-02 7.017577057535449164e-03 3.680796401474583247e-03 1.463501664090979988e-03 4.411044762324013843e-04 1.007828252249655762e-04 1.745534399156934801e-05 2.291749337325929961e-06 2.280881047011252263e-07
1.494268199514428122e-09 2.176814023224179807e-08 2.403869672883204397e-07 2.012321326169036703e-06 1.276969606217428996e-05 6.142718459884480243e-05 2.239945647551434859e-04 6.191718013731573522e-04 1.297423254206651411e-03 2.060862446594992434e-03 2.481493561842409382e-03 2.265030839076262806e-03 1.567227001802867998e-03 8.220278111995139424e-04 3.268420576420904135e-04 9.851132949444478244e-05 2.250770653682238141e-05 3.898280874588988897e-06 5.118136093659675108e-07 5.093864072269747867e-08
2.529706221360806881e-10 3.685215263956678870e-09 4.069606827482031397e-08 3.406739017695121829e-07 2.161832767629404939e-06 1.039925303174303095e-05 3.792093308257679651e-05 1.048220633038860931e-04 2.196459563933225311e-04 3.488916216121255875e-04 4.201019404481352013e-04 3.834561029303346752e-04 2.653221087107177469e-04 1.391643661291030803e-04 5.533239527470651213e-05 1.667737580024800624e-05 3.810419392801446072e-06 6.599555142955028169e-07 8.664696687053557441e-08 8.623605614155781711e-09
3.246447940691935075e-11 4.729347385738300515e-10 5.222648619410780232e-09 4.371970458499234853e-08 2.774344893224584500e-07 1.334567362192578319e-06 4.866507188681552504e-06 1.345213008050093548e-05 2.818782500486674615e-05 4.477430924362680166e-05 5.391294324741322924e-05 4.921007290065029045e-05 3.404958276066544708e-05 1.785938090449463826e-05 7.100972404475184342e-06 2.140257705249896175e-06 4.890025603162118717e-07 8.469407246745036565e-08 1.111966538994932926e-08 1.106693198246371743e-09
3.158228996775752352e-12 4.600832147113015105e-11 5.080728417988586350e-10 4.253166576925418231e-09 2.698954872805119562e-08 1.298301842021468987e-07 4.734264770940991170e-07 1.308658203204774410e-06 2.742184932971289033e-06 4.355761261142786729e-06 5.244791346606831246e-06 4.787283887113797595e-06 3.312431973880034283e-06 1.737407026616804683e-06 6.908010651277565671e-07 2.082098363743448580e-07 4.757144096261363453e-08 8.239259658810953591e-09 1.081749971370146912e-09 1.076619928330422786e-10
2.329032826075882922e-13 3.392879081545663404e-12 3.746778108222215950e-11 3.136493453305927361e-10 1.990341581081655678e-09 9.574313994677972289e-09 3.491278837004192207e-08 9.650686877009305638e-08 2.022221545866676705e-07 3.212151800932739968e-07 3.867766151421152701e-07 3.530377731385214504e-07 2.442749657857602919e-07 1.281249080220749240e-07 5.094305570030732193e-08 1.535441363253902465e-08 3.508151172659408592e-09 6.076033823869050476e-10 7.977354382787993832e-11 7.939522931519271075e-12
1.301980327090705916e-14 1.896693669111089901e-13 2.094530971080662878e-12 1.753368491217675542e-11 1.112644507945847290e-10 5.352251083323206024e-10 1.951701286162755822e-09 5.394945196177820474e-09 1.130466106041730217e-08 1.795663163532908078e-08 2.162165935386263213e-08 1.973558423909010264e-08 1.365550525063544538e-08 7.162462795172844599e-09 2.847828316590895915e-09 8.583453294328027902e-10 1.961133291091675339e-10 3.396635898320083267e-11 4.459515706406102583e-12 4.438367097101114687e-13
5.517343890731638636e-16 8.037534062625198467e-15 8.875900362536740149e-14 7.430171356611620109e-13 4.715003944943211323e-12 2.268099540506941734e-11 8.270637384978679755e-11 2.286191834056029289e-10 4.790525735350834103e-10 7.609401600766213782e-10 9.162514030459973213e-10 8.363260401551167187e-10 5.786732479883190121e-10 3.035204873935582981e-10 1.206811488427404815e-10 3.637371672171340984e-11 8.310606971069283508e-12 1.439377226575442909e-12 1.889789056439970458e-13 1.880827004716265175e-14
1.772362306844958993e-17 2.581934839426927603e-16 2.851247185860192912e-15 2.386828863065696713e-14 1.514622875452928092e-13 7.285922743586307183e-13 2.656815715138456880e-12 7.344041468403591579e-12 1.538883095101148691e-11 2.444403836690206093e-11 2.943317441351627903e-11 2.686569442035028705e-11 1.858899269333081500e-11 9.750131256368281066e-12 3.876697258529144375e-12 1.168449996124348571e-12 2.669655333115891146e-13 4.623779108637434370e-14 6.070658196870436785e-15 6.041868976945636960e-16
4.315903999632187979e-19 6.287305285852683314e-18 6.943111510478817568e-17 5.812200020706011237e-16 3.688279140701412723e-15 1.774205137889225488e-14 6.469648743356386010e-14 1.788357709060690154e-13 3.747355537557368133e-13 5.952401636360455205e-13 7.167313064747938674e-13 6.542102455794830304e-13 4.526631355475904697e-13 2.374267965628754298e-13 9.440199184349211833e-14 2.845308767946185868e-14 6.500914674914819694e-15 1.125942854421679354e-15 1.478274385044511878e-16 1.471263882229152358e-17
7.966872484872993763e-21 1.160594848498138261e-19 1.281652327228611613e-18 1.072893568195381574e-17 6.808318629211695795e-17 3.275064991430422647e-16 1.194254241165506741e-15 3.301189698992455374e-15 6.917369738934539884e-15 1.098773856408171227e-14 1.323038446890324295e-14 1.207628715854979141e-14 8.355861205017007682e-15 4.382741165858909077e-15 1.742598147222956087e-15 5.252251240122641517e-16 1.200025724726490661e-16 2.078415819071949872e-17 2.728796452448282622e-18 2.715855529297635148e-19
1.114809794228799917e-22 1.624028132361705217e-21 1.793424671856510296e-20 1.501307144378580706e-19 9.526925784850933667e-19 4.582820342756780233e-18 1.671127945600367252e-17 4.619376820743362677e-17 9.679521731907202819e-17 1.537521604735354661e-16 1.851336545846712862e-16 1.689842937468003088e-16 1.169241245953989181e-16 6.132799020627459826e-17 2.438429240103614714e-17 7.349510281928936438e-18 1.679204021140977933e-18 2.908341153923260294e-19 3.818423123279907057e-20 3.800314802979692426e-21
1.182525472451446017e-24 1.722674705978871980e-23 1.902360715139124330e-22 1.592499410564604784e-21 1.010560947083727402e-20 4.861189611926139362e-20 1.772635451920249074e-19 4.899966600275214365e-19 1.026747438745447998e-18 1.630913606479158543e-18 1.963790267072857087e-18 1.792487228173713620e-18 1.240263194617831301e-18 6.505316957978605575e-19 2.586544093997389518e-19 7.795933587430491022e-20 1.781202083729239401e-20 3.084999355851764947e-21 4.050361443944557372e-22 4.031153189649398922e-23
9.508610392272962254e-27 1.385191523851004529e-25 1.529675874831222227e-24 1.280518415691456629e-23 8.125854831308997473e-23 3.908850941447112014e-22 1.425364634632209333e-21 3.940031265506659691e-21 8.256009357714259703e-21 1.311407020714629332e-20 1.579070977898124486e-20 1.441327318767668679e-20 9.972875659962578200e-21 5.230883044187845193e-21 2.079823278670698397e-21 6.268659479549188191e-22 1.432253007537773368e-22 2.480627911921105081e-23 3.256869286588182485e-24 3.241424054272827807e-25
