8.963524743358879894e-16 3.676045494134931453e-15 1.142825053903421749e-14 2.693242427503418760e-14 4.811361198897225082e-14 6.515643213890976779e-14 6.688726650926331214e-14 5.205068152166878169e-14 3.070479569815112686e-14 1.373038842058580311e-14 4.654320156917369263e-15 1.195987123335663096e-15 2.329665526730765722e-16 3.439992233742418953e-17 3.850509244057056430e-18 3.267199831691199456e-19 2.101503149096794355e-20 1.024663371089625001e-21 3.787295550011140617e-23 1.061143218449636639e-24
4.325876582030145355e-14 1.774092176109362757e-13 5.515375122605619779e-13 1.299782694915755049e-12 2.322005609837659028e-12 3.144507233799700747e-12 3.228038836427703902e-12 2.512012079178136432e-12 1.481840687337453020e-12 6.626407293045825837e-13 2.246216209421087782e-13 5.771939987202623808e-14 1.124317256279601450e-14 1.660170777945064844e-15 1.858289929985210565e-16 1.576779631383002464e-17 1.014204068156987615e-18 4.945116355867448367e-20 1.827782440290439076e-21 5.121171336390216407e-23
1.582582092884966690e-12 6.490352777749302073e-12 2.017749175008261112e-11 4.755135239318540692e-11 8.494843595336556361e-11 1.150389000886195257e-10 1.180948268124240562e-10 9.189964757969022546e-11 5.421177631443258325e-11 2.424210058534580985e-11 8.217575056451276289e-12 2.111611066968230481e-12 4.113211097840923526e-13 6.073581838235730612e-14 6.798382503096940301e-15 5.768503011432216030e-16 3.710372143911404702e-17 1.809125259037246254e-18 6.686773662728314426e-20 1.873533351652715856e-21
4.388894983582011716e-11 1.799936753739827002e-10 5.595721872586736096e-10 1.318717638214560017e-09 2.355832067701550909e-09 3.190315711176404602e-09 3.275064183490091797e-09 2.548606508747945423e-09 1.503427810709960654e-09 6.722939310943435033e-10 2.278938584267755056e-10 5.856024316690384526e-11 1.140696058352283285e-11 1.684355774152259717e-12 1.885361081643596279e-13 1.599749804037042115e-14 1.028978765957695316e-15 5.017155703806614694e-17 1.854409165669095252e-18 5.195775413869721128e-20
9.226584226825283108e-10 3.783929240381347744e-09 1.176364423401452811e-08 2.772283093102491784e-08 4.952563931972721411e-08 6.706862827533192783e-08 6.885025877873205574e-08 5.357825307272713855e-08 3.160591305182179399e-08 1.413334473399236251e-08 4.790914085245962829e-09 1.231086681144125444e-09 2.398036020220542767e-10 3.540948342644464373e-11 3.963513112716506569e-12 3.363084868517028930e-13 2.163177585072880551e-14 1.054734958421991613e-15 3.898444237569436966e-17 1.092285408037063274e-18
1.470359498504914763e-08 6.030114897872224414e-08 1.874668415883242029e-07 4.417943497049076883e-07 7.892465120685932076e-07 1.068813682420168909e-06 1.097205959227052444e-06 8.538294495783439084e-07 5.036756108458241034e-07 2.252306722010007215e-07 7.634857991413187887e-08 1.961874460366787087e-08 3.821538885253792986e-09 5.642897632891369727e-10 6.316301904867304826e-11 5.359452273058214766e-12 3.447265673809648162e-13 1.680838245655495050e-14 6.212607367129947194e-16 1.740679091311161071e-17
1.776245258525727560e-07 7.284587889289640060e-07 2.264664450024917274e-06 5.337028935472792967e-06 9.534371534956431496e-06 1.291163989199000548e-05 1.325462844076502909e-05 1.031455581403921457e-05 6.084576027220830503e-06 2.720864618335736169e-06 9.223173190334991790e-07 2.370012375607872206e-07 4.616551484249859644e-08 6.816816006535182622e-09 7.630311717199460405e-10 6.474404183462868959e-11 4.164416466999426847e-12 2.030510883379243426e-13 7.505045120031704355e-15 2.102800699896989797e-16
1.626593944841934731e-06 6.670850488981488328e-06 2.073863090599748944e-05 4.887376283324495400e-05 8.731086505196590714e-05 1.182381496332437994e-04 1.213790621503059431e-04 9.445539094514249971e-05 5.571941417044143211e-05 2.491627713952576856e-05 8.446107085504174006e-06 2.170335296243872141e-06 4.227600132520257092e-07 6.242489085395131664e-08 6.987446568473581821e-09 5.928925969390516528e-10 3.813558165184638093e-11 1.859437311366361153e-12 6.872733869049884931e-14 1.925636602965925793e-15
1.129151433719687252e-05 4.630781036440599283e-05 1.439637402754876826e-04 3.392726227060763192e-04 6.060958776181457619e-04 8.207873673826696559e-04 8.425910011849180054e-04 6.556918550353121053e-04 3.867938682305185351e-04 1.729641878003339382e-04 5.863131333538698257e-05 1.506606623722770604e-05 2.934721825300212524e-06 4.333420472334522877e-07 4.850556179586882873e-08 4.115750756348564270e-09 2.647301549010817022e-10 1.290786992475393595e-11 4.770924745183209301e-13 1.336741316391278740e-14
5.941854990672789348e-05 2.436823670448282086e-04 7.575703692939598317e-04 1.785330706071791649e-03 3.189416147122049825e-03 4.319172229271254354e-03 4.433907973701840463e-03 3.450401606762923401e-03 2.035398448493390758e-03 9.101774056146787499e-04 3.085314789035234094e-04 7.928111162785089934e-05 1.544318237851641739e-05 2.280345690692947004e-06 2.552474414195538359e-07 2.165802871224630176e-08 1.393071066560825623e-09 6.792418540239328126e-11 2.510570518774947060e-12 7.034240780151908923e-14
2.370220372431047946e-04 9.720548745779358703e-04 3.021966583952835801e-03 7.121727503785692422e-03 1.272265839529224118e-02 1.722928281812206516e-02 1.768696648647531677e-02 1.376373572605866895e-02 8.119253795669165857e-03 3.630719754522446826e-03 1.230739555208514371e-03 3.162542778716230887e-04 6.160322920398833514e-05 9.096354287928827255e-06 1.018188236860732164e-06 8.639440201930986469e-08 5.556994284427756265e-09 2.709512236065308760e-10 1.001472671306540117e-11 2.805975714296844574e-13
7.167244564164446411e-04 2.939370151789941904e-03 9.138042109437924734e-03 2.153519703596815105e-02 3.847169878632546863e-02 5.209915713279505978e-02 5.348313426094167961e-02 4.161978405577968637e-02 2.455158950996411821e-02 1.097883417393607369e-02 3.721599683122711090e-03 9.563126620350066373e-04 1.862803200845013967e-04 2.750621696707591490e-05 3.078871564356428549e-06 2.612456695796750435e-07 1.680364304577607399e-08 8.193219951762561771e-10 3.028325822809061226e-11 8.484913225534506790e-13
1.642905337796454063e-03 6.737745403973447421e-03 2.094659673491207699e-02 4.936386618895159673e-02 8.818641351541478546e-02 1.194238351738785980e-01 1.225962445857030209e-01 9.540258431400074068e-02 5.627816533425326895e-02 2.516613617083187510e-02 8.530804174193390085e-03 2.192099297009004067e-03 4.269994269812356423e-04 6.305088416229398529e-05 7.057516291214480278e-06 5.988380906863799015e-07 3.851800312823586368e-08 1.878083644556134672e-09 6.941653259267362209e-11 1.944946778943278087e-12
2.854760485338038879e-03 1.170770396627345000e-02 3.639742064587916937e-02 8.577610125045001532e-02 1.532352977714147579e-01 2.075143575339397917e-01 2.130268291437391881e-01 1.657743277309154939e-01 9.779059017425391354e-02 4.372941608765293364e-02 1.482337545832560118e-02 3.809056011365833088e-03 7.419667240493443968e-04 1.095590649876159416e-04 1.226334723570341121e-05 1.040558624454693301e-06 6.693001159281511069e-08 3.263413206648640560e-09 1.206202023425990744e-10 3.379596549403055383e-12
3.760309849887961530e-03 1.542146697422057226e-02 4.794292903665733213e-02 1.129848616280189344e-01 2.018425722647396170e-01 2.733393174789047753e-01 2.806003824256902979e-01 2.183590674687733713e-01 1.288104278265086167e-01 5.760068310066274871e-02 1.952545056960493242e-02 5.017314381321152754e-03 9.773235951181661121e-04 1.443119425721855261e-04 1.615336405272944597e-05 1.370630869041026584e-06 8.816066466457934044e-08 4.298589982676699030e-09 1.588817476260699014e-10 4.451627468797220419e-12
3.754692777644797527e-03 1.539843070924565467e-02 4.787131289152610908e-02 1.128160872037071438e-01 2.015410640498802863e-01 2.729310089207090395e-01 2.801812274404721914e-01 2.180328872586613509e-01 1.286180135022485238e-01 5.751464040440945613e-02 1.949628385973044276e-02 5.009819621987055167e-03 9.758636895630717813e-04 1.440963724092630656e-04 1.612923449519921280e-05 1.368583449302371817e-06 8.802897210673297195e-08 4.292168838824098114e-09 1.586444133929444104e-10 4.444977720747156508e-12
2.841986441354871391e-03 1.165531612982441574e-02 3.623455505537090393e-02 8.539228352013417123e-02 1.525496239842235591e-01 2.065858041425462088e-01 2.120736093906101516e-01 1.650325462173382329e-01 9.735301185325588580e-02 4.353374240948245516e-02 1.475704609337321303e-02 3.792011832257485664e-03 7.386466852524886792e-04 1.090688269021112845e-04 1.220847309204959070e-05 1.035902492458992376e-06 6.663052345142061058e-08 3.248810586200770215e-09 1.200804695776627115e-10 3.364474049568427822e-12
1.630671254231006893e-03 6.687572007844927967e-03 2.079061549304066919e-02 4.899627248152641640e-02 8.752972324394014958e-02 1.185345318490850230e-01 1.216833175493326619e-01 9.469215799666791389e-02 5.585908350295750585e-02 2.497873364321799225e-02 8.467278559694179849e-03 2.175775577457799911e-03 4.238197266345966521e-04 6.258136850124468515e-05 7.004961684393956064e-06 5.943787739655170295e-07 3.823117438758723776e-08 1.864098278679109188e-09 6.889961439840838778e-11 1.930463509045417339e-12
7.092635617763417156e-04 2.908772157240660169e-03 9.042917729650157277e-03 2.131102185302189214e-02 3.807121951050212311e-02 5.155681995045663379e-02 5.292639027631684812e-02 4.118653412129778119e-02 2.429601455233428714e-02 1.086454768027790042e-02 3.682858905017763647e-03 9.463577233545079036e-04 1.843411957400859261e-04 2.721988519075386177e-05 3.046821400382781294e-06 2.585261775929464906e-07 1.662872197365122726e-08 8.107930897822723748e-10 2.996801825410040455e-11 8.396587728839913938e-13
2.338544838206965877e-04 9.590643704857789147e-04 2.981581138334607299e-03 7.026553010348450881e-03 1.255263327606332378e-02 1.699903134281216185e-02 1.745059854416118605e-02 1.357979768927821372e-02 8.010748399095025951e-03 3.582198954861750845e-03 1.214291998957887486e-03 3.120278678218431812e-04 6.077996600970420353e-05 8.974790957821196055e-06 1.004581208282978356e-06 8.523983054158465392e-08 5.482730825769318504e-09 2.673302418378176119e-10 9.880890289062695720e-12 2.768476762383359741e-13
