1.212210947350618975e-05 5.141399150485879727e-05 1.653031998799334319e-04 4.028821435366739434e-04 7.443404095020913266e-04 1.042466228130119535e-03 1.106749185907933333e-03 8.907036815625752170e-04 5.433930794361336485e-04 2.512995888521842654e-04 8.809804530276076540e-05 2.341194991563871891e-05 4.716346666887207441e-06 7.202291129725857221e-07 8.337434680910323583e-08 7.316292097364620373e-09 4.866833031585855873e-10 2.454136289055050033e-11 9.380969568875246894e-13 2.718276285762641402e-14
6.124708878110436715e-05 2.597697462781806089e-04 8.351961992237782800e-04 2.035566372952019032e-03 3.760787942377172635e-03 5.267071854542580700e-03 5.591862191631575586e-03 4.500289952136581582e-03 2.745499391174558226e-03 1.269693881475314739e-03 4.451163235155375592e-04 1.182891293100283615e-04 2.382939237272505166e-05 3.638965356762209713e-06 4.212497859588088487e-07 3.696564468545222154e-08 2.458972635248228311e-09 1.239955005398986129e-10 4.739744986575806417e-12 1.373412023456348962e-13
2.345792096012457614e-04 9.949302566533005984e-04 3.198840437560883463e-03 7.796314247107117255e-03 1.440399340699608129e-02 2.017313111758461952e-02 2.141709327279426103e-02 1.723632063103572656e-02 1.051539085301182556e-02 4.862986846876974495e-03 1.704816301131698844e-03 4.530528880668476649e-04 9.126768535970558463e-05 1.393740721630754462e-05 1.613406347982983776e-06 1.415801450368544543e-07 9.417980000146236206e-09 4.749085563024173206e-10 1.815344459287085147e-11 5.260232173167933214e-13
6.810678914185589123e-04 2.888640699059591942e-03 9.287385337760314941e-03 2.263550684708897157e-02 4.181997814037119454e-02 5.856986174059697348e-02 6.218153168992147928e-02 5.004324367853685285e-02 3.052996507182679370e-02 1.411900143848511362e-02 4.949695437381114449e-03 1.315375628135537862e-03 2.649829459663125301e-04 4.046531046288424178e-05 4.684299436808464417e-06 4.110581283434945332e-07 2.734378631007068200e-08 1.378830500824575653e-09 5.270598469432523428e-11 1.527234762467422159e-12
1.498953336508824629e-03 6.357571203088096048e-03 2.044048385614380750e-02 4.981818837670105166e-02 9.204103813449475424e-02 1.289056359595343038e-01 1.368545127001961903e-01 1.101395147632456550e-01 6.719299732746968068e-02 3.107432398598235224e-02 1.089371938399788520e-02 2.894992865468136271e-03 5.831974697072296338e-04 8.905956791601123113e-05 1.030961282785722909e-05 9.046924113485861334e-07 6.018057852778098098e-08 3.034649857573381153e-09 1.159999063338446515e-10 3.361270839041678418e-12
2.500821184195464297e-03 1.060683368686050725e-02 3.410245922778856742e-02 8.311558326483019232e-02 1.535592685748239372e-01 2.150633627599214670e-01 2.283250960370259153e-01 1.837543738209039546e-01 1.121033370775222776e-01 5.184372709673101126e-02 1.817484477110824920e-02 4.829943207518135224e-03 9.729939893992464641e-04 1.485850484301213105e-04 1.720033408165197878e-05 1.509369166054825757e-06 1.004039698860415379e-07 5.062943899315033133e-09 1.935317238093760367e-10 5.607871249462615662e-12
3.162816424085927117e-03 1.341458078024991910e-02 4.312976026795366929e-02 1.051172045041904729e-01 1.942081184326349963e-01 2.719930318308854122e-01 2.887652937126028441e-01 2.323962045712401892e-01 1.417783398286807661e-01 6.556733947378198812e-02 2.298592874634754896e-02 6.108483005775209793e-03 1.230556342715423369e-03 1.879171667763909390e-04 2.175345421616587966e-05 1.908916006700762521e-06 1.269820197485100531e-07 6.403161577556300900e-09 2.447617280732832964e-10 7.092337270673628192e-12
3.032230072476186852e-03 1.286071962374182864e-02 4.134901890202927199e-02 1.007771257936201925e-01 1.861896544313801916e-01 2.607629846426952613e-01 2.768427534442903792e-01 2.228010310253457915e-01 1.359245963124524059e-01 6.286019542917840874e-02 2.203688581407729080e-02 5.856275984362376529e-03 1.179749137459471008e-03 1.801584435614449306e-04 2.085529768726787482e-05 1.830100690406668801e-06 1.217391866353658877e-07 6.138787868474379799e-09 2.346560068435014309e-10 6.799508878386903267e-12
2.203672922051346135e-03 9.346526785743044380e-03 3.005039562627278768e-02 7.323976676090671045e-02 1.353133139733915247e-01 1.895094747415184966e-01 2.011954452167022955e-01 1.619206284946348995e-01 9.878318767873243977e-02 4.568364115886993509e-02 1.601530470778646936e-02 4.256048024832164225e-03 8.573825754949483116e-04 1.309301320368029813e-04 1.515658564695313197e-05 1.330025505875698506e-06 8.847394252040796701e-08 4.461363510232298900e-09 1.705362310635750489e-10 4.941542442494401184e-12
1.214028659719983529e-03 5.149108687222946415e-03 1.655510723082215599e-02 4.034862659934978363e-02 7.454565492072524890e-02 1.044029408005418963e-01 1.108408758187333920e-01 8.920392932421704335e-02 5.442078982794022746e-02 2.516764130114374637e-02 8.823014847095411728e-03 2.344705617420335658e-03 4.723418836704964597e-04 7.213090977477500814e-05 8.349936678340204587e-06 7.327262889760398291e-07 4.874130855962442948e-08 2.457816270578454669e-09 9.395036348637660910e-11 2.722352345658633584e-12
5.069995370626629531e-04 2.150357571714577899e-03 6.913701447530508706e-03 1.685029001844398980e-02 3.113156533187450004e-02 4.360048853052955753e-02 4.628908245105153169e-02 3.725311631603490936e-02 2.272707075606774513e-02 1.051044585025045358e-02 3.684644845209941906e-03 9.791899499757483402e-04 1.972582067473459830e-04 3.012312565352007594e-05 3.487079152972774362e-06 3.059992746713080485e-07 2.035522034649313062e-08 1.026426931021359725e-09 3.923530998473164050e-11 1.136901808635006028e-12
1.605029450674386432e-04 6.807476101612264414e-04 2.188699125988572552e-03 5.334366159128189032e-03 9.855448683985013753e-03 1.380278738728740913e-02 1.465392670949324481e-02 1.179337345415455533e-02 7.194802997727563036e-03 3.327335410818211322e-03 1.166463292274483223e-03 3.099862214117189794e-04 6.244684818668316589e-05 9.536202754814197607e-06 1.103919102131695597e-06 9.687145881392552773e-08 6.443936481750668639e-09 3.249402283085301681e-10 1.242088472046272388e-11 3.599137182562409322e-13
3.851724960781564226e-05 1.633647632414895578e-04 5.252406459999111763e-04 1.280132976776810708e-03 2.365095399330960878e-03 3.312371663064355310e-03 3.516626766985683425e-03 2.830155601574761790e-03 1.726597744521718653e-03 7.984888283112803265e-04 2.799260647087370695e-04 7.439001608401644050e-05 1.498589846944688041e-05 2.288483252837415741e-06 2.649168062665551012e-07 2.324706351924848462e-08 1.546405954234751135e-09 7.797865563227831733e-11 2.980744788994056628e-12 8.637153989621758799e-14
7.006874674336576188e-06 2.971853997600893313e-05 9.554927773560906363e-05 2.328756966317878548e-04 4.302468952144339548e-04 6.025708832856608394e-04 6.397279993659310288e-04 5.148484331311683430e-04 3.140944416343016167e-04 1.452572861718484881e-04 5.092281700966406273e-05 1.353267756732088963e-05 2.726163304153463016e-06 4.163099782622113571e-07 4.819240417048371964e-08 4.228995119959548337e-09 2.813148090088988215e-10 1.418550578901548111e-11 5.422429011760268478e-13 1.571229933716386781e-14
9.662516552000287708e-07 4.098202091029364156e-06 1.317629500401204019e-05 3.211367946261001866e-05 5.933127021213365897e-05 8.309483762890903819e-05 8.821882322644229767e-05 7.099786621161943896e-05 4.331378656305247358e-05 2.003105517321125708e-05 7.022282902140637649e-06 1.866163262003846751e-06 3.759393349265621242e-07 5.740936212909156433e-08 6.645757554127729750e-09 5.831806225192183817e-10 3.879345820650995216e-11 1.956188612690372684e-12 7.477557757680464844e-14 2.166734235612739853e-15
1.010073486544475568e-07 4.284065390597394880e-07 1.377387160251314195e-06 3.357011189166370863e-06 6.202208569761883848e-06 8.686338792382617763e-06 9.221975856459125367e-06 7.421778982282102652e-06 4.527817072678518464e-06 2.093951159522903245e-06 7.340760283612129228e-07 1.950798244297156106e-07 3.929890859331824747e-08 6.001301447087462729e-09 6.947158607492838970e-10 6.096292632494599791e-11 4.055283463152792565e-12 2.044906460677395161e-13 7.816682946405341606e-15 2.265000832860228473e-16
8.004100101960018243e-09 3.394811237644954931e-08 1.091479467253647327e-07 2.660187992203514192e-07 4.914800646380751849e-07 6.883293754360684227e-07 7.307747295246649928e-07 5.881221782390897807e-07 3.587966774285460755e-07 1.659304487515484465e-07 5.817020337355112432e-08 1.545866180440007250e-08 3.114153598415892831e-09 4.755596316942893012e-10 5.505119544202333269e-11 4.830869944746298821e-12 3.213518146282796503e-13 1.620440119302745032e-14 6.194154544374058448e-16 1.794848952946732999e-17
4.808048842953256429e-10 2.039257135128348657e-09 6.556497948284092423e-09 1.597970244627525543e-08 2.952312097569887745e-08 4.134782442720452544e-08 4.389750937635256679e-08 3.532839572939825623e-08 2.155285326008546070e-08 9.967412850511878484e-09 3.494273877910019498e-09 9.285990936576494198e-10 1.870666585238697184e-10 2.856678337097610550e-11 3.306915620450557631e-12 2.901895072827415239e-13 1.930354694247359882e-14 9.733955274723171127e-16 3.720817732259318806e-17 1.078162606859221463e-18
2.189384553089138782e-11 9.285924950555295340e-11 2.985555221921729143e-10 7.276488829790345619e-10 1.344359575670921611e-09 1.882807164853156541e-09 1.998909164338664530e-09 1.608707532343943319e-09 9.814268852902072922e-10 4.538743353482410544e-10 1.591146326180000956e-10 4.228452285060095972e-11 8.518234026894695206e-12 1.300811956923521218e-12 1.505831203939372636e-13 1.321401769128319322e-14 8.790028736422644380e-16 4.432436527797263182e-17 1.694304931990866519e-18 4.909502033523444957e-20
7.557393711318137724e-13 3.205347855683056995e-12 1.030564330378084870e-11 2.511723709987065373e-11 4.640507118126222269e-11 6.499139224860811422e-11 6.899904142812397603e-11 5.552992584665984012e-11 3.387723440610564946e-11 1.566699209076699513e-11 5.492374202737931429e-12 1.459591859394146330e-12 2.940353633881200301e-13 4.490187933860429913e-14 5.197880497923976721e-15 4.561260563405664567e-16 3.034172676573259638e-17 1.530003849425544858e-18 5.848460664443975085e-20 1.694678979145198917e-21
