1.420371154216079223e-27 9.260569966751276742e-26 4.576889319930930780e-24 1.714746490382979651e-22 4.869969647383835399e-21 1.048454059651505494e-19 1.711076301209183121e-18 2.116830899436390805e-17 1.985179472374122838e-16 1.411270308668858061e-15 7.605319314422982583e-15 3.106858833363011754e-14 9.621048584264409956e-14 2.258500100856915016e-13 4.018968851404257565e-13 5.421331769430760854e-13 5.543628903340773123e-13 4.297136353762503534e-13 2.524997417466834529e-13 1.124707422594706316e-13
5.907557899504949210e-26 3.851623788515578725e-24 1.903603757148966341e-22 7.131913475461328896e-21 2.025500699261217253e-19 4.360693361011428656e-18 7.116648553344330940e-17 8.804248850564247794e-16 8.256688851465253000e-15 5.869705981824749909e-14 3.163177741311815541e-13 1.292193831816448235e-12 4.001552791098516012e-12 9.393474425502285322e-12 1.671555432219479454e-11 2.254821299719623074e-11 2.305686694822332099e-11 1.787249884409967401e-11 1.050188072005611283e-11 4.677843674351595705e-12
1.862562904971495585e-24 1.214358236420511757e-22 6.001772312933489372e-21 2.248583544475081782e-19 6.386094779966375350e-18 1.374860108414000968e-16 2.243770747348745818e-15 2.775845382162582079e-14 2.603208065708437973e-13 1.850628772635851026e-12 9.973016977612058376e-12 4.074090069224679028e-11 1.261628564251535945e-10 2.961619219204798184e-10 5.270159335918648965e-10 7.109107657750288132e-10 7.269478490633641546e-10 5.634926298218010141e-10 3.311082818714482596e-10 1.474852765105014293e-10
4.451544622197177081e-23 2.902328754819320211e-21 1.434429795201996724e-19 5.374137946295189763e-18 1.526283262633529083e-16 3.285929890232317713e-15 5.362635311346192833e-14 6.634299196034839715e-13 6.221694222747370232e-12 4.423021922385253094e-11 2.383561380679893074e-10 9.737117436192897247e-10 3.015305327628770641e-09 7.078300589503410176e-09 1.259573536405738024e-08 1.699084088811667731e-08 1.737412883870006711e-08 1.346753217964131496e-08 7.913522209615516844e-09 3.524913374743893117e-09
8.065054980227207245e-22 5.258273917236132646e-20 2.598818195799699831e-18 9.736557012609191056e-17 2.765233075988901445e-15 5.953260603914940990e-14 9.715717193814864127e-13 1.201964538432263139e-11 1.127211119628248570e-10 8.013379177401290054e-10 4.318400738492756865e-09 1.764115473093124470e-08 5.462958436547162175e-08 1.282406181806247540e-07 2.282023586172108023e-07 3.078303769879283134e-07 3.147745697503681274e-07 2.439970767341800962e-07 1.433726877397834608e-07 6.386237268316134009e-08
1.107645412271395122e-20 7.221653163149124469e-19 3.569187140028457461e-17 1.337207586653246891e-15 3.797739430158126066e-14 8.176139917395365821e-13 1.334345469812548589e-11 1.650764328292136371e-10 1.548098839224960988e-09 1.100548316707141562e-08 5.930842105934578448e-08 2.422815982382208657e-07 7.502764537260820057e-07 1.761241959823741261e-06 3.134105052123810272e-06 4.227707134847646228e-06 4.323077882773134593e-06 3.351027901419599866e-06 1.969064069734534181e-06 8.770785108432893902e-07
1.153163780206136454e-19 7.518424911702862162e-18 3.715861853495292156e-16 1.392159745764881596e-14 3.953806433900524832e-13 8.512136023119079584e-12 1.389180011060213415e-10 1.718602011034547864e-09 1.611717513380519996e-08 1.145775031551843032e-07 6.174568347338144221e-07 2.522380904605922010e-06 7.811088476448607042e-06 1.833619688888650344e-05 3.262900192994904131e-05 4.401443537086445061e-05 4.500733518320887709e-05 3.488737424057915926e-05 2.049982188313174378e-05 9.131217986336976543e-06
9.100768195875503952e-19 5.933540707224807002e-17 2.932558059576922087e-15 1.098692428197003942e-13 3.120343915055819514e-12 6.717777485546809763e-11 1.096340821660459711e-09 1.356320653827244594e-08 1.271967411592388962e-07 9.042456193786512067e-07 4.872969148291268450e-06 1.990662931714499135e-05 6.164510783448791788e-05 1.447092601623850973e-04 2.575080731153021039e-04 3.473619103012205484e-04 3.551978753124174584e-04 2.753311466906394230e-04 1.617845879461872005e-04 7.206356951725178997e-05
5.444549261614862898e-18 3.549750304696638796e-16 1.754407592223730581e-14 6.572945184333829917e-13 1.866750783346069113e-11 4.018921223068053910e-10 6.558876660274561521e-09 8.114210202227589351e-08 7.609565569115467418e-07 5.409664012250891540e-06 2.915261657826342638e-05 1.190917311782779874e-04 3.687928525578080988e-04 8.657254844959310280e-04 1.540546203533877745e-03 2.078098234719078386e-03 2.124977021869252185e-03 1.647173028858676773e-03 9.678789085544243272e-04 4.311214677265388906e-04
2.469122459865427727e-17 1.609824391898508148e-15 7.956300846166293945e-14 2.980854025240153056e-12 8.465781214667629819e-11 1.822595072519176129e-09 2.974473899528590647e-08 3.679823194114498391e-07 3.450965057656364832e-06 2.453301875169856876e-05 1.322081533263336770e-04 5.400852377434925801e-04 1.672488706656020344e-03 3.926095871548368303e-03 6.986431840048598803e-03 9.424249425616704201e-03 9.636846393119234341e-03 7.469988286290617403e-03 4.389365283900367731e-03 1.955151193871309222e-03
8.488288808464989624e-17 5.534214925123991138e-15 2.735197647223010850e-13 1.024750706916858484e-11 2.910345562337687846e-10 6.265672767510769590e-09 1.022557362902766503e-07 1.265040618416084311e-06 1.186364327952564343e-05 8.433901189301672965e-05 4.545019562654283377e-04 1.856691822164668534e-03 5.749640773899139523e-03 1.349703637187804790e-02 2.401778452180141840e-02 3.239845419898897128e-02 3.312931485466648340e-02 2.568014304699216266e-02 1.508965262809483510e-02 6.721370959745486158e-03
2.212047685616992514e-16 1.442216163123379162e-14 7.127923851048639022e-13 2.670499886042084796e-11 7.584359239867748486e-10 1.632834044287423527e-08 2.664784032517756914e-07 3.296695288440379186e-06 3.091664910516385206e-05 2.197874274484169278e-04 1.184431895699297396e-03 4.838538062026724769e-03 1.498356129724174798e-02 3.517327077670464458e-02 6.259033577193501285e-02 8.443035721990416187e-02 8.633497976324609746e-02 6.692244134855811211e-02 3.932362803142840091e-02 1.751588972897696189e-02
4.369841064432166414e-16 2.849059472986223224e-14 1.408102300460576571e-12 5.275501129774776141e-11 1.498269891253967513e-09 3.225620001107639046e-08 5.264209613949292872e-07 6.512533406045734867e-06 6.107501375889289031e-05 4.341841869661640699e-04 2.339813544483505640e-03 9.558402584510725108e-03 2.959962476119079589e-02 6.948385607137799735e-02 1.236455349815440558e-01 1.667899134648655191e-01 1.705524443796624379e-01 1.322034937304771562e-01 7.768277586939184576e-02 3.460217187695929092e-02
6.543854246007792930e-16 4.266477808810711976e-14 2.108638754091538106e-12 7.900083769381097078e-11 2.243665077283980553e-09 4.830378686323855190e-08 7.883174679853822042e-07 9.752544486868622994e-06 9.146007422653264381e-05 6.501925341298831840e-04 3.503880020388011173e-03 1.431374560663346840e-02 4.432555493844386740e-02 1.040523487873731834e-01 1.851596767842683400e-01 2.497685538959437679e-01 2.554029587952278413e-01 1.979752537973976934e-01 1.163302635540243435e-01 5.181688899423510242e-02
7.428453565840619638e-16 4.843220998049439309e-14 2.393684896245534592e-12 8.968018424753426072e-11 2.546964100563566967e-09 5.483350091220890253e-08 8.948823561654091763e-07 1.107089509423226358e-05 1.038236624745456375e-04 7.380856704726696579e-04 3.977535112064607518e-03 1.624868015008130648e-02 5.031749092535583306e-02 1.181181628327384742e-01 2.101895930975415105e-01 2.835323091059220868e-01 2.899283738090763785e-01 2.247375819711574796e-01 1.320558081867833355e-01 5.882150478134834382e-02
6.392342375438444573e-16 4.167694735524843774e-14 2.059816792297036220e-12 7.717170699414184231e-11 2.191716809487864372e-09 4.718539442537273494e-08 7.700653111238801538e-07 9.526740824001669983e-06 8.934247099034729506e-05 6.351384263559627314e-04 3.422753608310091268e-03 1.398233505099072925e-02 4.329927172823266196e-02 1.016431927442774802e-01 1.808726178234561499e-01 2.439855857264957573e-01 2.494895355157265571e-01 1.933914718392985288e-01 1.136368331730457509e-01 5.061715662192724924e-02
4.169831080757668515e-16 2.718656483431797262e-14 1.343652698295528491e-12 5.034038596176163813e-11 1.429693269799970089e-09 3.077981632972731712e-08 5.023263899123394547e-07 6.214451237606024543e-06 5.827957742042659967e-05 4.143113424241363528e-04 2.232719015887798652e-03 9.120909340089782685e-03 2.824483396263199192e-02 6.630354248249384352e-02 1.179862121209546144e-01 1.591558491185197932e-01 1.627461669629218510e-01 1.261524684797039608e-01 7.412719329686047465e-02 3.301841179732074860e-02
2.061929042785146677e-16 1.344341449804147259e-14 6.644193657669148374e-13 2.489268793610450617e-11 7.069653466008924097e-10 1.522023218511896904e-08 2.483940841386485543e-07 3.072968003649613843e-06 2.881851829417239234e-05 2.048717497554855581e-04 1.104051481721228870e-03 4.510174992873875605e-03 1.396671527653662453e-02 3.278626813327701478e-02 5.834269847118159213e-02 7.870056634691753594e-02 8.047593338045626321e-02 6.238080956748880135e-02 3.665496509541418119e-02 1.632718949832494271e-02
7.729044164914800262e-17 5.039200778813870496e-15 2.490544783782002118e-13 9.330907148080813592e-12 2.650026394488281947e-10 5.705232542830043264e-09 9.310935569431358927e-08 1.151887621966669389e-06 1.080248621757606435e-05 7.679521308185568019e-05 4.138485120242897468e-04 1.690617911096023223e-03 5.235357617608868072e-03 1.228977860763571725e-02 2.186948647733157058e-02 2.950053762652762868e-02 3.016602561987874812e-02 2.338315345415600821e-02 1.373994149203064570e-02 6.120170292137255656e-03
2.196214130383616369e-17 1.431892963752153926e-15 7.076903081139965417e-14 2.651384788424024857e-12 7.530071363654664832e-11 1.621146426432137322e-09 2.645709848250291310e-08 3.273097963990048607e-07 3.069535167363911388e-06 2.182142170720166336e-05 1.175953883239323105e-04 4.803904423632760824e-04 1.487631087631499606e-03 3.492150499009781268e-03 6.214232213056381654e-03 8.382601549024492477e-03 8.571700498831628587e-03 6.644341904793862018e-03 3.904215451688324706e-03 1.739051322408121606e-03
