1.172687898361305693e-02 3.628112287697766308e-02 8.508946938649504521e-02 1.512751981760668829e-01 2.038714750253109997e-01 2.082773383505397979e-01 1.612962952651320614e-01 9.468988414777501639e-02 4.213855097761762952e-02 1.421518215055475771e-02 3.635147856164012981e-03 7.046744911141283917e-04 1.035504141992919943e-04 1.153484995739882031e-05 9.740222514370925545e-07 6.234801432720420326e-08 3.025333065722874213e-09 1.112808876042749189e-10 3.102878623269503238e-12 6.558519486056811730e-14
1.593602827793440257e-02 4.930357010852279981e-02 1.156307822560848353e-01 2.055726710621505471e-01 2.770474220470352522e-01 2.830346896429294934e-01 2.191906581506526119e-01 1.286770907691551780e-01 5.726341517712148221e-02 1.931746247605891156e-02 4.939917868279574374e-03 9.576045453207111422e-04 1.407179464525620490e-04 1.567507393567415359e-05 1.323629770881842521e-06 8.472669674342142601e-08 4.111221182797227956e-09 1.512231322701843243e-10 4.216600303671426404e-12 8.912580417793595101e-14
1.641627276103881788e-02 5.078937115813281916e-02 1.191154049165769196e-01 2.117677617982365590e-01 2.853964594405378197e-01 2.915641579557082252e-01 2.257961374136776833e-01 1.325548739825157252e-01 5.898909228705787045e-02 1.989960908247208685e-02 5.088786097041131731e-03 9.864626956618948589e-04 1.449585901235573779e-04 1.614745435873632385e-05 1.363518373239490728e-06 8.728000099044194954e-08 4.235115998834564678e-09 1.557803578049236088e-10 4.343670800659601279e-12 9.181167891486562265e-14
1.281934532200923113e-02 3.966104225004361827e-02 9.301633391597771694e-02 1.653678704098726360e-01 2.228639728702668799e-01 2.276802827756226610e-01 1.763225246081142616e-01 1.035111153690259078e-01 4.606414350365690968e-02 1.553945675212198806e-02 3.973795221204754619e-03 7.703213833643511414e-04 1.131970850652391211e-04 1.260942703067789056e-05 1.064761358068176374e-06 6.815630372914082935e-08 3.307170589701550141e-09 1.216477229732078513e-10 3.391940227195642604e-12 7.169505732119765492e-14
7.588465308851366324e-03 2.347752054940138375e-02 5.506140956091354344e-02 9.789020548884495854e-02 1.319252648429119490e-01 1.347762997214809744e-01 1.043748590546629551e-01 6.127383952359674590e-02 2.726786323161969894e-02 9.198646695273796428e-03 2.352304772445688516e-03 4.559949784869801737e-04 6.700748996954473155e-05 7.464203294571559965e-06 6.302899582581352174e-07 4.034541027147075745e-08 1.957693521783552417e-09 7.200988057463964495e-11 2.007873264758679944e-12 4.244019032422376068e-14
3.405170630926282471e-03 1.053506344274120904e-02 2.470769610233701161e-02 4.392625375741606580e-02 5.919879963031067505e-02 6.047814398270902336e-02 4.683611114956867660e-02 2.749539864753285448e-02 1.223590321169704641e-02 4.127707025882770310e-03 1.055549284356184676e-03 2.046185421421869901e-04 3.006825854896332353e-05 3.349410560300173911e-06 2.828298960957131269e-07 1.810418846994491527e-08 8.784754510185713335e-10 3.231298035760386354e-11 9.009925977790698026e-13 1.904417873458574980e-14
1.158298847916455895e-03 3.583594824184914603e-03 8.404540926697080458e-03 1.494190295734474337e-02 2.013699424841255969e-02 2.057217452279086825e-02 1.593171663490918627e-02 9.352802554795217049e-03 4.162150485090557010e-03 1.404075980567265477e-03 3.590544065206572330e-04 6.960280329951275291e-05 1.022798356117746370e-05 1.139331567692851661e-06 9.620708572682604134e-08 6.158299515667815720e-09 2.988211790611233714e-10 1.099154549878701494e-11 3.064805852929786863e-13 6.478045501580395696e-15
2.986752178703790009e-04 9.240542428216168714e-04 2.167167909125659528e-03 3.852871069681737710e-03 5.192460611713383377e-03 5.304674798489648208e-03 4.108101243077337192e-03 2.411683604604239473e-03 1.073238745924564534e-03 3.620505193084166810e-04 9.258461517749152798e-05 1.794755513852544293e-05 2.637354965865999656e-06 2.937843759573585279e-07 2.480764989261778900e-08 1.587959318842207740e-09 7.705306874897449380e-11 2.834244592824789876e-12 7.902809862073184547e-14 1.670407991028495773e-15
5.838140915484603318e-05 1.806229161431559867e-04 4.236116987276340273e-04 7.531125077728351809e-04 1.014959224452366372e-03 1.036893492711631580e-03 8.030018065500022601e-04 4.714066613104082957e-04 2.097836934494121033e-04 7.076924444277910096e-05 1.809731767724663651e-05 3.508170404436258744e-06 5.155181619909629025e-07 5.742540669548016136e-08 4.849098525407751735e-09 3.103950283374747309e-10 1.506139935326888131e-11 5.540037583246168477e-13 1.544745423876706150e-14 3.265110948109590535e-16
8.650610877451229050e-06 2.676363221998811725e-05 6.276826856147716739e-05 1.115917437759118955e-04 1.503906369222727103e-04 1.536407266741193691e-04 1.189840441146294413e-04 6.985024258696374486e-05 3.108450321320718339e-05 1.048616682310577081e-05 2.681553176221771285e-06 5.198198793056994745e-07 7.638642307886998303e-08 8.508956104235223826e-09 7.185106535963599641e-10 4.599249396877662621e-11 2.231708808697186687e-12 8.208899043873105006e-14 2.288912131469450221e-15 4.838047709483462669e-17
9.716633009098084779e-07 3.006173736816122311e-06 7.050325565078246741e-06 1.253432892169707147e-05 1.689234029457106271e-05 1.725740040203285357e-05 1.336465490100539042e-05 7.845794735527086134e-06 3.491507296671463498e-06 1.177838607420049720e-06 3.012003253509563870e-07 5.838777248914149594e-08 8.579958692509852889e-09 9.557521997768849986e-10 8.070533321896482728e-11 5.166018809522861012e-12 2.506724182196843452e-13 9.220488650802894263e-15 2.570976719058474707e-16 5.434244441175122798e-18
8.273354669996633472e-08 2.559646072978265316e-07 6.003092211491380306e-07 1.067251882647999980e-06 1.438320479248338329e-06 1.469404001102775666e-06 1.137951077647931962e-06 6.680404874222287832e-07 2.972889700701525986e-07 1.002886137006168351e-07 2.564609691457459113e-08 4.971503500661484265e-09 7.305518408546292078e-10 8.137877511664522775e-11 6.871761492438386845e-12 4.398674500008052338e-13 2.134383196293710428e-14 7.850906046090567986e-16 2.189091861878330916e-17 4.627058733534745087e-19
5.340037469327063133e-09 1.652123773623417773e-08 3.874696374064962679e-08 6.888578176417619616e-08 9.283640746045397141e-08 9.484269364063304986e-08 7.344906190155547311e-08 4.311867889333047818e-08 1.918851907980526666e-08 6.473129416901662524e-09 1.655327541589326540e-09 3.208857353680172975e-10 4.715347472769674624e-11 5.252593726058666044e-12 4.435379034695082018e-13 2.839124826909668200e-14 1.377637814010832556e-15 5.067367969407600232e-17 1.412949526825252170e-18 2.986535449695960489e-20
2.612785670906467504e-10 8.083548752385762680e-10 1.895820249093863190e-09 3.370459187907364439e-09 4.542320845956082676e-09 4.640484872209069441e-09 3.593732395703397764e-09 2.109720521775816434e-09 9.388602230903165250e-10 3.167187474535674799e-10 8.099224221111063009e-11 1.570037019746780485e-11 2.307135929469458265e-12 2.570000997440339704e-13 2.170152335719592947e-14 1.389133448645859635e-15 6.740537610122789758e-17 2.479373318207650647e-18 6.913311561217054883e-20 1.461258853227329508e-21
9.690810168480163303e-12 2.998184555254680205e-11 7.031588680274528296e-11 1.250101779656818040e-10 1.684744735576376623e-10 1.721153728261236436e-10 1.332913710866939654e-10 7.824943818672772553e-11 3.482228296800428095e-11 1.174708393630503129e-11 3.003998579474513676e-12 5.823260164533049862e-13 8.557156667814921600e-14 9.532122009211129233e-15 8.049085141700954203e-16 5.152289642205067380e-17 2.500062333491714158e-18 9.195984359179850940e-20 2.564144113361988050e-21 5.419802439717220812e-23
2.724665586353557679e-13 8.429687649655352913e-13 1.976999586355735291e-12 3.514782808922218175e-12 4.736823777382069899e-12 4.839191203508004707e-12 3.747616612479309380e-12 2.200059104163777700e-12 9.790623734410333671e-13 3.302806967095583549e-13 8.446034344549378067e-14 1.637266265135724071e-14 2.405927872332669997e-15 2.680048866078884672e-16 2.263078618396043301e-17 1.448616373138969887e-18 7.029168547702487739e-20 2.585540494601642230e-21 7.209340708016561886e-23 1.523830199498025031e-24
5.807151362527055421e-15 1.796641480171042707e-14 4.213631169682697646e-14 7.491148961563160350e-14 1.009571699024109873e-13 1.031389537553835373e-13 7.987393765454284249e-14 4.689043781509738996e-14 2.086701364161209561e-14 7.039359279610378636e-15 1.800125494209392900e-15 3.489548614707945674e-16 5.127817296895038977e-17 5.712058574174500186e-18 4.823358928209786957e-19 3.087474142583236022e-20 1.498145163709858579e-21 5.510630398569041653e-23 1.536545729691153021e-24 3.247779347159311852e-26
9.382312735631153069e-17 2.902740291831576024e-16 6.807744954208118304e-16 1.210306016132482075e-15 1.631112540032842379e-15 1.666362488160997073e-15 1.290481710769657176e-15 7.575844410235323964e-16 3.371374975821012890e-16 1.137312704572440635e-16 2.908369232295236341e-17 5.637882391123223550e-18 8.284747981790540159e-19 9.228676258203703511e-20 7.792850414177959000e-21 4.988271557000510267e-22 2.420475302228491894e-23 8.903239220434460972e-25 2.482517101515253023e-26 5.247268347094126464e-28
1.149088513371001238e-18 3.555099494792628933e-18 8.337711339691031513e-18 1.482309085178982605e-17 1.997687283060973408e-17 2.040859272347963753e-17 1.580503392227863240e-17 9.278432766184816201e-18 4.129054709794596159e-18 1.392911323422416989e-18 3.561993478196798812e-19 6.904934932272351795e-20 1.014665467917669736e-20 1.130272053461677787e-21 9.544208501325294323e-23 6.109331152388808199e-24 2.964450711737931724e-25 1.090414507410606290e-26 3.040435728351716960e-28 6.426534644621868736e-30
1.066826711470948052e-20 3.300594391858738930e-20 7.740825068055273042e-20 1.376192441508145086e-19 1.854675362199173084e-19 1.894756723054121361e-19 1.467357141577079896e-19 8.614201430414404539e-20 3.833460874664212373e-20 1.293194553114122057e-20 3.306994843658971955e-21 6.410619322185006823e-22 9.420268428288124893e-23 1.049357298268225430e-23 8.860950614841367892e-25 5.671971816574637449e-26 2.752229412548315659e-27 1.012353103825238684e-28 2.822774757360235246e-30 5.966467109625127722e-32
