4.385247530607469524e-03 1.435217205658577758e-02 3.560721205952026291e-02 6.696611885356935912e-02 9.547048020844615956e-02 1.031762892058443182e-01 8.452545567577013363e-02 5.249185937509796146e-02 2.471116451728439661e-02 8.818430304914777820e-03 2.385537132861453684e-03 4.891903650812003210e-04 7.604425820355110229e-05 8.960903083998985897e-06 8.004495266949580006e-07 5.420170441304590513e-08 2.782202613195887997e-09 1.082583452015931086e-10 3.193234655241732040e-12 7.139981769149808184e-14
8.197156359973018988e-03 2.682790370028942037e-02 6.655904433156870081e-02 1.251769126444737534e-01 1.784589007959454521e-01 1.928630412215167067e-01 1.579998327885215048e-01 9.812079612842024290e-02 4.619152692553653294e-02 1.648391602854344662e-02 4.459182918205365810e-03 9.144227057594170750e-04 1.421462917251376217e-04 1.675023432392853387e-05 1.496246194265808923e-06 1.013169366038569873e-07 5.200652799257836896e-09 2.023627119553876693e-10 5.968977481979237902e-12 1.334646369687830304e-13
1.161526560805321850e-02 3.801479604655988442e-02 9.431331361500393251e-02 1.773740824880915001e-01 2.528739774915003680e-01 2.732844600480704988e-01 2.238837400769934649e-01 1.390359118035650876e-01 6.545280223048162427e-02 2.335749795713401231e-02 6.318605101003545513e-03 1.295725266056202201e-03 2.014194753743511746e-04 2.373486757183195805e-05 2.120161699769427917e-06 1.435648019347970699e-07 7.369258428888149814e-09 2.867453718469183974e-10 8.457964666896481016e-12 1.891176817420031361e-13
1.247647471485826935e-02 4.083338751518156978e-02 1.013061355890349652e-01 1.905254111192700717e-01 2.716232148863562124e-01 2.935470243047603178e-01 2.404835082033632276e-01 1.493446724861580421e-01 7.030577341933832991e-02 2.508933006770729807e-02 6.787095485891190931e-03 1.391796284722474596e-03 2.163536398036190137e-04 2.549467959778351186e-05 2.277360219833811828e-06 1.542093553195416362e-07 7.915649074054123698e-09 3.080059898906030665e-10 9.085076989762030171e-12 2.031397347255482827e-13
1.015901158673488715e-02 3.324872340728964037e-02 8.248886234111471594e-02 1.551359581423301659e-01 2.211701181881504108e-01 2.390216538981288497e-01 1.958145070696258039e-01 1.216044029165687240e-01 5.724671296218225569e-02 2.042907156760505674e-02 5.526415374314965975e-03 1.133274815684248964e-03 1.761666803988871412e-04 2.075912878864184582e-05 1.854348234514386623e-06 1.255654873093643773e-07 6.445343937104004870e-09 2.507949153582628780e-10 7.397554558857573106e-12 1.654072136535036473e-13
6.270581833677200956e-03 2.052255174735130930e-02 5.091569758147493352e-02 9.575663070880090222e-02 1.365157735496386748e-01 1.475345143563127626e-01 1.208651924764552604e-01 7.505950291655059947e-02 3.533515000682919960e-02 1.260970754457893181e-02 3.411142861258570358e-03 6.995062867210971895e-04 1.087377031099064778e-04 1.281343315278767794e-05 1.144584023099288545e-06 7.750445571762423278e-08 3.978345359560280741e-09 1.548014811084174189e-10 4.566090985758690449e-12 1.020964943527719722e-13
2.934006310866881136e-03 9.602505467424948468e-03 2.382346359374969830e-02 4.480454386195545369e-02 6.387575375802566346e-02 6.903142446324787851e-02 5.655284420107851290e-02 3.512035423330820555e-02 1.653332272272865430e-02 5.900084313593035971e-03 1.596074327337511107e-03 3.272991110184131293e-04 5.087838985533900708e-05 5.995407560466147344e-06 5.355510598800984976e-07 3.626434806647932604e-08 1.861468473159665116e-09 7.243163944760949026e-11 2.136474752033038692e-12 4.777096714369077154e-14
1.040665283485617872e-03 3.405921124783624528e-03 8.449965292362887626e-03 1.589176313863121387e-02 2.265614737986473143e-02 2.448481676484070418e-02 2.005877813706705148e-02 1.245686938673364226e-02 5.864218803648050919e-03 2.092706103614417994e-03 5.661130094270497770e-04 1.160900100627019821e-04 1.804610092554784966e-05 2.126516390034918344e-06 1.899550772903676298e-07 1.286263356736729778e-08 6.602458928412764438e-10 2.569084201349372499e-11 7.577881121964646668e-13 1.694392642607600061e-14
2.798065710203595882e-04 9.157594917546633961e-04 2.271965685045154205e-03 4.272862583053202608e-03 6.091621399782641208e-03 6.583300826645262921e-03 5.393259502798100104e-03 3.349313140413417034e-03 1.576728830297868767e-03 5.626717142369437250e-04 1.522123803796406668e-04 3.121344409276878519e-05 4.852105379505219388e-06 5.717623800433891405e-07 5.107375029029666460e-08 3.458412084932549558e-09 1.775221507221024490e-10 6.907568191709370255e-12 2.037485987074485440e-13 4.555760654397868366e-15
5.702976358981992687e-05 1.866487521342093852e-04 4.630687028893275986e-04 8.708885644632719143e-04 1.241585310314295004e-03 1.341798687625986048e-03 1.099246216060971318e-03 6.826520760020180021e-04 3.213665501465219924e-04 1.146829208642020280e-04 3.102370339924229219e-05 6.361878246616087818e-06 9.889489789213761521e-07 1.165357669926008965e-07 1.040977663276239415e-08 7.048884623425383730e-10 3.618230354890853342e-11 1.407890384836892617e-12 4.152773958692125168e-14 9.285484331002680840e-16
8.811341889249127256e-06 2.883802885954461724e-05 7.154609106774089549e-05 1.345560003389712324e-04 1.918302297820073438e-04 2.073136243077257541e-04 1.698382321876850494e-04 1.054726594401168881e-04 4.965250365538936541e-05 1.771900076353405979e-05 4.793294590654410439e-06 9.829373428915545662e-07 1.527968382785924282e-07 1.800527339869553871e-08 1.608354920804184299e-09 1.089082760391434938e-10 5.590320331731734098e-12 2.175250736196070294e-13 6.416213015012134687e-15 1.434646961474258814e-16
1.031999182920515412e-06 3.377558446165848520e-06 8.379598527796700182e-06 1.575942508555916932e-05 2.246747917431639611e-05 2.428092038454491932e-05 1.989173942509361645e-05 1.235313528072966596e-05 5.815384744614242858e-06 2.075279173135501134e-06 5.613987248739277931e-07 1.151232749195468747e-07 1.789582270649845494e-08 2.108807905681858580e-09 1.883732336094329839e-10 1.275552047558283884e-11 6.547477202819951489e-13 2.547690250381253777e-14 7.514776605156521074e-16 1.680282652324824070e-17
9.162489155978003024e-08 2.998727435916974548e-07 7.439732696794193253e-07 1.399182904798917570e-06 1.994749973679880365e-06 2.155754320376172061e-06 1.766065805015253436e-06 1.096759279708968285e-06 5.163124209999668497e-07 1.842513369600752921e-07 4.984315699049752659e-08 1.022109101933527922e-08 1.588860574691229823e-09 1.872281479251799624e-10 1.672450655763624406e-11 1.132484598540468755e-12 5.813104299179617069e-14 2.261938253269626257e-15 6.671910239259069973e-17 1.491820132777171497e-18
6.166580613930535672e-09 2.018217337885993436e-08 5.007123134322469492e-08 9.416845170776136285e-08 1.342515806341471393e-07 1.450875692633738109e-07 1.188605734832133251e-07 7.381459772849065664e-08 3.474909614482473363e-08 1.240056826531114144e-08 3.354567087636465393e-09 6.879045711276991150e-10 1.069342255290631191e-10 1.260091496669603512e-11 1.125600436302675875e-12 7.621899957587626065e-14 3.912362205055275417e-15 1.522340091766424819e-16 4.490359730735003279e-18 1.004031650531651239e-19
3.146097461653818470e-10 1.029664386361069378e-09 2.554559547554386109e-09 4.804333964537629070e-09 6.849315422909691297e-09 7.402151402121669628e-09 6.064089192015013011e-09 3.765910689985790121e-09 1.772847060963256236e-09 6.326584988514959113e-10 1.711450098539063070e-10 3.509586528709060707e-11 5.455624706193001906e-12 6.428798887617133899e-13 5.742645555445212618e-14 3.888579686346060015e-15 1.996028848563001878e-16 7.766752108389976494e-18 2.290914565985596830e-19 5.122419741050503858e-21
1.216737100819811218e-11 3.982174346308387227e-11 9.879628382933088519e-11 1.858051586332224616e-10 2.648937705156372981e-10 2.862744192327837548e-10 2.345255476836522247e-10 1.456446696495837729e-10 6.856395326098486113e-11 2.446774383451333909e-11 6.618945714413900989e-12 1.357314638235329688e-12 2.109934949276725376e-13 2.486305086098945307e-14 2.220938794596378109e-15 1.503888303378987108e-16 7.719539473759943679e-18 3.003751650522914040e-19 8.859994902312779959e-21 1.981069633371004761e-22
3.567123524980214779e-13 1.167459082304500821e-12 2.896423130278330040e-12 5.447273301493601378e-12 7.765924124368204912e-12 8.392743303029592542e-12 6.875615100316693992e-12 4.269883173981893129e-12 2.010098076882120830e-12 7.173239360949470614e-13 1.940484674342920063e-13 3.979256466813577715e-14 6.185722937742133484e-15 7.289132021145590718e-16 6.511154312963787861e-17 4.408968332034310262e-18 2.263147136740470990e-19 8.806136649041955790e-21 2.597495895041748833e-22 5.807926863625890206e-24
7.927502104040792423e-15 2.594537101543686525e-14 6.436951313481986325e-14 1.210590837588538086e-13 1.725883037260157355e-13 1.865186044932671720e-13 1.528022587180733239e-13 9.489300723315317466e-14 4.467200707298116891e-14 1.594165991967731842e-14 4.312493310362089706e-15 8.843417894634735728e-16 1.374702369025366444e-16 1.619921738891374669e-17 1.447025569882417294e-18 9.798400723744236626e-20 5.029571743906316316e-21 1.957057733629733425e-22 5.772621561597029741e-24 1.290741744968438302e-25
1.335523095211455044e-16 4.370940776828523611e-16 1.084414362693772053e-15 2.039446979934296751e-15 2.907544678821028695e-15 3.142224381881909739e-15 2.574214965070080004e-15 1.598634741066125240e-15 7.525762386743006910e-16 2.685644824727803556e-16 7.265131359596617390e-17 1.489824749825158892e-17 2.315920877446968100e-18 2.729034778334266188e-19 2.437761658813617584e-20 1.650707914164657213e-21 8.473172425379718930e-23 3.296997929010271335e-24 9.724966722492345460e-26 2.174474869555968876e-27
1.705545299497016981e-18 5.581960748585477963e-18 1.384863972499539487e-17 2.604499482391648440e-17 3.713113743836540130e-17 4.012814187713526780e-17 3.287431156609843703e-17 2.041555086553006314e-17 9.610862372850782267e-18 3.429733954700169326e-18 9.278020488763240568e-19 1.902598021890669654e-19 2.957573688316703160e-20 3.485145599533745826e-21 3.113171875043703078e-22 2.108055737815823779e-23 1.082076338009415737e-24 4.210469545930646950e-26 1.241938184429943589e-27 2.776938419068203674e-29
