-5.818206185272037541e-03 -1.151477642598173513e-02 -1.696671190001736856e-02 -2.204932664869008879e-02 -2.663769925172634195e-02 -3.061040332959939075e-02 -3.385550803866695796e-02 -3.627816476001685664e-02 -3.780851375590810887e-02 -3.840834131744726848e-02 -3.807490689399720130e-02 -3.684088099730076227e-02 -3.477029700397780976e-02 -3.195137495997140559e-02 -2.848757772381835598e-02 -2.448869916449698120e-02 -2.006327638978789782e-02 -1.531332697083752706e-02 -1.033168711766338163e-02 -5.201870904094675792e-03
-1.175806415470074043e-02 -2.327418612633522232e-02 -3.430274273705948007e-02 -4.459289626608271828e-02 -5.389106354352766332e-02 -6.194839630902410077e-02 -6.853346251403723277e-02 -7.344862406820021339e-02 -7.654752088425961776e-02 -7.774992430602525872e-02 -7.705040344525855567e-02 -7.451831482411976071e-02 -7.028895211947915056e-02 -6.454763703431760924e-02 -5.751024526495213812e-02 -4.940394196877732902e-02 -4.045107340081095099e-02 -3.085832559481783283e-02 -2.081152250298273429e-02 -1.047577736337683939e-02
-1.793986527850096463e-02 -3.552116033902320141e-02 -5.237715855208395499e-02 -6.812844562809179660e-02 -8.238524509515478267e-02 -9.475865503324251704e-02 -1.048813121227011869e-01 -1.124353284530615060e-01 -1.171829883697878411e-01 -1.189934109940899987e-01 -1.178584420354859552e-01 -1.138930224264121105e-01 -1.073195536867188188e-01 -9.843995778762469617e-02 -8.760182626336299183e-02 -7.516572505067542487e-02 -6.147873551339842063e-02 -4.685737099228191871e-02 -3.158026693063988727e-02 -1.588971332481381102e-02
-2.448023931082404098e-02 -4.849342937668620762e-02 -7.155626699319882211e-02 -9.315846547408573874e-02 -1.127627889433434061e-01 -1.298196576678816994e-01 -1.437977811140076223e-01 -1.542283537035394336e-01 -1.607556350726219718e-01 -1.631822421290593239e-01 -1.614968954468866125e-01 -1.558757438038031740e-01 -1.466562710263526192e-01 -1.342907800463624679e-01 -1.192913592772772424e-01 -1.021783733103382719e-01 -8.344075825543366409e-02 -6.351212312814766281e-02 -4.276242833792336800e-02 -2.150279053297909221e-02
-3.148765066908011667e-02 -6.241604769245265305e-02 -9.219598171540428766e-02 -1.201863039354966606e-01 -1.456877503492565451e-01 -1.679593927980353452e-01 -1.862617648449279018e-01 -1.999246442380871458e-01 -2.084289072299181367e-01 -2.114829731758031128e-01 -2.090710999419630733e-01 -2.014567412794587564e-01 -1.891389489431462012e-01 -1.727754474286022912e-01 -1.530944037436938188e-01 -1.308156165736312215e-01 -1.065937836967888463e-01 -8.098793652848253199e-02 -5.445452509620447162e-02 -2.735900568886881837e-02
-3.905431832369886391e-02 -7.748710918742365839e-02 -1.146252635954230076e-01 -1.497029699359070931e-01 -1.818424639346910288e-01 -2.100683534572371225e-01 -2.333651952544484320e-01 -2.507794927069606494e-01 -2.615523060721484105e-01 -2.652495808591640025e-01 -2.618477442556766954e-01 -2.517411190893764639e-01 -2.356672753183074454e-01 -2.145775788396726003e-01 -1.894951333887013312e-01 -1.613958550255862046e-01 -1.311308214513170756e-01 -9.939131200757342355e-02 -6.670872032935126761e-02 -3.347870251763555155e-02
-4.724251136663164957e-02 -9.385280637103601831e-02 -1.391149557745980925e-01 -1.821578048765665758e-01 -2.219107223880830981e-01 -2.571063212220664473e-01 -2.863510830224649806e-01 -3.082757524817508754e-01 -3.217511226711721184e-01 -3.261152081819605475e-01 -3.213291008374816737e-01 -3.079926477873253798e-01 -2.872113798614722158e-01 -2.603723896226346479e-01 -2.289126270276470032e-01 -1.941418244757259493e-01 -1.571423183221324071e-01 -1.187377482670683160e-01 -7.951034254511250843e-02 -3.984705173220699781e-02
-5.606293594034397754e-02 -1.115666303700969808e-01 -1.658239191254739509e-01 -2.179025151322444565e-01 -2.665362074339492349e-01 -3.100949651966269927e-01 -3.466567707485230798e-01 -3.742208049893408495e-01 -3.910605496599580122e-01 -3.961303527906938626e-01 -3.893602878418827573e-01 -3.716886540396658889e-01 -3.448130245113207870e-01 -3.107878615350045393e-01 -2.716410814170605592e-01 -2.291164472224668236e-01 -1.845588737073940444e-01 -1.389069890405326690e-01 -9.274781618235174163e-02 -4.639914886372873554e-02
-6.544261232991292754e-02 -1.305268576204430264e-01 -1.947115496051663730e-01 -2.570920014139247978e-01 -3.162361661485690867e-01 -3.700792149334388714e-01 -4.159570455436377712e-01 -4.508844576519651093e-01 -4.721321960872899570e-01 -4.779774105197096001e-01 -4.682867999598361863e-01 -4.445849650936030129e-01 -4.095624954447566468e-01 -3.663243333158965886e-01 -3.177471781748646418e-01 -2.661239461107242077e-01 -2.130696884529967305e-01 -1.595834715774332169e-01 -1.061747379134436731e-01 -5.300168433949235813e-02
-7.518064229984097735e-02 -1.503865934288141359e-01 -2.254031902239715390e-01 -2.995167239827254968e-01 -3.712330932345938028e-01 -4.380158204454816517e-01 -4.961773172761430595e-01 -5.411731751678017233e-01 -5.685320111648118901e-01 -5.752835333576745702e-01 -5.611644599091997199e-01 -5.287662349939721285e-01 -4.825115666549468219e-01 -4.271942671236493294e-01 -3.668978724501721911e-01 -3.045621417731397274e-01 -2.420123837455869231e-01 -1.801824139970155392e-01 -1.193659388227438362e-01 -5.943281295064725689e-02
-8.489333894576826800e-02 -1.704354731779862131e-01 -2.569965109560249927e-01 -3.443312274261406403e-01 -4.311333667581364604e-01 -5.144790916171703143e-01 -5.893391754943729799e-01 -6.486964478124097599e-01 -6.849910898196358566e-01 -6.928944996033548076e-01 -6.718785123006805193e-01 -6.265413119943227249e-01 -5.644050997726137719e-01 -4.930029705782916216e-01 -4.180774507132327122e-01 -3.432122789078846381e-01 -2.702349346868457292e-01 -1.997678121455467026e-01 -1.316737430788844365e-01 -6.536361225943061737e-02
-9.395709885391097249e-02 -1.894643550289424327e-01 -2.878085529447574342e-01 -3.896372252800422986e-01 -4.943209314536380905e-01 -5.988993579622199359e-01 -6.967512163073670273e-01 -7.770320795839443795e-01 -8.267770298618039027e-01 -8.362614908852583628e-01 -8.044383251502347232e-01 -7.396469154656939438e-01 -6.549041681838321249e-01 -5.621099163367517804e-01 -4.691384426809465102e-01 -3.799631486681734338e-01 -2.959455346093046169e-01 -2.169799414736603982e-01 -1.421975683500327770e-01 -7.034789017246291520e-02
-1.014702166258901334e-01 -2.056518243602822038e-01 -3.151041251611757521e-01 -4.319143573247396506e-01 -5.568969935383296654e-01 -6.878055055215294145e-01 -8.164243126899730640e-01 -9.263646744053459781e-01 -9.958334264243984268e-01 -1.007526481270091034e+00 -9.594728342466098958e-01 -8.664790698021601623e-01 -7.506555783668568127e-01 -6.304398957510469748e-01 -5.161566427192637585e-01 -4.115080097150761174e-01 -3.165969023448567121e-01 -2.300080290627559421e-01 -1.497886159197521772e-01 -7.383038418956823501e-02
-1.062704322991118305e-01 -2.165542797342516479e-01 -3.349390965168360101e-01 -4.654605820547418338e-01 -6.112439919391785548e-01 -7.718011322427077436e-01 -9.377126645427338314e-01 -1.085515852679825866e+00 -1.180922573346617988e+00 -1.195446805226027420e+00 -1.125726943479729458e+00 -9.961379233747802431e-01 -8.418043247050406297e-01 -6.897712855541205945e-01 -5.527478819652894559e-01 -4.331600798988248235e-01 -3.289029266034964594e-01 -2.366640338856064452e-01 -1.531182429195791506e-01 -7.518502830567475037e-02
-1.070535365659151944e-01 -2.193209106988961155e-01 -3.423873313974968857e-01 -4.823844382225702110e-01 -6.452068355188823601e-01 -8.329029446854572249e-01 -1.035544057289081499e+00 -1.222393835660138928e+00 -1.345209815115684604e+00 -1.362642140733225649e+00 -1.269708209797316245e+00 -1.101814741725898772e+00 -9.087414089722246624e-01 -7.266240886873466254e-01 -5.699734878908594427e-01 -4.391034250798728222e-01 -3.291344778056921605e-01 -2.346205847242336939e-01 -1.508347553555353937e-01 -7.379144080692508212e-02
-1.026160044371488000e-01 -2.112241385794431658e-01 -3.324431304619954730e-01 -4.739708771548712396e-01 -6.439358588755430546e-01 -8.466718380466176086e-01 -1.072413092083379427e+00 -1.285422039895729007e+00 -1.427112263282368509e+00 -1.446369818537167395e+00 -1.336967148398733984e+00 -1.142693807328164946e+00 -9.242618765884683674e-01 -7.242181525829987088e-01 -5.578546832278108436e-01 -4.234475060905176225e-01 -3.138072563580017182e-01 -2.218373655340592221e-01 -1.418077467824014615e-01 -6.914591740237419071e-02
-9.217680722754965916e-02 -1.904264016053425768e-01 -3.015437702768902217e-01 -4.336035829241088879e-01 -5.953918367091162178e-01 -7.920989411559355986e-01 -1.014574805469678154e+00 -1.226759912739663783e+00 -1.368609537437842638e+00 -1.387429514923458784e+00 -1.276772881337588483e+00 -1.081781038241662163e+00 -8.647575344933607910e-01 -6.688259894477887046e-01 -5.087909108471169173e-01 -3.820474456242321515e-01 -2.806645379165916832e-01 -1.970975134744633039e-01 -1.254115530803417145e-01 -6.098440708157356477e-02
-7.565471586457740705e-02 -1.566652852542203267e-01 -2.490160776711363155e-01 -3.597764517203060897e-01 -4.965406614681672770e-01 -6.636500586399859403e-01 -8.530216145611955181e-01 -1.033628618837989066e+00 -1.154235529856560305e+00 -1.170055623011362789e+00 -1.075613953488193664e+00 -9.092521348082343025e-01 -7.240633183461957501e-01 -5.570515080135447494e-01 -4.211419813820833635e-01 -3.142499138019976268e-01 -2.295519527623722800e-01 -1.604592450298159279e-01 -1.017550650250249045e-01 -4.938006758667089907e-02
-5.376863666617971022e-02 -1.114870518706002622e-01 -1.775270919396699509e-01 -2.569440546269701753e-01 -3.549663013317539417e-01 -4.742427398638398017e-01 -6.085295875648938368e-01 -7.357575684824373408e-01 -8.203072352619931173e-01 -8.313555748360016429e-01 -7.651494591647716170e-01 -6.480472324519177540e-01 -5.168508044590833794e-01 -3.976964348454772868e-01 -3.002176197608882879e-01 -2.234241952435482015e-01 -1.627102544383946248e-01 -1.134184883487502904e-01 -7.176818272520035791e-02 -3.478073297697259481e-02
-2.792781089070675224e-02 -5.794032571721678682e-02 -9.232478701639755536e-02 -1.336762521902532530e-01 -1.845902393525032381e-01 -2.462297681794256843e-01 -3.151797958262556043e-01 -3.801138210888042046e-01 -4.230870294554345823e-01 -4.286979659662407682e-01 -3.950776762945771292e-01 -3.353859536307321476e-01 -2.681198732549505137e-01 -2.066180408999086504e-01 -1.560115390541530200e-01 -1.160104125682882292e-01 -8.437083427279425119e-02 -5.872774757873413382e-02 -3.711772683731340977e-02 -1.797462259239383103e-02
