-3.228078333578218023e-02 -6.571909086821332846e-02 -1.013196834856839590e-01 -1.396676248165971412e-01 -1.804233128908612760e-01 -2.215493542634638935e-01 -2.586467569810458333e-01 -2.853864961236290965e-01 -2.958421686809236673e-01 -2.877356499803128687e-01 -2.639147185807758644e-01 -2.306257077011797385e-01 -1.942583434213195348e-01 -1.591860049417727907e-01 -1.274874243358447568e-01 -9.966233470849630849e-02 -7.539550387173171719e-02 -5.403827357012552096e-02 -3.484571291001144211e-02 -1.707273864919175640e-02
-6.340293831342558306e-02 -1.292673635934110943e-01 -1.998409135709366125e-01 -2.766958648109458241e-01 -3.596804008316262236e-01 -4.450545094345959019e-01 -5.235586712007032073e-01 -5.809320519406182548e-01 -6.032975199084724682e-01 -5.852093859711504642e-01 -5.334013081360836628e-01 -4.624042271248138825e-01 -3.865002905253746013e-01 -3.147933857781671230e-01 -2.510572201322926467e-01 -1.957592035598963720e-01 -1.478804858319181514e-01 -1.059117844064218217e-01 -6.827181388038768006e-02 -3.344523436424087087e-02
-9.205962454733238043e-02 -1.880750366925358630e-01 -2.918925099318786520e-01 -4.067413290104179291e-01 -5.336165963555894454e-01 -6.677949820458214392e-01 -7.945280421016501782e-01 -8.889261649636952534e-01 -9.256122813234616276e-01 -8.943914051552805944e-01 -8.077266082621321619e-01 -6.919976171326118752e-01 -5.718883244553725209e-01 -4.616754550644417976e-01 -3.660263942456268849e-01 -2.844102343308774761e-01 -2.144521636255123376e-01 -1.534562384869978535e-01 -9.888448951843714640e-02 -4.843636771168774446e-02
-1.167493821044682384e-01 -2.389927363922886017e-01 -3.723871599362327256e-01 -5.223782556838242330e-01 -6.920653826561043998e-01 -8.766648384285283813e-01 -1.055747540362104608e+00 -1.191646439856361095e+00 -1.244374924566878260e+00 -1.197560685382617951e+00 -1.071050002719124983e+00 -9.061705199788929743e-01 -7.399619673213001514e-01 -5.918870776979162640e-01 -4.665091308158129113e-01 -3.613291638814687956e-01 -2.720525269658335965e-01 -1.945756495457238999e-01 -1.253734590773899482e-01 -6.141572922952683034e-02
-1.359215823937296730e-01 -2.785733044616657272e-01 -4.351727655901727609e-01 -6.132775519835932387e-01 -8.182799611451868627e-01 -1.045936790884373968e+00 -1.271079420893626022e+00 -1.444229177353673288e+00 -1.511438972204323328e+00 -1.450354995956009585e+00 -1.287943348012392963e+00 -1.079764672331943176e+00 -8.742020187110499663e-01 -6.949431438528720362e-01 -5.458340327352618759e-01 -4.221881170545098705e-01 -3.178337429227998667e-01 -2.274185662373557348e-01 -1.466178216812741852e-01 -7.185307413174893409e-02
-1.483257864963569983e-01 -3.039076339206007171e-01 -4.746683857656082139e-01 -6.691905242171219959e-01 -8.940491147144015160e-01 -1.145341453826673517e+00 -1.395498897343159017e+00 -1.588873969303406186e+00 -1.664146725539293437e+00 -1.595791755905014986e+00 -1.414553304772371067e+00 -1.183506340190892958e+00 -9.569495007336471515e-01 -7.606961181280094131e-01 -5.981557771789030031e-01 -4.635042032597893047e-01 -3.496446781508823487e-01 -2.506441222519485423e-01 -1.618259544418500784e-01 -7.937870735824310853e-02
-1.534279015285274217e-01 -3.137000381606601662e-01 -4.882321226713344231e-01 -6.849295441027691833e-01 -9.095850113075014676e-01 -1.157850307398859302e+00 -1.402898675797788153e+00 -1.591501727086867213e+00 -1.665370046156034789e+00 -1.600307998439755908e+00 -1.425506601196831147e+00 -1.200984550854573341e+00 -9.787587985165170368e-01 -7.840361237252935211e-01 -6.207158310698603909e-01 -4.837225528432035904e-01 -3.665588129695577235e-01 -2.636837014339117324e-01 -1.706628699233983248e-01 -8.383575957089382802e-02
-1.516433444787569362e-01 -3.088978275382300298e-01 -4.776294480424029265e-01 -6.636409408627627071e-01 -8.703498843801174001e-01 -1.092416878596401020e+00 -1.306508316274644921e+00 -1.469049292575568932e+00 -1.533447436990801993e+00 -1.480571040597697063e+00 -1.333631241910313125e+00 -1.140776181263592148e+00 -9.448215300371538561e-01 -7.679529117674803729e-01 -6.152221027445590185e-01 -4.838295435337296446e-01 -3.691494190019832811e-01 -2.668656920272880484e-01 -1.733057812840183287e-01 -8.530142551186815913e-02
-1.442179749627319763e-01 -2.923845645993660702e-01 -4.483483959354187531e-01 -6.153163491042273892e-01 -7.939789045482654739e-01 -9.782387256863953606e-01 -1.149683649018143461e+00 -1.277138676858967647e+00 -1.328651613896268735e+00 -1.291365576784790470e+00 -1.181058003959413849e+00 -1.030978858267765474e+00 -8.720595070060122023e-01 -7.221262669974122250e-01 -5.871833216293306235e-01 -4.670271138992655446e-01 -3.593192371604428392e-01 -2.613215261527209732e-01 -1.703929438055466483e-01 -8.406410481687090486e-02
-1.328282765746699734e-01 -2.679501116572264863e-01 -4.073223050306964410e-01 -5.519390774461274685e-01 -7.004731099721065446e-01 -8.468260564371269394e-01 -9.775213031200186142e-01 -1.072378097166692967e+00 -1.111917860720412321e+00 -1.088545352583008885e+00 -1.011774566491839611e+00 -9.021082702366249872e-01 -7.798540974692574901e-01 -6.583395398516520558e-01 -5.437184288144976119e-01 -4.376719833566686257e-01 -3.397659524232340966e-01 -2.487070070005865108e-01 -1.628802530355853428e-01 -8.056202455471454804e-02
-1.191386845860595983e-01 -2.392154823394736229e-01 -3.607540395233906905e-01 -4.832958940849811369e-01 -6.045148870911879468e-01 -7.190031874683774360e-01 -8.173713946392412444e-01 -8.872755838047395871e-01 -9.176403801960665296e-01 -9.043301980943970753e-01 -8.527035052316884745e-01 -7.746154341972386614e-01 -6.827093953143970051e-01 -5.864666549636272652e-01 -4.914220667924641961e-01 -4.001345223896288772e-01 -3.133603677628897244e-01 -2.308597906417260981e-01 -1.518589815253027220e-01 -7.530372257227636867e-02
-1.045090395587470050e-01 -2.090038891584240222e-01 -3.130918521315111946e-01 -4.155649537323005127e-01 -5.138767104354562409e-01 -6.036265029986596087e-01 -6.784320115220356939e-01 -7.308566660887829691e-01 -7.547216897182005280e-01 -7.478393311485128647e-01 -7.131882750457156916e-01 -6.575278234338934880e-01 -5.886228248343311487e-01 -5.130324752545366573e-01 -4.352904421370125676e-01 -3.580708648604585265e-01 -2.826795894727869851e-01 -2.095126264738794986e-01 -1.383921119807561273e-01 -6.879387707984122025e-02
-8.989314428454889261e-02 -1.791956483993006333e-01 -2.670236056403795244e-01 -3.519005590568244357e-01 -4.314749167142883368e-01 -5.023462002804112148e-01 -5.601995249974378588e-01 -6.004920731078262630e-01 -6.197080780242258946e-01 -6.166726727559326271e-01 -5.930887785719719529e-01 -5.528971167614816773e-01 -5.009264846859873277e-01 -4.416661175240567117e-01 -3.786182568179772279e-01 -3.141758891538728449e-01 -2.497740866043097474e-01 -1.861189422698612261e-01 -1.234029261921483211e-01 -6.147966537988488328e-02
-7.586778984962622152e-02 -1.508613455009346627e-01 -2.239026740568733076e-01 -2.935221642946896359e-01 -3.577192181953414707e-01 -4.139354794620264122e-01 -4.592349126014966254e-01 -4.907656845575035787e-01 -5.064485622101603246e-01 -5.056267991208084345e-01 -4.893181851165234741e-01 -4.599075244162998954e-01 -4.204681760324726625e-01 -3.740725461098166060e-01 -3.233373332942003353e-01 -2.702397773046349427e-01 -2.161217700628701166e-01 -1.617860776539969403e-01 -1.076209383018240789e-01 -5.372183739299738608e-02
-6.271666783194464190e-02 -1.244791814852964779e-01 -1.842030897872296569e-01 -2.405639914163918425e-01 -2.919367297292666530e-01 -3.364218612969034350e-01 -3.720000779909996558e-01 -3.968289833069154615e-01 -4.096276758261632178e-01 -4.100109835399956548e-01 -3.986125721595902283e-01 -3.769282776142815483e-01 -3.469592309025815169e-01 -3.108165365007757863e-01 -2.704182693936775794e-01 -2.273239734825939495e-01 -1.826870860076352243e-01 -1.372826247005321798e-01 -9.157290495493965177e-02 -4.578674828244715805e-02
-5.051967449719550057e-02 -1.001356022617990033e-01 -1.478664206165697104e-01 -1.925937035667832087e-01 -2.330410440574141873e-01 -2.678131263952729935e-01 -2.955106040672846879e-01 -3.149166033053476532e-01 -3.252154798760106824e-01 -3.261711092757326180e-01 -3.181890373294115060e-01 -3.022318793560418992e-01 -2.796231797108951755e-01 -2.518158567121571711e-01 -2.201951201230059052e-01 -1.859507253858892761e-01 -1.500199251353106222e-01 -1.130843994624209092e-01 -7.560130623383794213e-02 -3.785223969203054678e-02
-3.922640946839123233e-02 -7.767710712933562078e-02 -1.145332391927461058e-01 -1.489032981869698180e-01 -1.798205093083083961e-01 -2.062787852278757661e-01 -2.273122796729262762e-01 -2.421108292323136957e-01 -2.501459801195004551e-01 -2.512684412894839459e-01 -2.457402498458192142e-01 -2.341868293512655574e-01 -2.174856534829751331e-01 -1.966285423027766543e-01 -1.725955898381246467e-01 -1.462638594026830219e-01 -1.183574626547881925e-01 -8.943374305061910223e-02 -5.989567832961794486e-02 -3.002091222222827427e-02
-2.870884956431942955e-02 -5.681313563840210273e-02 -8.368608521139489498e-02 -1.086656716756058128e-01 -1.310588411190752867e-01 -1.501691755683673135e-01 -1.653488394437811482e-01 -1.760684154813890734e-01 -1.819891042861725150e-01 -1.830163765883278115e-01 -1.793166231124061483e-01 -1.712894980418674939e-01 -1.595040019765339989e-01 -1.446170408692657172e-01 -1.272948058341733246e-01 -1.081516124867220319e-01 -8.771230291543442859e-02 -6.639741921012955184e-02 -4.452674644929859038e-02 -2.233573741544301466e-02
-1.879586795020130041e-02 -3.718049833142556687e-02 -5.473229575298801941e-02 -7.101443270252370821e-02 -8.557998985191810071e-02 -9.799019349841836535e-02 -1.078454553804694543e-01 -1.148248662682698484e-01 -1.187255950951554145e-01 -1.194912873009996435e-01 -1.172203275453440885e-01 -1.121504900187603182e-01 -1.046237986497625394e-01 -9.504079548037780434e-02 -8.381495604120146881e-02 -7.133546741380701606e-02 -5.794269227263522393e-02 -4.391685206720658680e-02 -2.947813427478214454e-02 -1.479527475571449681e-02
-9.294137182950792594e-03 -1.838069931026460255e-02 -2.704818311959084065e-02 -3.507977289069399290e-02 -4.225647434965965066e-02 -4.836614057035433512e-02 -5.321789599309423302e-02 -5.665996863297460828e-02 -5.859710583305997172e-02 -5.900282104945527711e-02 -5.792287432197584796e-02 -5.546831561908635577e-02 -5.179986760784518335e-02 -4.710734916407845196e-02 -4.158872255603260348e-02 -3.543257848089832740e-02 -2.880611141233949124e-02 -2.184915626037911215e-02 -1.467363115325408078e-02 -7.367231591339992725e-03
