-7.049943500518646849e-03 -1.366648581376139759e-02 -1.947331188729641352e-02 -2.419512361484081261e-02 -2.767987537523531813e-02 -2.989765903480879131e-02 -3.092064936777590145e-02 -3.089249077005175315e-02 -2.999559300746154969e-02 -2.842271379487952901e-02 -2.635602263983695404e-02 -2.395422646895155327e-02 -2.134658890105618767e-02 -1.863188462567181083e-02 -1.588057537743050099e-02 -1.313861395453737833e-02 -1.043180308135514128e-02 -7.770168291600272614e-03 -5.151939846621439965e-03 -2.567009573010681743e-03
-1.453327908595953080e-02 -2.814268347453922903e-02 -4.003163479545295694e-02 -4.962728110306550977e-02 -5.662670120565326676e-02 -6.099007711636714180e-02 -6.289240330487015640e-02 -6.265368022773908085e-02 -6.066715500284426688e-02 -5.733923959962278216e-02 -5.304714246711977887e-02 -4.811429951025894547e-02 -4.280023597146100089e-02 -3.730035280269888148e-02 -3.175179555513314711e-02 -2.624206324569624063e-02 -2.081841699090827835e-02 -1.549695703538426367e-02 -1.027060246543987782e-02 -5.116107988368315956e-03
-2.294048983411907730e-02 -4.433932882317988267e-02 -6.288327371776054886e-02 -7.765564837335370285e-02 -8.820955034846642007e-02 -9.454351308039375679e-02 -9.700515455924763053e-02 -9.616262702946064278e-02 -9.268008143431318013e-02 -8.721991816341298498e-02 -8.037898333829539277e-02 -7.265558773122279823e-02 -6.443966123255084888e-02 -5.601746877089996274e-02 -4.758416604066988131e-02 -3.925938569921887111e-02 -3.110284511808335262e-02 -2.312863100987036166e-02 -1.531742148075905703e-02 -7.626825757923419609e-03
-3.288933531964343543e-02 -6.339084036112525855e-02 -8.950646120276394002e-02 -1.099024687098464625e-01 -1.240123197087037304e-01 -1.319692193497439270e-01 -1.344220523017732871e-01 -1.323115499273831430e-01 -1.266705921917391786e-01 -1.184813557118320898e-01 -1.085932533911134756e-01 -9.768938798092674514e-02 -8.628533145525611736e-02 -7.474564528892317650e-02 -6.330798282349851813e-02 -5.210843107277244451e-02 -4.120492879070365017e-02 -3.059728829421641191e-02 -2.024364453757914600e-02 -1.007378506150195113e-02
-4.522589468820403108e-02 -8.682805709604260458e-02 -1.218490813523391975e-01 -1.484353055097095420e-01 -1.659679567755656671e-01 -1.748989271817924240e-01 -1.764022436170283314e-01 -1.719909006188458933e-01 -1.632093215611581383e-01 -1.514416214998912935e-01 -1.378232290023746198e-01 -1.232233153114461882e-01 -1.082665739510127317e-01 -9.337177314854157306e-02 -7.879364057428069057e-02 -6.466138191917483735e-02 -5.101111210359966786e-02 -3.781190693608876136e-02 -2.498604190354665813e-02 -1.242467370939034053e-02
-6.118453867809570818e-02 -1.168440211997133771e-01 -1.626238969989786398e-01 -1.960195454732489573e-01 -2.165239094877462744e-01 -2.252556136133027631e-01 -2.242968418362889793e-01 -2.160403801831308757e-01 -2.027341223379853230e-01 -1.862525281088885654e-01 -1.680346579378119432e-01 -1.491140003854736773e-01 -1.301858339346408100e-01 -1.116811970191513986e-01 -9.383340970050063623e-02 -7.673231286970895459e-02 -6.036620257084716890e-02 -4.465314126663551958e-02 -2.946393123294883953e-02 -1.463883529507226632e-02
-8.265020098262450265e-02 -1.567136229891696042e-01 -2.157545213286620467e-01 -2.564715151235587021e-01 -2.788377057818768878e-01 -2.852956869583567201e-01 -2.794865199150475821e-01 -2.651389082628654581e-01 -2.454340317244235181e-01 -2.227996111440160298e-01 -1.989487803364295149e-01 -1.750121224784939034e-01 -1.516814958716188322e-01 -1.293337321666358508e-01 -1.081264512097739744e-01 -8.806821899501318662e-02 -6.906819515132557596e-02 -5.097048384943072413e-02 -3.357766800328739615e-02 -1.666671840538620081e-02
-1.125514538370622347e-01 -2.113877287925035042e-01 -2.869707561717130262e-01 -3.350767990904019444e-01 -3.569356272552194898e-01 -3.575437987502737558e-01 -3.431932392734291515e-01 -3.195887997684663806e-01 -2.910622342444937338e-01 -2.605628267791007535e-01 -2.299486338500268956e-01 -2.003041313845748683e-01 -1.721942227315700902e-01 -1.458457231538350662e-01 -1.212704156745663120e-01 -9.834590341900020793e-02 -7.686783233600338883e-02 -5.658290596072351741e-02 -3.720951875522154201e-02 -1.845035478442557872e-02
-1.552056961222293141e-01 -2.879276456820180075e-01 -3.841473982026783474e-01 -4.386726703438196817e-01 -4.554948443205734665e-01 -4.443747544495015300e-01 -4.160181045729396954e-01 -3.789236256427344629e-01 -3.386555024137299363e-01 -2.984395554011023410e-01 -2.599785706706940758e-01 -2.240614525547922065e-01 -1.909454455084145796e-01 -1.605844541670279901e-01 -1.327634977108324010e-01 -1.071770901252851738e-01 -8.347427979776876616e-02 -6.128375597605984632e-02 -4.022713156108009142e-02 -1.992518281892279725e-02
-2.157010955612682357e-01 -3.942754033247720669e-01 -5.157011548138412671e-01 -5.739085100265661765e-01 -5.781879504740103926e-01 -5.466289149050239660e-01 -4.969262469796396631e-01 -4.412529455466715489e-01 -3.861593900140805613e-01 -3.345554083326248707e-01 -2.874638880736181679e-01 -2.450175184140705731e-01 -2.069415727913381520e-01 -1.727830743773302313e-01 -1.420219464093419870e-01 -1.141246015666841224e-01 -8.856839797695591210e-02 -6.485068494368996517e-02 -4.249005592465094489e-02 -2.102324676757358346e-02
-2.963426884581202292e-01 -5.332866360215129387e-01 -6.837096008230149069e-01 -7.408960261461118302e-01 -7.227902655521443176e-01 -6.603943983240988524e-01 -5.814111165451836261e-01 -5.023474837570039986e-01 -4.300377678660383118e-01 -3.661373813112659414e-01 -3.103014354376550932e-01 -2.616028514856245657e-01 -2.190201480919810595e-01 -1.815842521949730670e-01 -1.484165091731631525e-01 -1.187309200089486372e-01 -9.182395640700984074e-02 -6.706050746859747169e-02 -4.385913550571613612e-02 -2.167774827221950404e-02
-3.893024197794215380e-01 -6.909313512840519200e-01 -8.707492918685084682e-01 -9.216896478698282102e-01 -8.730624289835707819e-01 -7.723585581028682423e-01 -6.593391093030315231e-01 -5.548720340778986460e-01 -4.651300753989302539e-01 -3.895955874458089663e-01 -3.259944811857360958e-01 -2.720716070428478295e-01 -2.259518142197429191e-01 -1.861172058634033843e-01 -1.513288665503893793e-01 -1.205585419074665376e-01 -9.293594099099407313e-02 -6.770821369398090372e-02 -4.420821524783370010e-02 -2.182860989519335923e-02
-4.709830021880401785e-01 -8.277029874988828251e-01 -1.030703969238927264e+00 -1.072821182467811107e+00 -9.942402470101574519e-01 -8.579894637556594317e-01 -7.147648573208930101e-01 -5.888546143072923567e-01 -4.852231814702828716e-01 -4.009958508002501310e-01 -3.319943439325545587e-01 -2.747358777502086902e-01 -2.265981406974330592e-01 -1.856038344460231027e-01 -1.502231506604342348e-01 -1.192383972688688260e-01 -9.165298978888422599e-02 -6.662815932692978116e-02 -4.343687464174231933e-02 -2.142845963587956121e-02
-5.092708722339782668e-01 -8.908630564154413900e-01 -1.103055948986984003e+00 -1.138756463822082399e+00 -1.043762737341322522e+00 -8.890171671925031216e-01 -7.306507317933126355e-01 -5.944772472277752851e-01 -4.846508360679605554e-01 -3.969718863023038447e-01 -3.262274385147129196e-01 -2.682771886301283937e-01 -2.201008298231627303e-01 -1.794767720512826237e-01 -1.447214607428632116e-01 -1.145188612319367194e-01 -8.780941261731790848e-02 -6.371453255644399238e-02 -4.148262118938607357e-02 -2.044833582493608276e-02
-4.848277590919804481e-01 -8.488625173203919738e-01 -1.051789235963780600e+00 -1.086715777626738655e+00 -9.968437797948255241e-01 -8.492957063666758399e-01 -6.975007091621794331e-01 -5.664083159193910033e-01 -4.604076558103002981e-01 -3.757738583441757596e-01 -3.076377012464960869e-01 -2.520419539643531937e-01 -2.060509619801817738e-01 -1.674809031937626036e-01 -1.346670001708774045e-01 -1.063061159298610558e-01 -8.135122351025621257e-02 -5.893789710431020235e-02 -3.833071116870505335e-02 -1.888226273948945960e-02
-4.068504982209672494e-01 -7.166001608300430759e-01 -8.937598039060949962e-01 -9.318067450127990314e-01 -8.646000787496447293e-01 -7.457326202451507458e-01 -6.190723420816816036e-01 -5.065234858958296282e-01 -4.134029373489861436e-01 -3.378588526374251555e-01 -2.764813664964990148e-01 -2.261995193270218141e-01 -1.845799266198072108e-01 -1.497287952762517971e-01 -1.201594612607315704e-01 -9.468733955156079241e-02 -7.235144197207216132e-02 -5.235508530260564453e-02 -3.402005547568395794e-02 -1.674999054227794409e-02
-3.049872514612400609e-01 -5.424717334603291752e-01 -6.841516849406769074e-01 -7.241455751316789868e-01 -6.847715206551437950e-01 -6.027074110307085730e-01 -5.094764006524860056e-01 -4.225436278265287671e-01 -3.478538081573686047e-01 -2.856250371372706653e-01 -2.342112244321301884e-01 -1.916931438346627103e-01 -1.563402523868026028e-01 -1.266948243559786191e-01 -1.015546495455333514e-01 -7.993230196551991129e-02 -6.101209270193975326e-02 -4.411093579501849243e-02 -2.864440094548229010e-02 -1.409763842715225195e-02
-2.069753777388625149e-01 -3.723661495935735033e-01 -4.759065388755226444e-01 -5.127252277124083601e-01 -4.954196867289612505e-01 -4.459881645926896954e-01 -3.846089473814239823e-01 -3.238655860353427118e-01 -2.693343886267626219e-01 -2.224961531337409926e-01 -1.830357609255738593e-01 -1.500206769560031017e-01 -1.223930163039774754e-01 -9.915554194672109023e-02 -7.943198129242456940e-02 -6.247509639340449034e-02 -4.765366898210295077e-02 -3.443214657350157637e-02 -2.234899295218784748e-02 -1.099614071930328334e-02
-1.251632335450055256e-01 -2.275074417214992539e-01 -2.943731808593058052e-01 -3.222771319481758101e-01 -3.173706127827642387e-01 -2.913018153888193296e-01 -2.555269761279370666e-01 -2.179961971144439570e-01 -1.829188792365940563e-01 -1.519574462898432010e-01 -1.254111719115527379e-01 -1.029604181336195023e-01 -8.405552461812598741e-02 -6.810232460330800652e-02 -5.454260706250192020e-02 -4.288240859691574286e-02 -3.269532780735466548e-02 -2.361496214295377011e-02 -1.532326593303127808e-02 -7.537921911992135834e-03
-5.849581119069591217e-02 -1.070612853183530722e-01 -1.397058941668972709e-01 -1.546171183115545023e-01 -1.541886214778653286e-01 -1.433241058925810163e-01 -1.271190738983392354e-01 -1.093772894389551664e-01 -9.232603793235566458e-02 -7.699390113786069856e-02 -6.368988058796933027e-02 -5.235416578094908430e-02 -4.276632222474193584e-02 -3.465558445264434184e-02 -2.775370162185926068e-02 -2.181659713712497464e-02 -1.663025625584196518e-02 -1.200910138149339015e-02 -7.791161182494685603e-03 -3.832271449087007540e-03
