-2.145813468921198286e-02 -4.313126395208357472e-02 -6.515421504539568864e-02 -8.749112986900482725e-02 -1.098304143408518480e-01 -1.314763886080365929e-01 -1.512784834724253680e-01 -1.676768156608564042e-01 -1.789530392158629468e-01 -1.836932495998203352e-01 -1.812907123078903449e-01 -1.721947415386523850e-01 -1.577344203894269770e-01 -1.396401525172317748e-01 -1.195554673709830207e-01 -9.874385204722285758e-02 -7.801109493372246351e-02 -5.776010050574160309e-02 -3.809294332321821325e-02 -1.891157094455395843e-02
-4.270126256536427301e-02 -8.591269930929899823e-02 -1.299944094101458669e-01 -1.749794789051689337e-01 -2.203521711456155607e-01 -2.647895848635913318e-01 -3.059415397914108659e-01 -3.404363695949074731e-01 -3.643809333707987430e-01 -3.744572126591261818e-01 -3.692105492779007014e-01 -3.497103431525337425e-01 -3.190804610055484880e-01 -2.812620507570763317e-01 -2.398353213905895787e-01 -1.974082867696398957e-01 -1.555403660322759729e-01 -1.149363704057723146e-01 -7.570010813805189143e-02 -3.755333684933526150e-02
-6.343418446886202322e-02 -1.278238132192017762e-01 -1.939307388682296740e-01 -2.620770931686458582e-01 -3.317943982272528181e-01 -4.013352926931573750e-01 -4.671184830491531548e-01 -5.234525982469441230e-01 -5.632210029537895180e-01 -5.800069623707522215e-01 -5.709044042276877340e-01 -5.380311086016696942e-01 -4.874485726684975595e-01 -4.264275501640730770e-01 -3.610964178294536753e-01 -2.955093844837134442e-01 -2.318050034158230799e-01 -1.707448301582869810e-01 -1.122177817485525975e-01 -5.560166194455039290e-02
-8.321162059922941612e-02 -1.680172671388319161e-01 -2.558247581861725073e-01 -3.475859480539758017e-01 -4.433291171992376767e-01 -5.413393202633541845e-01 -6.369350350104625580e-01 -7.213755149369315278e-01 -7.824661100079934872e-01 -8.084098043636941400e-01 -7.936591393153791252e-01 -7.422272239549518869e-01 -6.653143579757549997e-01 -5.755372978745459944e-01 -4.825055793854671204e-01 -3.917037460951367511e-01 -3.054213875214783491e-01 -2.240196570803201503e-01 -1.468244746118676780e-01 -7.263553065967301436e-02
-1.013948975579378603e-01 -2.052073830067190074e-01 -3.137527726894899227e-01 -4.290364289969677003e-01 -5.522372272621075551e-01 -6.824753166768748880e-01 -8.144393661334903278e-01 -9.355418699403706961e-01 -1.025817582926731086e+00 -1.064504640225693466e+00 -1.041487248117519249e+00 -9.640486941944652610e-01 -8.520143526885560759e-01 -7.263345198555866133e-01 -6.012228596090487542e-01 -4.832754307096012170e-01 -3.741396875677867606e-01 -2.730857019358163829e-01 -1.784247099841783646e-01 -8.811594998080554686e-02
-1.171601346438273100e-01 -2.376597215126544926e-01 -3.649025516139693948e-01 -5.023216216741228646e-01 -6.529404121783390913e-01 -8.177208656927204000e-01 -9.915460533936718557e-01 -1.157459668323253421e+00 -1.284908040649773708e+00 -1.340083844415996372e+00 -1.306044516289817992e+00 -1.194957927561306699e+00 -1.039274051534732957e+00 -8.714747187427246411e-01 -7.112757739444839356e-01 -5.657002361330186746e-01 -4.347194739316984080e-01 -3.157514876714932472e-01 -2.056719984763907827e-01 -1.014035046954339797e-01
-1.295848255182004971e-01 -2.633568268173380744e-01 -4.057777082619903886e-01 -5.617962423668921845e-01 -7.366078059976433057e-01 -9.336709281819521866e-01 -1.148850203198741537e+00 -1.361043627378075938e+00 -1.528028471102016450e+00 -1.600955090503546563e+00 -1.554871567980877778e+00 -1.407677448702921552e+00 -1.206438989645752802e+00 -9.964885016695635978e-01 -8.030127384182526029e-01 -6.327051582347743564e-01 -4.831467504387022549e-01 -3.495108725192146437e-01 -2.271065578461645418e-01 -1.118259532640260567e-01
-1.378202920895973127e-01 -2.803826599188751212e-01 -4.328716081897199808e-01 -6.013379914099707957e-01 -7.926607864443329099e-01 -1.012377854389467702e+00 -1.257428292813272730e+00 -1.503854439629411344e+00 -1.700554738524420628e+00 -1.786925782576856081e+00 -1.731695203590302823e+00 -1.557286681688025975e+00 -1.322214746488051818e+00 -1.081655145176311672e+00 -8.646915371513197446e-01 -6.774212723735519859e-01 -5.153907219648382609e-01 -3.720052325496128742e-01 -2.414141701402177376e-01 -1.187935068122273480e-01
-1.413107705451336349e-01 -2.874502102538774584e-01 -4.437283332683478743e-01 -6.164110875901196440e-01 -8.127339560385383743e-01 -1.038697294621708123e+00 -1.291486914726045709e+00 -1.546485628382065158e+00 -1.750518308908945775e+00 -1.840221840312614265e+00 -1.782836297202973652e+00 -1.601850387633671380e+00 -1.358468180379523549e+00 -1.110166750337158836e+00 -8.869314420004272836e-01 -6.947198970112479222e-01 -5.286207495742919482e-01 -3.816578516140666788e-01 -2.477467825454968686e-01 -1.219335887129140289e-01
-1.399694608729763201e-01 -2.843450864360707597e-01 -4.379019371944853911e-01 -6.061153936696422884e-01 -7.950333232743100886e-01 -1.009182499758024987e+00 -1.244910381788222331e+00 -1.479351433839133811e+00 -1.665100016556646301e+00 -1.746522967706935381e+00 -1.695033896005130769e+00 -1.531134225094307633e+00 -1.308491604945686282e+00 -1.078165717419895087e+00 -8.676982227243961177e-01 -6.835710485917768642e-01 -5.223189923976915283e-01 -3.782078655399831457e-01 -2.459766056850575533e-01 -1.211937146472621546e-01
-1.342194503221126600e-01 -2.720311132493480333e-01 -4.171925715210150210e-01 -5.737101587323717444e-01 -7.454907316848250476e-01 -9.345115724645314259e-01 -1.135876533295303581e+00 -1.330268361952481104e+00 -1.481043969771472568e+00 -1.546706701556535446e+00 -1.506248257823627812e+00 -1.374747101417107764e+00 -1.192112838342440639e+00 -9.974956373966575862e-01 -8.136315100889029983e-01 -6.476491551376083455e-01 -4.985548271283462562e-01 -3.628367514370564040e-01 -2.367540738173621317e-01 -1.168643937383274101e-01
-1.248756767810958040e-01 -2.523503528266829998e-01 -3.849876390959277583e-01 -5.251762623281686082e-01 -6.746348011170909542e-01 -8.329696503870257507e-01 -9.945407811765971662e-01 -1.144308659024030561e+00 -1.257047757286116729e+00 -1.305736937863291036e+00 -1.277025695808698957e+00 -1.180514474656100044e+00 -1.042070330359101460e+00 -8.883212163040371534e-01 -7.364501156870593146e-01 -5.936698815465031309e-01 -4.612163629118779529e-01 -3.378048484203182711e-01 -2.213361085027097941e-01 -1.095096287473560914e-01
-1.129321702384442211e-01 -2.274990655047561816e-01 -3.451662594125564087e-01 -4.669681510465464314e-01 -5.930002298513185055e-01 -7.214065508596168019e-01 -8.466644795982181115e-01 -9.577827259424831485e-01 -1.038694108105191027e+00 -1.073381396309128100e+00 -1.054194148398871933e+00 -9.866563919692489248e-01 -8.860130503008419867e-01 -7.689779097511498795e-01 -6.477338014730432691e-01 -5.288177646434405466e-01 -4.147434132702362275e-01 -3.058183284058146323e-01 -2.012747779141971782e-01 -9.983793918871301798e-02
-9.935370780994699780e-02 -1.995446832512343671e-01 -3.011871587713939591e-01 -4.043867225718034697e-01 -5.083179191605389224e-01 -6.105896590725633510e-01 -7.064332060936302504e-01 -7.881530050113068064e-01 -8.458852022542548976e-01 -8.705463417487104838e-01 -8.579710175644752468e-01 -8.111899910041775463e-01 -7.387992460628171054e-01 -6.509081785276781273e-01 -5.558241463258778436e-01 -4.589306239776060337e-01 -3.630885060506234829e-01 -2.694461089437899526e-01 -1.781063692562556422e-01 -8.856733734504149136e-02
-8.493792519208101521e-02 -1.701380726916433550e-01 -2.556447958326359959e-01 -3.410352860299440958e-01 -4.251143125550886914e-01 -5.055562685210627238e-01 -5.785825982014700664e-01 -6.389384747915863860e-01 -6.805972372453088504e-01 -6.984114060276341851e-01 -6.901182585675584846e-01 -6.573842649042673791e-01 -6.050598943919978101e-01 -5.392436120778342223e-01 -4.654917647921081869e-01 -3.879402343631530026e-01 -3.092251241817038920e-01 -2.307701291624121298e-01 -1.531371471693329100e-01 -7.632503258747634634e-02
-7.025990245012056490e-02 -1.404247352424592699e-01 -2.102174297649208601e-01 -2.789875335150064917e-01 -3.455110399963730039e-01 -4.078073679581022959e-01 -4.630478433072133804e-01 -5.076942727648517950e-01 -5.380247275958938147e-01 -5.510539775459660783e-01 -5.455191821496523374e-01 -5.223654892189970589e-01 -4.844003317061091884e-01 -4.353543665911644989e-01 -3.789118670572766967e-01 -3.181029067994813886e-01 -2.550998986708263860e-01 -1.912719177299614381e-01 -1.273470386852885994e-01 -6.359564814484228168e-02
-5.567696095696846731e-02 -1.110835284521530242e-01 -1.658124954840930476e-01 -2.191852165540392194e-01 -2.701293109424614536e-01 -3.170941451321802607e-01 -3.580524845046516025e-01 -3.906540050385565732e-01 -4.125793307689722966e-01 -4.220555764787656261e-01 -4.183559591320157867e-01 -4.020343258201307668e-01 -3.747580674467942963e-01 -3.388369794627680842e-01 -2.966912016590241286e-01 -2.504580497678789985e-01 -2.017994032416097760e-01 -1.518705793914986169e-01 -1.013834420166958988e-01 -5.071051079303748321e-02
-4.136439951713574009e-02 -8.241994921369361071e-02 -1.227637967065051960e-01 -1.618114252847743795e-01 -1.987262339596894134e-01 -2.323851095970451697e-01 -2.614075852040506631e-01 -2.842768794931973542e-01 -2.995627178084734887e-01 -3.062091212098049797e-01 -3.037934425544283057e-01 -2.926433637988599679e-01 -2.737532589049080367e-01 -2.485414346594543578e-01 -2.185571162142228019e-01 -1.852385531542201647e-01 -1.497690899769101303e-01 -1.130275806553557028e-01 -7.560564268030124657e-02 -3.786294480838409832e-02
-2.736068195809147896e-02 -5.446806962502947352e-02 -8.101132841022783138e-02 -1.065704951003937639e-01 -1.305790660824008576e-01 -1.523123102372462290e-01 -1.709153316968310965e-01 -1.854820767634514922e-01 -1.951837826728975989e-01 -1.994226708503415157e-01 -1.979634763780132589e-01 -1.909911960268891595e-01 -1.790695480572028764e-01 -1.630181479614316586e-01 -1.437572362524711100e-01 -1.221699696950490216e-01 -9.901084261470824432e-02 -7.486503866162098897e-02 -5.014861653566359684e-02 -2.513562302927858233e-02
-1.361025204057068894e-02 -2.708032189056120559e-02 -4.024295868919394725e-02 -5.288016844507276853e-02 -6.470723882457607434e-02 -7.536971459853614164e-02 -8.445932330952139744e-02 -9.155224515366976179e-02 -9.626755663010072572e-02 -9.833418117516037893e-02 -9.764649346816875464e-02 -9.428831431290045362e-02 -8.851555785881508320e-02 -8.070435759813367194e-02 -7.128371403745889512e-02 -6.067324474913893262e-02 -4.923930106413388491e-02 -3.727312553391636668e-02 -2.498817302692495079e-02 -1.253094555342972906e-02
