-4.598390379109734000e-02 -8.757855436373629399e-02 -1.208980894077200663e-01 -1.431321098297130001e-01 -1.533464169037982161e-01 -1.527634209396452891e-01 -1.441505334272876193e-01 -1.307088846756056799e-01 -1.151646208998370058e-01 -9.939943616638889645e-02 -8.450079451134664965e-02 -7.097703995703336100e-02 -5.897311484030069717e-02 -4.843070913293396479e-02 -3.919122285659597249e-02 -3.105582886033439113e-02 -2.381744858563195066e-02 -1.727565679723328321e-02 -1.124188667880646197e-02 -5.539319067974999775e-03
-9.618698153958199493e-02 -1.830955491012452030e-01 -2.523765095595728591e-01 -2.977093296046878224e-01 -3.169946825026805914e-01 -3.132329055579050614e-01 -2.929693696724555707e-01 -2.634601379930820442e-01 -2.305330223832727232e-01 -1.979286522046194985e-01 -1.676261123071503545e-01 -1.404341762498604318e-01 -1.164846955160242226e-01 -9.555850170514484931e-02 -7.727836134844197347e-02 -6.121467632855739915e-02 -4.693832436173422246e-02 -3.404329720224922445e-02 -2.215258270931260223e-02 -1.091538872948862732e-02
-1.547164761290083790e-01 -2.943557321090019552e-01 -4.049756043605585165e-01 -4.751179431481539761e-01 -5.009170883330612556e-01 -4.883916954867585924e-01 -4.501359103184956467e-01 -3.992920218651547226e-01 -3.454827079083129249e-01 -2.941353468225316181e-01 -2.476374394497987963e-01 -2.066484384769875227e-01 -1.709729480292366821e-01 -1.400402505640607198e-01 -1.131490957519089985e-01 -8.958621048677849197e-02 -6.867790493629062631e-02 -4.980663534572449258e-02 -3.240975096897802388e-02 -1.596965626351368184e-02
-2.242839977931180839e-01 -4.266401859614152303e-01 -5.860558096913093262e-01 -6.832246323219526296e-01 -7.113988518526305205e-01 -6.815910375579623537e-01 -6.160804993209317848e-01 -5.366583667837702132e-01 -4.575630631474467691e-01 -3.854047092128640162e-01 -3.221255066558140201e-01 -2.675474145225519851e-01 -2.207182582186645037e-01 -1.804804813580345446e-01 -1.456915904101719339e-01 -1.153031961800110305e-01 -8.838047067064504214e-02 -6.409559462143012143e-02 -4.171014590289937735e-02 -2.055348125085370431e-02
-3.027882938558283388e-01 -5.761509087666644158e-01 -7.907992579350570095e-01 -9.164398437846235090e-01 -9.420229121618671764e-01 -8.857607201135865305e-01 -7.836826081359759000e-01 -6.690954339334174161e-01 -5.613961312061194198e-01 -4.675121521047826967e-01 -3.878662317472924559e-01 -3.206917473443361977e-01 -2.638716848862280306e-01 -2.154718338697087232e-01 -1.738336338652155810e-01 -1.375545371821550455e-01 -1.054452022359534114e-01 -7.648512313370234295e-02 -4.978176668521164944e-02 -2.453413132658797263e-02
-3.790452267714417567e-01 -7.216826652391196140e-01 -9.904810653871636283e-01 -1.142715240464163617e+00 -1.162236317434064192e+00 -1.075446996894062313e+00 -9.339174583978191446e-01 -7.834234812709940377e-01 -6.482190830313078189e-01 -5.346920573513969099e-01 -4.410227359142862014e-01 -3.634677176957725186e-01 -2.986036448949851985e-01 -2.437015118205043129e-01 -1.966166270374815617e-01 -1.556361338225986102e-01 -1.193606844181664822e-01 -8.661793203762645221e-02 -5.639768922231832432e-02 -2.780130702961242095e-02
-4.331726410519670667e-01 -8.251854374440855677e-01 -1.132870456365555167e+00 -1.303954032794819362e+00 -1.318255092096892511e+00 -1.208429806746498691e+00 -1.037900085253552263e+00 -8.617232531783867167e-01 -7.074601076636586328e-01 -5.807399297880674327e-01 -4.778564905673082785e-01 -3.935269316622002078e-01 -3.233713302772525111e-01 -2.641138405325137994e-01 -2.132952689446843964e-01 -1.690126994135917049e-01 -1.297434727778477015e-01 -9.422824742428663469e-02 -6.138981886686064454e-02 -3.027343454424718736e-02
-4.464488624340322009e-01 -8.506843497983541669e-01 -1.168287286560421689e+00 -1.344927066489388645e+00 -1.359521817302449698e+00 -1.245983965288721240e+00 -1.070171000426634933e+00 -8.890543259810922416e-01 -7.308858368005467510e-01 -6.011657128956294782e-01 -4.958442972463874554e-01 -4.093760371076392568e-01 -3.372375689905510177e-01 -2.760870988371674217e-01 -2.234379555117704530e-01 -1.773759358160395261e-01 -1.363722724732899794e-01 -9.916180781644015618e-02 -6.465995035824358139e-02 -3.190266190879800096e-02
-4.148403665968782295e-01 -7.904148939910433658e-01 -1.085984590996791566e+00 -1.253711749722363766e+00 -1.275225330280433722e+00 -1.179995309388472080e+00 -1.025588308230360957e+00 -8.625799445894831718e-01 -7.170777715524281337e-01 -5.952967108401476803e-01 -4.946687864069372886e-01 -4.108569375246306499e-01 -3.401122858299898688e-01 -2.795588418794364149e-01 -2.269935712821455343e-01 -1.806808371471025632e-01 -1.392078876222477002e-01 -1.013867921592687821e-01 -6.618558049606647342e-02 -3.267731254689781178e-02
-3.523777123039850134e-01 -6.713555937026962628e-01 -9.232669802835977713e-01 -1.071831796867322106e+00 -1.103429760125909320e+00 -1.039688752334144484e+00 -9.234646603215885818e-01 -7.937571838237180710e-01 -6.724757607883061761e-01 -5.667481119436810211e-01 -4.764275123475234519e-01 -3.992397264605775931e-01 -3.327929478813519415e-01 -2.750422927249723259e-01 -2.242966953799481467e-01 -1.791459811786234591e-01 -1.383916706215754244e-01 -1.009919245617153377e-01 -6.601831192540513760e-02 -3.262105932931546465e-02
-2.805219729217313107e-01 -5.346590008963348906e-01 -7.368003166157039985e-01 -8.623563690757461986e-01 -9.023276620350628718e-01 -8.703958496716212023e-01 -7.944590002669723594e-01 -7.013476612509491614e-01 -6.080035921142452615e-01 -5.218609186071453410e-01 -4.449010774307187166e-01 -3.768626553413096936e-01 -3.167757892333692427e-01 -2.635206366961881375e-01 -2.160050070344537165e-01 -1.732147648480579505e-01 -1.342209192181952337e-01 -9.817095151582538870e-02 -6.427470204023534583e-02 -3.178863053172018005e-02
-2.152542165108821959e-01 -4.107722574267086979e-01 -5.681216242848172726e-01 -6.715879123434687070e-01 -7.154648677372384968e-01 -7.074184150061175735e-01 -6.639539084548555792e-01 -6.021572424937903234e-01 -5.343331989588702147e-01 -4.673600013930783170e-01 -4.043827766094446607e-01 -3.465253312373595129e-01 -2.939261517021710679e-01 -2.462594780605363853e-01 -2.029879959200184547e-01 -1.634872194648065158e-01 -1.271063161118513585e-01 -9.319628328558446362e-02 -6.112093406803462137e-02 -3.025876630994003835e-02
-1.627800326410213938e-01 -3.113120706147363692e-01 -4.327063989588969539e-01 -5.169554280569627069e-01 -5.603033840246646191e-01 -5.666416866156290810e-01 -5.452322381580674282e-01 -5.065345951349916609e-01 -4.591117518966060795e-01 -4.087120254859332169e-01 -3.587200393290921885e-01 -3.109267164950844653e-01 -2.661437967265446458e-01 -2.246031827724081775e-01 -1.862003711515047566e-01 -1.506398672912020176e-01 -1.175208784171023896e-01 -8.638694133356120131e-02 -5.675400007614225112e-02 -2.812550581655556131e-02
-1.227082025504602630e-01 -2.353364051228724885e-01 -3.289549692179000728e-01 -3.969892225512105521e-01 -4.367757506397653144e-01 -4.500990473795923874e-01 -4.420578773986837962e-01 -4.189833480839588176e-01 -3.866811015556877451e-01 -3.496162201086300825e-01 -3.108521321437662799e-01 -2.723169482502140748e-01 -2.351191255181851181e-01 -1.998091424025974505e-01 -1.665704984369891783e-01 -1.353510721172768994e-01 -1.059504246251733728e-01 -7.807663451255188181e-02 -5.138262780466418961e-02 -2.548925857628675518e-02
-9.234444170147787512e-02 -1.776341993793915941e-01 -2.496832541218871881e-01 -3.040143424158062158e-01 -3.386280780453039263e-01 -3.542128450150808794e-01 -3.535660997324050481e-01 -3.405281082002129533e-01 -3.189756346709449186e-01 -2.922115971145482494e-01 -2.627540768373549662e-01 -2.323697163367913765e-01 -2.022066559381407447e-01 -1.729438151798382284e-01 -1.449214664092654259e-01 -1.182435379972837097e-01 -9.285316803312916589e-02 -6.858657560150448196e-02 -4.521063434561801986e-02 -2.244891314790013748e-02
-6.897854734968407453e-02 -1.330602272310349721e-01 -1.879607846547133310e-01 -2.305649302069595064e-01 -2.593439381129300503e-01 -2.744500402112995951e-01 -2.774120265833072696e-01 -2.705672662307367360e-01 -2.564760732213017258e-01 -2.374993054013642135e-01 -2.155827379174961034e-01 -1.922012295591099540e-01 -1.683940110502068765e-01 -1.448380477741420536e-01 -1.219280600112900154e-01 -9.984847438784570650e-02 -7.863215677117110780e-02 -5.820589569348634529e-02 -3.842445039938726520e-02 -1.909578502980110309e-02
-5.050293704914387422e-02 -9.765437166680449033e-02 -1.385152102908314975e-01 -1.709184692785751247e-01 -1.937135904750166837e-01 -2.068188470046164185e-01 -2.110585379466253797e-01 -2.078505678576854920e-01 -1.988614878654998142e-01 -1.857267185985098379e-01 -1.698763744864526526e-01 -1.524584849901482464e-01 -1.343301510066299276e-01 -1.160863330156066547e-01 -9.810428613343528947e-02 -8.059016402920994582e-02 -6.362112315898257875e-02 -4.718043392476219122e-02 -3.118551240120515447e-02 -1.550980414914805879e-02
-3.537826293188898324e-02 -6.853796878841394991e-02 -9.752551567346033623e-02 -1.208782107637898506e-01 -1.377714287616116917e-01 -1.480521499192798129e-01 -1.521521943927620357e-01 -1.509148078552535466e-01 -1.453925672100899458e-01 -1.366697383750959671e-01 -1.257375785562264703e-01 -1.134262487335640224e-01 -1.003818273193430310e-01 -8.707288473130313233e-02 -7.381261219494233972e-02 -6.078679924770420684e-02 -4.808175097442967533e-02 -3.570922430000142422e-02 -2.362738356640618070e-02 -1.175792040632202967e-02
-2.247211120288187397e-02 -4.359366187075388449e-02 -6.217057815555967343e-02 -7.729730617451793795e-02 -8.844168216378363312e-02 -9.546608489245236862e-02 -9.858328160773210946e-02 -9.826391624956139215e-02 -9.512426596773092269e-02 -8.982210175555020715e-02 -8.297798169574159555e-02 -7.512711606871347314e-02 -6.669805589296598503e-02 -5.801080605142962254e-02 -4.928651114093539343e-02 -4.066268585311998834e-02 -3.220986971968588936e-02 -2.394733737522459008e-02 -1.585690005329565277e-02 -7.894510082234552917e-03
-1.091652636504921760e-02 -2.119400367842695296e-02 -3.026583325037883118e-02 -3.769876187230664089e-02 -4.323191528429919800e-02 -4.678723395191657780e-02 -4.845095749728730444e-02 -4.843333639683389952e-02 -4.701850960891330866e-02 -4.451644147720498074e-02 -4.122515119151432678e-02 -3.740619028511292521e-02 -3.327251121290285968e-02 -2.898581731702786976e-02 -2.465997838591391794e-02 -2.036758960278927874e-02 -1.614769875773829771e-02 -1.201335106903858585e-02 -7.958367955383280345e-03 -3.963220004609359706e-03
