-1.060990741453241015e-02 -2.114854122183267016e-02 -3.152683390528398383e-02 -4.162151826751541578e-02 -5.126181136175722575e-02 -6.022175819357261650e-02 -6.822161865223821953e-02 -7.494145640333282898e-02 -8.004883035848485429e-02 -8.323891927463661355e-02 -8.428011825469897134e-02 -8.305371822232937573e-02 -7.957528651760198413e-02 -7.399067206961237875e-02 -6.654825618048092195e-02 -5.755736552434594089e-02 -4.734560069112943304e-02 -3.622531824446951348e-02 -2.447426598747359100e-02 -1.233069180446255166e-02
-2.129109677813804946e-02 -4.245741584643077104e-02 -6.333727397662136660e-02 -8.369745235301469244e-02 -1.032039696523279898e-01 -1.214036008592042637e-01 -1.377232546039677263e-01 -1.514953409346174173e-01 -1.620149103050545769e-01 -1.686266865219022693e-01 -1.708278199563058042e-01 -1.683594406001780452e-01 -1.612567483733814144e-01 -1.498391413611876166e-01 -1.346449844991339517e-01 -1.163356026123816001e-01 -9.559972829193073840e-02 -7.308140586045512588e-02 -4.934107299554600645e-02 -2.484849575825454071e-02
-3.209705523396109289e-02 -6.405272412731467802e-02 -9.566739254376932511e-02 -1.266270441260070323e-01 -1.564530192782279117e-01 -1.844654194155378180e-01 -2.097724347142141121e-01 -2.313017240713392264e-01 -2.478887319035557868e-01 -2.584250335803173204e-01 -2.620449649133738679e-01 -2.582994290927834724e-01 -2.472530822116007221e-01 -2.294641661978782388e-01 -2.058569243451011388e-01 -1.775403139727144142e-01 -1.456363019681109483e-01 -1.111594959960267165e-01 -7.496015307742164013e-02 -3.772223328165776046e-02
-4.304438933631193898e-02 -8.598900903095083037e-02 -1.286525199857641022e-01 -1.706903003460083779e-01 -2.115156197356158063e-01 -2.502325866676861632e-01 -2.855992847335799834e-01 -3.160502885549714147e-01 -3.398131119475732431e-01 -3.551395247695792179e-01 -3.606272943876920878e-01 -3.555399694410807387e-01 -3.399918042636484450e-01 -3.149074076104714792e-01 -2.817781614384873290e-01 -2.423323787069718571e-01 -1.982456288390759269e-01 -1.509600771716395340e-01 -1.016178250110178621e-01 -5.108027851138459419e-02
-5.409145330115300992e-02 -1.082063847012496999e-01 -1.622633397042011483e-01 -2.159659718328123534e-01 -2.686865229196991334e-01 -3.193499229709543252e-01 -3.663415239660124945e-01 -4.074862705040012134e-01 -4.401722867520592164e-01 -4.616899779984097174e-01 -4.697813605560913763e-01 -4.632381493588608179e-01 -4.422644279033621229e-01 -4.083942046165263684e-01 -3.640153816292816535e-01 -3.117651888663067195e-01 -2.540536836041580870e-01 -1.928173145287259971e-01 -1.294707757350715138e-01 -6.498105225261220641e-02
-6.511503169194092500e-02 -1.304817093895560831e-01 -1.962284585498199341e-01 -2.622236595539554904e-01 -3.279143825720554628e-01 -3.921382590006529112e-01 -4.529278388902137631e-01 -5.073730934017474103e-01 -5.516825998793186692e-01 -5.816383133127753791e-01 -5.935343047400682970e-01 -5.853328371261228291e-01 -5.574090202617284495e-01 -5.123761581825942990e-01 -4.541183835558583182e-01 -3.866574978864731338e-01 -3.133861292971829582e-01 -2.367845961052587045e-01 -1.584668847196972763e-01 -7.937314479819458646e-02
-7.588695533893777267e-02 -1.523769521878654276e-01 -2.299450853350076540e-01 -3.087856289908296192e-01 -3.886078754605120644e-01 -4.683549872857583063e-01 -5.458362522915836124e-01 -6.173317749505405905e-01 -6.774071652254046727e-01 -7.194152998597012072e-01 -7.370945647546046642e-01 -7.268737353351649721e-01 -6.894634038499027895e-01 -6.294740429787971658e-01 -5.533793038394780872e-01 -4.673460521335331963e-01 -3.760453170284145386e-01 -2.824674254473986679e-01 -1.882389202961137764e-01 -9.404464015480032413e-02
-8.605582863414974748e-02 -1.731940295592178380e-01 -2.623891530918289750e-01 -3.543647967401424848e-01 -4.493692972838364552e-01 -5.468015691545156098e-01 -6.445937683686078223e-01 -7.383168554393771954e-01 -8.203388263701223426e-01 -8.800965360886326971e-01 -9.067662865513907988e-01 -8.939017640403401632e-01 -8.428686130760361106e-01 -7.620055414910547054e-01 -6.623002379904898707e-01 -5.532145305427480508e-01 -4.409607929664459136e-01 -3.287970810482021000e-01 -2.179761878436126121e-01 -1.085664474354176151e-01
-9.514231566014265395e-02 -1.919541199241464324e-01 -2.920521181049666737e-01 -3.969100165621726739e-01 -5.076694249295674588e-01 -6.247202734889100162e-01 -7.467819281007772592e-01 -8.691629884293174957e-01 -9.815144539828409842e-01 -1.067207111612866743e+00 -1.107612175319159453e+00 -1.091141679248290863e+00 -1.020363157397322640e+00 -9.102396531890253328e-01 -7.792999154882066515e-01 -6.418419359267896196e-01 -5.056887368728236742e-01 -3.737662859617548183e-01 -2.462998836699349936e-01 -1.222447021327076055e-01
-1.025592685789784020e-01 -2.074277898881145554e-01 -3.169530874033659740e-01 -4.335357523743160191e-01 -5.595594593801659355e-01 -6.970332147595367234e-01 -8.463886736440008329e-01 -1.003519095269332251e+00 -1.155104207690976992e+00 -1.276012294311529072e+00 -1.335711951640312867e+00 -1.314497097114907254e+00 -1.216862496789263837e+00 -1.068165677668381885e+00 -8.982058108878192559e-01 -7.277150589728493824e-01 -5.658405669406288974e-01 -4.142170380916876948e-01 -2.712037992997565206e-01 -1.341115904205068265e-01
-1.076669062968968471e-01 -2.182441651139864214e-01 -3.347911140915117434e-01 -4.606722554591130003e-01 -5.996808220667836364e-01 -7.558665320942131727e-01 -9.321449041064856500e-01 -1.125909215182248069e+00 -1.321110466722547727e+00 -1.482656308456887562e+00 -1.565163838512154904e+00 -1.538548532569408822e+00 -1.409791326221333962e+00 -1.217475401587883033e+00 -1.005254990082328437e+00 -8.010787576116245035e-01 -6.148138725065657173e-01 -4.458899492719931024e-01 -2.901637276383869368e-01 -1.429954525709676294e-01
-1.098641207892135374e-01 -2.230898255831820498e-01 -3.432836685547999145e-01 -4.745832374549909805e-01 -6.219763522608193762e-01 -7.913537232070957383e-01 -9.880449627284940695e-01 -1.211207982146450979e+00 -1.442870533591631199e+00 -1.639312791020823168e+00 -1.741742768742545300e+00 -1.710561934456002575e+00 -1.555042015940774514e+00 -1.325852778300665280e+00 -1.079037847674205297e+00 -8.486043290288255436e-01 -6.445577406811001664e-01 -4.640240626056116868e-01 -3.005190100459371738e-01 -1.477016440254134977e-01
-1.086996369262167167e-01 -2.209658271087248382e-01 -3.406531257409109448e-01 -4.722493329179335841e-01 -6.212864430566821250e-01 -7.945055373250218267e-01 -9.983804174801227393e-01 -1.232976394830022970e+00 -1.479613607979623824e+00 -1.690836543616601739e+00 -1.801899921539456662e+00 -1.768945307039007542e+00 -1.602273404867087470e+00 -1.357957219373239655e+00 -1.097510202863530626e+00 -8.575084508309567255e-01 -6.478739505246435826e-01 -4.646031473004389456e-01 -3.001145315501084765e-01 -1.472846357851710641e-01
-1.039684854733377989e-01 -2.114189596833304374e-01 -3.260933728200553494e-01 -4.522974658874006071e-01 -5.952431797926943657e-01 -7.611263551304000563e-01 -9.556560003146312710e-01 -1.178316948254171326e+00 -1.411092116959609788e+00 -1.609518143423218639e+00 -1.713534401923036077e+00 -1.682619634120485541e+00 -1.526271647593807179e+00 -1.296330115757454715e+00 -1.049989880476705828e+00 -8.217308326265808649e-01 -6.214162198330652753e-01 -4.457841546762664198e-01 -2.879670022889135872e-01 -1.413136091270917327e-01
-9.575525315791218184e-02 -1.946465934925650787e-01 -2.999859344749439827e-01 -4.154469167739937574e-01 -5.452235273316516917e-01 -6.938898426801646258e-01 -8.649874749688163389e-01 -1.056437244939368192e+00 -1.252148298266201998e+00 -1.415954656824253366e+00 -1.500638486650666126e+00 -1.474784155366182681e+00 -1.345700358222465365e+00 -1.153662112278799112e+00 -9.439912730576660582e-01 -7.453129043912514184e-01 -5.672513059605953645e-01 -4.086039988666540501e-01 -2.645809157355503705e-01 -1.299950246071760185e-01
-8.440586051558192360e-02 -1.714251689298287584e-01 -2.637447284017797600e-01 -3.641751361473402615e-01 -4.756156724062179375e-01 -6.007185514458750486e-01 -7.406460461185284672e-01 -8.919020652006127703e-01 -1.041221390805224578e+00 -1.162573170067219941e+00 -1.223836702542290267e+00 -1.204150600961281015e+00 -1.108298907184455118e+00 -9.631149975430022270e-01 -7.998399494666744713e-01 -6.397423652103527703e-01 -4.916385244466202620e-01 -3.564323398375028318e-01 -2.317073247257974422e-01 -1.140803327422069552e-01
-7.044296712692228735e-02 -1.429029266973430579e-01 -2.193864664148349186e-01 -3.018393680203465546e-01 -3.919894472439884314e-01 -4.909370642851692557e-01 -5.981870050244452175e-01 -7.097356056373681499e-01 -8.155078141983320705e-01 -8.984675609994606793e-01 -9.390774972662256914e-01 -9.250651076715995513e-01 -8.591802720133155935e-01 -7.572703337388961842e-01 -6.386686481622254608e-01 -5.178277028343644117e-01 -4.020916381586047139e-01 -2.935923133331757029e-01 -1.917100381395785980e-01 -9.461628917423429985e-02
-5.446306999829792633e-02 -1.103568675034307112e-01 -1.690564409230241316e-01 -2.317855854732681631e-01 -2.994281260634077402e-01 -3.721633776558762041e-01 -4.488063588380276636e-01 -5.257854828578245598e-01 -5.960887244704524690e-01 -6.493536277320471894e-01 -6.745916760687993285e-01 -6.651603609510452486e-01 -6.225005156252572114e-01 -5.552177924027696942e-01 -4.743885804082835778e-01 -3.891273802591294073e-01 -3.049075863452664348e-01 -2.240628916856468589e-01 -1.469142970415047156e-01 -7.267373912071058151e-02
-3.705242340389461320e-02 -7.500494619557609988e-02 -1.146961265881407677e-01 -1.568122880292825427e-01 -2.017338056974026239e-01 -2.492799066131686503e-01 -2.983213612650800761e-01 -3.462971095528994958e-01 -3.888703323950860602e-01 -4.202541731193699670e-01 -4.347154482354614324e-01 -4.289097383281645914e-01 -4.035359287785893478e-01 -3.629338085941991587e-01 -3.129741913017079491e-01 -2.588934008464728320e-01 -2.042311465331333731e-01 -1.508161821344690956e-01 -9.920760569853848132e-02 -4.916406056717641943e-02
-1.874168768491657130e-02 -3.791433259640226983e-02 -5.791069335057057177e-02 -7.903229246114865103e-02 -1.014059549813909195e-01 -1.248562258206410702e-01 -1.487314892957753154e-01 -1.717196616822705968e-01 -1.917672997363519538e-01 -2.062984245657580595e-01 -2.128728357753155165e-01 -2.101015888338402526e-01 -1.982660467770158419e-01 -1.791685629797264423e-01 -1.553332222351165026e-01 -1.291316030779181834e-01 -1.022813814947229616e-01 -7.575839462332767393e-02 -4.993523089423061029e-02 -2.477482691140994384e-02
