-2.680912376302343591e-03 -5.418053936382327511e-03 -8.267561874191168766e-03 -1.128508944584438733e-02 -1.452475101672492594e-02 -1.803688813268908980e-02 -2.186395240198210979e-02 -2.603357728223038708e-02 -3.054754264116178383e-02 -3.536512489611642884e-02 -4.037939037736916481e-02 -4.538571485160456526e-02 -5.004442914164824313e-02 -5.384477511469423078e-02 -5.608690470871467715e-02 -5.591126205222726048e-02 -5.241390829174272237e-02 -4.487560057420265230e-02 -3.308157998051537707e-02 -1.762273563406631036e-02
-5.305610065488743435e-03 -1.072376142370227645e-02 -1.636710724285642474e-02 -2.234804611897051041e-02 -2.877703370333054705e-02 -3.575885996008515422e-02 -4.338536785854029548e-02 -5.172283712561542846e-02 -6.079147951441973841e-02 -7.053357479501652649e-02 -8.076672209613165732e-02 -9.111904299788181616e-02 -1.009472100820204832e-01 -1.092476621542906035e-01 -1.145911748279807019e-01 -1.151429995970638109e-01 -1.088661117566603470e-01 -9.400259292615385787e-02 -6.982267987481761973e-02 -3.740444322227990531e-02
-7.817794833502700325e-03 -1.580428820431227163e-02 -2.412908563628410677e-02 -3.296294588741309484e-02 -4.247647995572809143e-02 -5.283617559001240610e-02 -6.419585032734259622e-02 -7.668098192987997386e-02 -9.036198628526578847e-02 -1.052109818497788812e-01 -1.210348778173424011e-01 -1.373764887295304826e-01 -1.533774698051322272e-01 -1.676062971306189475e-01 -1.778825478183996556e-01 -1.811905569059652776e-01 -1.738773550053624717e-01 -1.524013676087120073e-01 -1.147474333147738418e-01 -6.212155336676492695e-02
-1.016130321718456721e-02 -2.054654057436418324e-02 -3.138201971170738458e-02 -4.289816303033477246e-02 -5.532976628500348160e-02 -6.891353062428753895e-02 -8.388092580103320706e-02 -1.004433088911598909e-01 -1.187645422706795767e-01 -1.389135121325004163e-01 -1.607852885732787007e-01 -1.839742867821076155e-01 -2.075779405620288842e-01 -2.299078706011669915e-01 -2.481062678967403123e-01 -2.577582731637765301e-01 -2.528358811900157099e-01 -2.266297320166958673e-01 -1.742172515062638538e-01 -9.593783402505889901e-02
-1.228090266976110748e-02 -2.483857991009787852e-02 -3.795429710702844656e-02 -5.191791672415087960e-02 -6.703089403427103798e-02 -8.360729221768299635e-02 -1.019710662836398329e-01 -1.224468499549400541e-01 -1.453393951410892337e-01 -1.708932605670749338e-01 -1.992182843853909924e-01 -2.301556566315234587e-01 -2.630404700362755643e-01 -2.962837254930778541e-01 -3.266637981999193086e-01 -3.483023571263190177e-01 -3.518028965956496168e-01 -3.250030505954130122e-01 -2.570281407194525136e-01 -1.450663464853322315e-01
-1.412376594200516304e-02 -2.857260745695824541e-02 -4.367870253358344806e-02 -5.978831690186048320e-02 -7.726861828800103693e-02 -9.651371569702398012e-02 -1.179492520193095306e-01 -1.420336910798275232e-01 -1.692529735257087831e-01 -2.001018045213018293e-01 -2.350380308169760790e-01 -2.743815218777875820e-01 -3.180921165784517113e-01 -3.652658362489465960e-01 -4.130092294289449684e-01 -4.543019399797316171e-01 -4.753501493424220348e-01 -4.553052126443866698e-01 -3.724962084451348687e-01 -2.167756798418543351e-01
-1.564157291976766770e-02 -3.164942508519096726e-02 -4.839960707380041444e-02 -6.628806555787575272e-02 -8.574157294784701122e-02 -1.072297477360133339e-01 -1.312786042144062637e-01 -1.584857520395401564e-01 -1.895370307771346852e-01 -2.252227216105937568e-01 -2.664473009206865806e-01 -3.142127322469240314e-01 -3.695022016726220992e-01 -4.328045235378424893e-01 -5.025628318034626174e-01 -5.714248732139384224e-01 -6.205409456045668515e-01 -6.169324905002864234e-01 -5.223525532390461690e-01 -3.137573878776130920e-01
-1.679312274385548476e-02 -3.398395317400651483e-02 -5.198227181858973422e-02 -7.122280361324184739e-02 -9.217990558306538018e-02 -1.153851633286332862e-01 -1.414497303709334741e-01 -1.710937389944214848e-01 -2.051866805083951695e-01 -2.448040536844433568e-01 -2.913074325504643181e-01 -3.464487320600663778e-01 -4.124394295731593219e-01 -4.916350309407226393e-01 -5.846550402659569379e-01 -6.847838828963225266e-01 -7.683246559664701492e-01 -7.884968496253257353e-01 -6.869299376911311983e-01 -4.236706843273536638e-01
-1.754698500026167021e-02 -3.551102597003188976e-02 -5.432275042865492010e-02 -7.444100889092442053e-02 -9.637012134601731506e-02 -1.206813453234271555e-01 -1.480414788991923636e-01 -1.792528564635037236e-01 -2.153118544256747979e-01 -2.574979877421473273e-01 -3.075133634095147950e-01 -3.676962128137901131e-01 -4.412728466907824276e-01 -5.322405496911872813e-01 -6.433085067252718448e-01 -7.687954555023460701e-01 -8.815257782993544122e-01 -9.234688525036306439e-01 -8.191907404592075892e-01 -5.137878754271439918e-01
-1.788379355703123910e-02 -3.619044155171762672e-02 -5.535670553732317117e-02 -7.584839761810176217e-02 -9.817827853918743852e-02 -1.229286759202306706e-01 -1.507820719465355341e-01 -1.825644242646416171e-01 -2.193098202956810516e-01 -2.623605873576106418e-01 -3.135276866102882365e-01 -3.753437890822338696e-01 -4.513837846042169644e-01 -5.462279029037806488e-01 -6.633561722390146631e-01 -7.975269397328440535e-01 -9.204352609105219685e-01 -9.701517707340243657e-01 -8.652229261853826570e-01 -5.453783997560138763e-01
-1.779775575331085311e-02 -3.601025403839246825e-02 -5.506525233139940301e-02 -7.541763928725295218e-02 -9.756595486064130462e-02 -1.220730848723130257e-01 -1.495937651330976614e-01 -1.809130318749438138e-01 -2.170023210710224915e-01 -2.591045026888841307e-01 -3.088659067763335209e-01 -3.685360358224241129e-01 -4.411957083037580940e-01 -5.306129880592933556e-01 -6.392050671171036758e-01 -7.611311902208167668e-01 -8.696461057207007794e-01 -9.081785763113758847e-01 -8.035386027918298701e-01 -5.028219544777668970e-01
-1.729698749714108155e-02 -3.498758360438174869e-02 -5.347643478228335245e-02 -7.319098289276723679e-02 -9.459486766444964723e-02 -1.182040080682032063e-01 -1.446069646699663369e-01 -1.744916892724334423e-01 -2.086818812734674844e-01 -2.481872137321673444e-01 -2.942723469611138176e-01 -3.485417597492952435e-01 -4.129777068278937535e-01 -4.895947100715000722e-01 -5.786068401979161946e-01 -6.731302601820334797e-01 -7.502009116345630391e-01 -7.652780306583358838e-01 -6.633338800626519260e-01 -4.073079975944068898e-01
-1.640262321306958440e-02 -3.316669748469899121e-02 -5.066195742001722291e-02 -6.927503868269496712e-02 -8.941857075708954661e-02 -1.115411748456442420e-01 -1.361384542690155797e-01 -1.637649492256862405e-01 -1.950462804112337578e-01 -2.306888685896665847e-01 -2.714796510200602753e-01 -3.182538953115802705e-01 -3.717577994032437716e-01 -4.321627706603232699e-01 -4.975851226734809840e-01 -5.606344613621834228e-01 -6.033016450118021679e-01 -5.948126788681618038e-01 -5.000446754842746699e-01 -2.985131665077785934e-01
-1.514683231088960122e-02 -3.061464668860396435e-02 -4.672971429416594019e-02 -6.382869337007421318e-02 -8.226324874009401100e-02 -1.024037180887312493e-01 -1.246407848428681131e-01 -1.493834384084956057e-01 -1.770494740074348150e-01 -2.080417383183353897e-01 -2.426962709170844557e-01 -2.811742439108295688e-01 -3.232353954197593193e-01 -3.677480708976140211e-01 -4.116431772874946105e-01 -4.480050011339943850e-01 -4.638113542131461209e-01 -4.399119196447606739e-01 -3.568701585236548901e-01 -2.062151752554641226e-01
-1.357007718282919953e-02 -2.741538104576019680e-02 -4.181359951096765698e-02 -5.704680949165936987e-02 -7.340205642532425523e-02 -9.116968940091245421e-02 -1.106375761864658303e-01 -1.320786017350252528e-01 -1.557264921678694625e-01 -1.817321799715640451e-01 -2.100868082349024168e-01 -2.404884278479120230e-01 -2.721126681198593467e-01 -3.032223251133782660e-01 -3.305305989120985166e-01 -3.483248609566217402e-01 -3.478077012655224065e-01 -3.179362876488749934e-01 -2.491840055529059295e-01 -1.396378120286934643e-01
-1.171810965976988368e-02 -2.366321725107393276e-02 -3.606253394096230191e-02 -4.914292045619939042e-02 -6.312852504275941190e-02 -7.823543869896250336e-02 -9.466128257869972640e-02 -1.125669444819046294e-01 -1.320457891012694340e-01 -1.530736781771586119e-01 -1.754296714580231842e-01 -1.985735495874400014e-01 -2.214627325108583511e-01 -2.422932081079194333e-01 -2.581721420949698031e-01 -2.648184976210057884e-01 -2.566000297377278860e-01 -2.274733299922745700e-01 -1.732632726475074603e-01 -9.476582333821530202e-02
-9.639137813632783422e-03 -1.945683946115212351e-02 -2.963041749902609392e-02 -4.033383690434777513e-02 -5.173371917368872752e-02 -6.398228601639797952e-02 -7.720520924425963716e-02 -9.148215750573222838e-02 -1.068161120834364430e-01 -1.230871375222873931e-01 -1.399845580833197489e-01 -1.569120300291069192e-01 -1.728626297823636637e-01 -1.862720195717086080e-01 -1.948843876140554654e-01 -1.957215594838161710e-01 -1.853294882823600387e-01 -1.605239828693199866e-01 -1.197064599239253124e-01 -6.437555844997060184e-02
-7.381596261425297893e-03 -1.489458601862153272e-02 -2.266848404102026968e-02 -3.082831693845906190e-02 -3.949029134384445666e-02 -4.875479878793016059e-02 -5.869516129645918623e-02 -6.934038865076019853e-02 -8.064941244801294984e-02 -9.247424236685818089e-02 -1.045094192745754796e-01 -1.162272012799162174e-01 -1.268023384982529811e-01 -1.350408324951478389e-01 -1.393457005979352181e-01 -1.377803388168713228e-01 -1.283155592628564268e-01 -1.093331526682596033e-01 -8.035239491292318903e-02 -4.274140698838287816e-02
-4.992650882963195133e-03 -1.007139999681323089e-02 -1.532062096809635489e-02 -2.082067559072653395e-02 -2.664437345326762727e-02 -3.285149476020551157e-02 -3.948027988449433895e-02 -4.653483938501788014e-02 -5.396694027910046987e-02 -6.165103066186330971e-02 -6.935171689364984238e-02 -7.668503391276572378e-02 -8.307854103715985039e-02 -8.774244198438881093e-02 -8.967406585747590697e-02 -8.772955187145087264e-02 -8.080007078511246277e-02 -6.810964885753117981e-02 -4.959054211369674087e-02 -2.620235692922675066e-02
-2.517598962729296255e-03 -5.077738590379553447e-03 -7.721943736360089433e-03 -1.048942253021406014e-02 -1.341508144571236516e-02 -1.652655019594791858e-02 -1.983963901377690936e-02 -2.335174034963470591e-02 -2.703247722442943951e-02 -3.081123054700334041e-02 -3.456140992535079726e-02 -3.808269822375255631e-02 -4.108437509530549203e-02 -4.317627703408200707e-02 -4.387831800075623484e-02 -4.266291919279659173e-02 -3.904376516592424767e-02 -3.271196012174511919e-02 -2.369423855141994384e-02 -1.247420505289300631e-02
