-1.946984941167455730e-03 -3.902732089864231844e-03 -5.873981977607420704e-03 -7.863318265010178082e-03 -9.866927345719082865e-03 -1.187212453014088731e-02 -1.385478461196931917e-02 -1.577673333094879726e-02 -1.758344166586781401e-02 -1.920245590155482060e-02 -2.054323799691379696e-02 -2.149930309879115320e-02 -2.195352372062289031e-02 -2.178748307395999423e-02 -2.089495759051377549e-02 -1.919898227302290275e-02 -1.667022647548338510e-02 -1.334321806706841376e-02 -9.325917371701634290e-03 -4.798631925461979003e-03
-3.885214316828537479e-03 -7.789982698541639446e-03 -1.172988397500793548e-02 -1.571237823957237836e-02 -1.973226701334256095e-02 -2.376679322434036012e-02 -2.777028622269782018e-02 -3.166871860738394023e-02 -3.535459873788537877e-02 -3.868316153823536663e-02 -4.147121487353813002e-02 -4.350044456714804997e-02 -4.452731851276824082e-02 -4.430143784770593923e-02 -4.259335870743351238e-02 -3.923074540556559242e-02 -3.413871803544796940e-02 -2.737673125440468619e-02 -1.916183989749684763e-02 -9.868607667285598031e-03
-5.803903716743988826e-03 -1.164211772747061370e-02 -1.754323189939782299e-02 -2.352406314920416422e-02 -2.958299517590158578e-02 -3.569250009049346195e-02 -4.179085753369994605e-02 -4.777327237114886715e-02 -5.348310087418391146e-02 -5.870441199472251764e-02 -6.315803484669414714e-02 -6.650396240272950232e-02 -6.835387127853848055e-02 -6.829760112358776447e-02 -6.594630644001026054e-02 -6.099193704991452691e-02 -5.327718945084219948e-02 -4.286316297598155578e-02 -3.007612015202247233e-02 -1.551396736094156660e-02
-7.688284142510075879e-03 -1.543135858045499229e-02 -2.327687576347422377e-02 -3.125766906300055797e-02 -3.938316516891949420e-02 -4.762936888530060198e-02 -5.592738871795639027e-02 -6.415045070910598002e-02 -7.210015613896317288e-02 -7.949340162843346325e-02 -8.595259274778892233e-02 -9.100352852506780887e-02 -9.408662793352509657e-02 -9.458881512887715171e-02 -9.190235251312113551e-02 -8.551353787197207845e-02 -7.511496239424246546e-02 -6.072262501656321143e-02 -4.276553131044989048e-02 -2.211114578203983091e-02
-9.517870694731785444e-03 -1.911816972304117290e-02 -2.887525269830286401e-02 -3.884660679725221444e-02 -4.906265431735505611e-02 -5.951445937527301278e-02 -7.013891106536496167e-02 -8.080101493838992566e-02 -9.127372354638586816e-02 -1.012164747323352348e-01 -1.101554656198749232e-01 -1.174709676282224141e-01 -1.224003542031128350e-01 -1.240687139151209484e-01 -1.215608169977043518e-01 -1.140449223543791579e-01 -1.009465361058183713e-01 -8.214685247517448941e-02 -5.815223650826989443e-02 -3.016508092570588037e-02
-1.126502070197442362e-02 -2.264818727456732045e-02 -3.425936589926379533e-02 -4.619088431696798114e-02 -5.850642710368068877e-02 -7.122695687601075798e-02 -8.431282366409903473e-02 -9.764102577301687902e-02 -1.109772941826787929e-01 -1.239433689303472003e-01 -1.359818716891724455e-01 -1.463245799864431318e-01 -1.539751564631276770e-01 -1.577249227764536132e-01 -1.562273148340834472e-01 -1.481587950981791690e-01 -1.324793631952908834e-01 -1.087659353898161596e-01 -7.753138266194282979e-02 -4.039687763037374396e-02
-1.289401712053433319e-02 -2.595019858894090717e-02 -3.932315663731613536e-02 -5.315118124690481477e-02 -6.754526403402572043e-02 -8.257418058335401490e-02 -9.824445667297906915e-02 -1.144730255244578165e-01 -1.310511220406638255e-01 -1.475978878397942728e-01 -1.635041329771851348e-01 -1.778703651687901510e-01 -1.894508103751663119e-01 -1.966284578649140635e-01 -1.974645017633491206e-01 -1.898829992245968934e-01 -1.720451393950538366e-01 -1.429047646870046373e-01 -1.028091128246596542e-01 -5.389001927676324855e-02
-1.436085372165757552e-02 -2.893547070408255054e-02 -4.393189847455312991e-02 -5.954548907697944371e-02 -7.594930457626937470e-02 -9.328011832557255023e-02 -1.116178541109286437e-01 -1.309555612950252523e-01 -1.511563395047451352e-01 -1.718929843431729887e-01 -1.925664698309790257e-01 -2.122019432291875896e-01 -2.293290528504960124e-01 -2.418725634783042422e-01 -2.471160510964921786e-01 -2.418562595809908566e-01 -2.229008428383687790e-01 -1.879824359717922888e-01 -1.368940246784608461e-01 -7.234190636399813468e-02
-1.561394317599504658e-02 -3.149896067835364355e-02 -4.792351231417005947e-02 -6.514960678455113119e-02 -8.342639492567548165e-02 -1.029791823718055749e-01 -1.239913405372479183e-01 -1.465750924114631593e-01 -1.707257589420193844e-01 -1.962513051766280048e-01 -2.226668342476632867e-01 -2.490414793845562857e-01 -2.737885159258537371e-01 -2.944070694371420660e-01 -3.072419714727275264e-01 -3.074594891371852934e-01 -2.896065563916095931e-01 -2.490827727050064777e-01 -1.842970053768403504e-01 -9.847442761717081772e-02
-1.659598811467222559e-02 -3.352296560286252558e-02 -5.111362211543457601e-02 -6.970307732072707207e-02 -8.962751932283552492e-02 -1.112189335325051293e-01 -1.347932825086093356e-01 -1.606277912071468750e-01 -1.889203598125804295e-01 -2.197196822921076986e-01 -2.528076939434498183e-01 -2.875055238682743819e-01 -3.223599054351883320e-01 -3.546596701106221050e-01 -3.797888346267407345e-01 -3.906873622895929432e-01 -3.782161974145999417e-01 -3.334450430924063014e-01 -2.517482579904148920e-01 -1.365180717083329387e-01
-1.724706648694783115e-02 -3.488333607898413263e-02 -5.330495692447041745e-02 -7.292158231286595405e-02 -9.416170087692744828e-02 -1.174758031353592552e-01 -1.433351387337041816e-01 -1.722225005621526306e-01 -2.046082679700329532e-01 -2.408991725419706298e-01 -2.813364325790089215e-01 -3.257966914017029203e-01 -3.734004990183633077e-01 -4.217453030866435970e-01 -4.655557052188587508e-01 -4.949914915162310636e-01 -4.951807161275711966e-01 -4.495885899064737679e-01 -3.476478588958252236e-01 -1.920393126468452061e-01
-1.750897437814234389e-02 -3.545837744106160316e-02 -5.430132467122605194e-02 -7.451661243290444436e-02 -9.662194303839559406e-02 -1.211875160553448350e-01 -1.488490587881318161e-01 -1.803188980968227495e-01 -2.163910123056633217e-01 -2.579313692204147079e-01 -3.058329156143670402e-01 -3.608804149855742160e-01 -4.233667787097118995e-01 -4.920488935334590419e-01 -5.617562565346431169e-01 -6.195993346046582140e-01 -6.425433376883543657e-01 -6.020214089851984030e-01 -4.773871720855159539e-01 -2.691339165984327764e-01
-1.733048409038451601e-02 -3.513989771756258207e-02 -5.392538990062887422e-02 -7.422161098473750718e-02 -9.662199956648979959e-02 -1.218033274105850966e-01 -1.505547726727829716e-01 -1.838130840604111638e-01 -2.227053145155096781e-01 -2.685993985073878432e-01 -3.231559696235129509e-01 -3.883361953900451025e-01 -4.661519424144822676e-01 -5.574358987738843307e-01 -6.581722652130802542e-01 -7.526725373481634174e-01 -8.079014337415628688e-01 -7.792743628830625102e-01 -6.321367970265769909e-01 -3.631931047610466590e-01
-1.667309074706308653e-02 -3.384536014801785286e-02 -5.203874056988769953e-02 -7.182247116151391220e-02 -9.384116462020730687e-02 -1.188491071819448991e-01 -1.477537134986771361e-01 -1.816733991786942393e-01 -2.220172374621354749e-01 -2.705982065318195962e-01 -3.297937379281154491e-01 -4.027326842040978572e-01 -4.932609391321297609e-01 -6.046511943238468412e-01 -7.347231251087991133e-01 -8.657879239229664403e-01 -9.552312682794644738e-01 -9.421837442558932407e-01 -7.773699441220045525e-01 -4.531003627868877004e-01
-1.551654970325722430e-02 -3.152973358472781207e-02 -4.856178620530678114e-02 -6.718837395352315889e-02 -8.807114318272483977e-02 -1.119982792783524861e-01 -1.399376348304272322e-01 -1.731095575234961048e-01 -2.130910952584533780e-01 -2.619709431362681751e-01 -3.225834019687155441e-01 -3.988200118995975929e-01 -4.957575973984820750e-01 -6.183747270380998140e-01 -7.659472282972832335e-01 -9.199219164865648501e-01 -1.031998124878516832e+00 -1.031202217570122315e+00 -8.590029352138441876e-01 -5.047003803587643000e-01
-1.386339517907369048e-02 -2.819526409034390016e-02 -4.349032332674641205e-02 -6.029811854304744506e-02 -7.925678834013803742e-02 -1.011352881727474035e-01 -1.268890344370272316e-01 -1.577360776061857983e-01 -1.952654357859451573e-01 -2.415962695498889423e-01 -2.996140953203287882e-01 -3.732794850576648393e-01 -4.677458550162379436e-01 -5.880738287918282348e-01 -7.336860886638829626e-01 -8.864211010581567463e-01 -9.988179789669648923e-01 -1.001074473370053619e+00 -8.355388834581943813e-01 -4.914961912919736386e-01
-1.174177561706477545e-02 -2.389763476717272558e-02 -3.690613640062073708e-02 -5.125701578129507330e-02 -6.752263530344919384e-02 -8.639710000499546683e-02 -1.087471724310287852e-01 -1.356802396456455451e-01 -1.686371359922125002e-01 -2.095201352454370280e-01 -2.608656665399790575e-01 -3.260332751476990309e-01 -4.091593376379830116e-01 -5.138764408940902362e-01 -6.385867931518611762e-01 -7.668286301962450313e-01 -8.582976953902256012e-01 -8.551505762218901685e-01 -7.102627380121496747e-01 -4.156995567801805014e-01
-9.206090435770308833e-03 -1.874738167935759148e-02 -2.897958773472527130e-02 -4.030120337596523189e-02 -5.317966420151735985e-02 -6.818334927009449264e-02 -8.602234218423346346e-02 -1.076005441020752296e-01 -1.340818676399200549e-01 -1.669707808788858383e-01 -2.081978276981082121e-01 -2.601592527726488413e-01 -3.254945733504055472e-01 -4.059148924325265417e-01 -4.987329806156236556e-01 -5.904653249257365566e-01 -6.514828270658534759e-01 -6.411444620863336885e-01 -5.272576930646951654e-01 -3.056292529175317352e-01
-6.335199003840856144e-03 -1.290622023741297419e-02 -1.996361896040010561e-02 -2.778857426225938773e-02 -3.671149413350453111e-02 -4.713433088464292348e-02 -5.955834230841489801e-02 -7.461772221040290087e-02 -9.311854101709587939e-02 -1.160772945821216123e-01 -1.447410270853809744e-01 -1.805359010678145859e-01 -2.247889423914464224e-01 -2.778318887575368934e-01 -3.368442020354129318e-01 -3.923511628243974703e-01 -4.257739588874296932e-01 -4.130035492849740697e-01 -3.356676652057861143e-01 -1.923950587984444849e-01
-3.228475029194961734e-03 -6.578695760958869557e-03 -1.018008448751297340e-02 -1.417801947098672709e-02 -1.874341950110745489e-02 -2.408417919034496271e-02 -3.045898739180464762e-02 -3.819344780470204648e-02 -4.769708068487153729e-02 -5.947627104341847437e-02 -7.412988799630827741e-02 -9.229477279285216995e-02 -1.144618525084501182e-01 -1.404956932063394781e-01 -1.686306636458559105e-01 -1.940145741069254914e-01 -2.078871565056283344e-01 -1.993932436130631813e-01 -1.605562340796938270e-01 -9.122385547952774343e-02
