-7.231581468296641863e-03 -1.409983364171762954e-02 -2.027641197329064018e-02 -2.549791262240082290e-02 -2.958642338061076571e-02 -3.245793096994015886e-02 -3.411802082595512264e-02 -3.464702808782414711e-02 -3.417861350699952921e-02 -3.287649123329442619e-02 -3.091321947667604458e-02 -2.845360753607859700e-02 -2.564358590005253249e-02 -2.260420029010691209e-02 -1.942974878343112569e-02 -1.618883250311485208e-02 -1.292712253445743066e-02 -9.671145705735339007e-03 -6.432308317908179245e-03 -3.210903471777987531e-03
-1.482649012490516727e-02 -2.889133805415737208e-02 -4.150791379079583204e-02 -5.212882250679618662e-02 -6.038986319718821910e-02 -6.612728385807270515e-02 -6.936713766154326000e-02 -7.029148827476648653e-02 -6.919095670531817677e-02 -6.641415087956979713e-02 -6.232279646792817512e-02 -5.725763785817003515e-02 -5.151655253444051979e-02 -4.534346994651729940e-02 -3.892598744646113412e-02 -3.239845886550966197e-02 -2.584851698416129259e-02 -1.932516998646950299e-02 -1.284718826891304011e-02 -6.411306950054155435e-03
-2.318303797152682783e-02 -4.513112121242798813e-02 -6.473508832209566577e-02 -8.111960598957543289e-02 -9.371692413455294524e-02 -1.022942212250196603e-01 -1.069317596036543638e-01 -1.079608549793813627e-01 -1.058796155648088627e-01 -1.012663944774331998e-01 -9.470620264560900003e-02 -8.673765290398299799e-02 -7.782151209855225904e-02 -6.832718248373112480e-02 -5.853230539113107173e-02 -4.863050446494624618e-02 -3.874333982757231093e-02 -2.893383843193815530e-02 -1.921994770102208178e-02 -9.587145658160047337e-03
-3.277454726352643788e-02 -6.371502818310952054e-02 -9.118173283182748334e-02 -1.138976272681780505e-01 -1.310640395846194295e-01 -1.424009431978625062e-01 -1.481048575625544261e-01 -1.487405833135651556e-01 -1.451002826032799231e-01 -1.380656599927108097e-01 -1.284979798071498591e-01 -1.171652822787025705e-01 -1.047046873366857117e-01 -9.161145259369193883e-02 -7.824557465412224078e-02 -6.484794458230273839e-02 -5.156051735149301540e-02 -3.844690884371555761e-02 -2.551163366851620651e-02 -1.271733840461234180e-02
-4.420011187013100223e-02 -8.577271118482326928e-02 -1.223791937025988513e-01 -1.522251447463383589e-01 -1.742406842632015507e-01 -1.881406642700711729e-01 -1.943461615661232766e-01 -1.937963793375362120e-01 -1.877153115666602978e-01 -1.773980372579591902e-01 -1.640548164028980405e-01 -1.487208493123505781e-01 -1.322205395848904674e-01 -1.151684151955299218e-01 -9.799062981240189152e-02 -8.095520995207711179e-02 -6.420390132252573601e-02 -4.778165491326016173e-02 -3.166235252160398694e-02 -1.577058783978497677e-02
-5.825313808878992278e-02 -1.127964040848959959e-01 -1.603370270929861674e-01 -1.983829002695490784e-01 -2.255327290523032602e-01 -2.415747619111591749e-01 -2.473427288259260892e-01 -2.443834743010976640e-01 -2.345665891369017042e-01 -2.197564150986955345e-01 -2.016024311493017362e-01 -1.814427916201686308e-01 -1.602882422707964938e-01 -1.388510890128392405e-01 -1.175933568766045767e-01 -9.677840506447195346e-02 -7.651824979582039221e-02 -5.681347052844063633e-02 -3.758556906344963366e-02 -1.870265309136293422e-02
-7.601518000215463922e-02 -1.468209982609015307e-01 -2.077868579974447572e-01 -2.554334299380802142e-01 -2.879296166197029549e-01 -3.052809140441799518e-01 -3.090654748905452553e-01 -3.018278556275855173e-01 -2.864110763645037472e-01 -2.654586646334152200e-01 -2.411557597760661531e-01 -2.151597084796063597e-01 -1.886386144226702144e-01 -1.623544161756189652e-01 -1.367533567226888735e-01 -1.120468591952646503e-01 -8.827724324078563278e-02 -6.536843785764796799e-02 -4.316384230091456498e-02 -2.145446675009772888e-02
-9.897753984624678425e-02 -1.906667359172590781e-01 -2.685263168500441333e-01 -3.275988561690675316e-01 -3.654392334389480190e-01 -3.825317116660586492e-01 -3.817989149967584428e-01 -3.674469021325123541e-01 -3.437899330595904357e-01 -3.145111498899743618e-01 -2.824022577383803467e-01 -2.494017182086935847e-01 -2.167521559475167336e-01 -1.851746736431452156e-01 -1.550188650707540472e-01 -1.263784569381672940e-01 -9.917545725045451288e-02 -7.321920170057998056e-02 -4.824692578367443391e-02 -2.395139836767591970e-02
-1.291545060073789053e-01 -2.481886222871809988e-01 -3.478106950970856759e-01 -4.207068628264366006e-01 -4.634341894914887350e-01 -4.774273451398137191e-01 -4.680575900714840087e-01 -4.423338432553315380e-01 -4.067795764527613045e-01 -3.663913044309385914e-01 -3.245400278178356968e-01 -2.832927694224538495e-01 -2.437936802809109738e-01 -2.065733481627343160e-01 -1.717690383014004174e-01 -1.392727000462105347e-01 -1.088269599157653811e-01 -8.008601809557128193e-02 -5.265329123653914728e-02 -2.610423179006898450e-02
-1.689963117137289750e-01 -3.241743505233120048e-01 -4.523249138270716840e-01 -5.421943046151095347e-01 -5.885409133458244790e-01 -5.945708139091836486e-01 -5.700893116610030731e-01 -5.268219151652845378e-01 -4.745346119524437856e-01 -4.197189443396779907e-01 -3.660711742687726700e-01 -3.154353453534634588e-01 -2.685564893689857402e-01 -2.255560643238653518e-01 -1.862113120420882117e-01 -1.501163622958427146e-01 -1.167736835533279421e-01 -8.564464759761411528e-02 -5.617600935427585762e-02 -2.781227139912216192e-02
-2.205227517111773561e-01 -4.227465030072706798e-01 -5.881131324323571885e-01 -6.988234897222644904e-01 -7.463654261938671430e-01 -7.370029299435099102e-01 -6.881858599153740652e-01 -6.192552482907269784e-01 -5.444963504768814966e-01 -4.718057460966693650e-01 -4.045778780964516264e-01 -3.438193595720196449e-01 -2.894407755694606288e-01 -2.408831880326526842e-01 -1.974038708892765226e-01 -1.582078045935865762e-01 -1.225067902525161234e-01 -8.954291375218118021e-02 -5.859386774445945328e-02 -2.896888261432679218e-02
-2.827728619725785597e-01 -5.424082719401732700e-01 -7.536792806806164036e-01 -8.888648918340421590e-01 -9.341151377212918439e-01 -9.003466240567699064e-01 -8.167349275987016988e-01 -7.137012716336030849e-01 -6.112475301281321549e-01 -5.181706205470475446e-01 -4.365706981490774519e-01 -3.658176612943899175e-01 -3.045035810581516178e-01 -2.511320610769838257e-01 -2.043132572837456362e-01 -1.628042509844420116e-01 -1.255027717517557539e-01 -9.142637586096846736e-02 -5.968770916792067588e-02 -2.946941610370364464e-02
-3.477724205299939086e-01 -6.679982228564504965e-01 -9.283739031247509876e-01 -1.088756630891376531e+00 -1.128272352794912781e+00 -1.063627425351228117e+00 -9.387043931823451093e-01 -7.972981113728293545e-01 -6.655474115577476590e-01 -5.523608201730791922e-01 -4.575966572403749044e-01 -3.783614129048261665e-01 -3.116223635089154231e-01 -2.548281957562582023e-01 -2.059129151758054832e-01 -1.631932290662738150e-01 -1.252736929642764563e-01 -9.097214582552332063e-02 -5.926120736835034652e-02 -2.922111175883658138e-02
-3.987232170107136708e-01 -7.668603902106518877e-01 -1.066456658384750789e+00 -1.246126734878946429e+00 -1.278449505130193398e+00 -1.185368461317064526e+00 -1.024109003430520026e+00 -8.502879951565387451e-01 -6.950106236007206340e-01 -5.667050538683090499e-01 -4.628488495764387922e-01 -3.783770631094572900e-01 -3.087931734112302484e-01 -2.506452830098565565e-01 -2.013170521405339142e-01 -1.587820939753998295e-01 -1.214266451419058479e-01 -8.792732083785885500e-02 -5.716391106284440110e-02 -2.815384565478957352e-02
-4.159302705428815639e-01 -8.003654349663114065e-01 -1.113197897098443967e+00 -1.298153612921984390e+00 -1.324921777204302265e+00 -1.217820323330571330e+00 -1.040032975495791101e+00 -8.523316420856891229e-01 -6.878010294141977399e-01 -5.543983072886730090e-01 -4.483379215917001614e-01 -3.634554628207859461e-01 -2.945231525847525345e-01 -2.376424394202144852e-01 -1.899279552151733330e-01 -1.491914845794403977e-01 -1.137234875600942746e-01 -8.214659954509305473e-02 -5.331328706156952119e-02 -2.623039783930977351e-02
-3.892142644218824499e-01 -7.484954052362525756e-01 -1.040132400404198076e+00 -1.212121768331613891e+00 -1.236663947256055440e+00 -1.136348145903271822e+00 -9.696872796489803825e-01 -7.932167716037229477e-01 -6.380903888058382378e-01 -5.121680801106389680e-01 -4.122050466381348977e-01 -3.325258363359084313e-01 -2.681958596964938435e-01 -2.154729916077663676e-01 -1.715608860301803540e-01 -1.343324320861494503e-01 -1.021292437716179863e-01 -7.362232416889927245e-02 -4.771226859709296053e-02 -2.345448603974984933e-02
-3.254064028380558860e-01 -6.247616105860439584e-01 -8.665953859808714910e-01 -1.010259702515602820e+00 -1.034556478583961381e+00 -9.571560885312184741e-01 -8.236717317758051049e-01 -6.789975945710913230e-01 -5.490682212450525013e-01 -4.416847153531649472e-01 -3.553937349170938620e-01 -2.861955441999842753e-01 -2.302564143284590858e-01 -1.844924668110525245e-01 -1.465101977254411603e-01 -1.144481517494771172e-01 -8.683874938976769708e-02 -6.250118888972211462e-02 -4.045900906485778298e-02 -1.987529855299844522e-02
-2.424959440864346838e-01 -4.645647033722402619e-01 -6.429366692943835337e-01 -7.503988437287265612e-01 -7.733322116944612024e-01 -7.235197307771471520e-01 -6.312596145298723371e-01 -5.272898763455039495e-01 -4.306909534609369983e-01 -3.485634791524815368e-01 -2.812238084733839627e-01 -2.265715373079864314e-01 -1.821384021437326695e-01 -1.457300455982670773e-01 -1.155393352889578923e-01 -9.011126706890575100e-02 -6.827642004348480342e-02 -4.908469667453251029e-02 -3.174730831542999648e-02 -1.558771559566840201e-02
-1.569532308497396389e-01 -3.000679329469571610e-01 -4.144574530526899947e-01 -4.844882211990044207e-01 -5.027282626220789252e-01 -4.758857303894109547e-01 -4.211485561497416152e-01 -3.565964403186241416e-01 -2.943648672308861736e-01 -2.398652824519135751e-01 -1.942307396355278104e-01 -1.567107064520879001e-01 -1.259938880775785530e-01 -1.007498815532283237e-01 -7.980586013747499596e-02 -6.218118982256458371e-02 -4.707097485245673174e-02 -3.381388516175991288e-02 -2.185782494011281538e-02 -1.072826467373282772e-02
-7.632214266441533779e-02 -1.457156691087959366e-01 -2.010198984787129606e-01 -2.353031022724662857e-01 -2.454140590897828933e-01 -2.342949807164326215e-01 -2.094676420213089640e-01 -1.790860540919162192e-01 -1.489606245281816788e-01 -1.219965429401968227e-01 -9.907062454677395547e-02 -8.003981269106412444e-02 -6.437590141462802562e-02 -5.146971131928012450e-02 -4.075305771494371065e-02 -3.173666488452890622e-02 -2.401241954171047174e-02 -1.724203773394639497e-02 -1.114184911194010703e-02 -5.467524272043260830e-03
