-2.840680806534789937e-02 -5.751117010564705395e-02 -8.787524325521238466e-02 -1.197371261928067837e-01 -1.527225587294457343e-01 -1.854594620024500873e-01 -2.152567126818937804e-01 -2.382597449201491191e-01 -2.505122875508932756e-01 -2.496984587627612273e-01 -2.364052348697641970e-01 -2.138244500984122498e-01 -1.861645759861922100e-01 -1.570599012837186614e-01 -1.288548953097891081e-01 -1.026786837380083695e-01 -7.882461746528843238e-02 -5.710606842066646982e-02 -3.709407971826696876e-02 -1.825156224166242860e-02
-5.611592363321585980e-02 -1.137615076747666432e-01 -1.742452308494646662e-01 -2.383133393453729099e-01 -3.055514573204048401e-01 -3.734484405884492264e-01 -4.364107464429601846e-01 -4.857832904222382786e-01 -5.122228328012943255e-01 -5.100968842164425032e-01 -4.808131792563762885e-01 -4.320247000264583748e-01 -3.734821291657007825e-01 -3.131283493038471977e-01 -2.556590914092439215e-01 -2.030312580396176625e-01 -1.555131496147473813e-01 -1.125055012645142793e-01 -7.301868543764933328e-02 -3.591216729991061202e-02
-8.229477311550929819e-02 -1.671684799314514525e-01 -2.569962974074813111e-01 -3.535461469368386678e-01 -4.570616712537492465e-01 -5.644687206961083170e-01 -6.669924761832506377e-01 -7.493407702251899671e-01 -7.938298764838096488e-01 -7.893956716549468400e-01 -7.387635691508357416e-01 -6.567155281478543882e-01 -5.612567770850579452e-01 -4.658863313462927036e-01 -3.775202985478493534e-01 -2.982557141229316144e-01 -2.276886958222255064e-01 -1.643838240145035212e-01 -1.065629558453375092e-01 -5.237841597356364398e-02
-1.058925690460510438e-01 -2.156029598629591315e-01 -3.329037902576198471e-01 -4.612032935257091570e-01 -6.023592169573381838e-01 -7.536767361793812459e-01 -9.031086581159987192e-01 -1.026488467426879492e+00 -1.093865163432478305e+00 -1.085845142888759884e+00 -1.007156132077538180e+00 -8.833369683477759748e-01 -7.441797705761009629e-01 -6.101416771687114826e-01 -4.899228116856915727e-01 -3.847180246327448483e-01 -2.925932347406696721e-01 -2.107772008117420603e-01 -1.364708217918166877e-01 -6.703852306752605683e-02
-1.256669384763341724e-01 -2.563980533422469676e-01 -3.974885610009967762e-01 -5.543774631569876599e-01 -7.313056016733451292e-01 -9.269159675115200558e-01 -1.126235263702036082e+00 -1.294923604112997673e+00 -1.387979055627903913e+00 -1.375506353017238670e+00 -1.264750265585292688e+00 -1.094683680578078633e+00 -9.092817675124009735e-01 -7.365826603495853053e-01 -5.863586833962283196e-01 -4.579281557846984763e-01 -3.471654055532353289e-01 -2.496584522787567151e-01 -1.615044073184873641e-01 -7.930484452999327083e-02
-1.403657783142554238e-01 -2.867348206988228898e-01 -4.456199223240966401e-01 -6.242244448036551319e-01 -8.290581685203579632e-01 -1.060355250041467023e+00 -1.301073549391472239e+00 -1.508174664688730848e+00 -1.623243747220117328e+00 -1.606878010660852230e+00 -1.468600240166797466e+00 -1.259484775244189114e+00 -1.036005224670446756e+00 -8.324726981026584482e-01 -6.590755882644332431e-01 -5.131224662194714403e-01 -3.884340764802634016e-01 -2.791818241152133617e-01 -1.805831027506129005e-01 -8.867641738893045078e-02
-1.490439942323422695e-01 -3.044039563508799673e-01 -4.730282163806993623e-01 -6.628040543706509302e-01 -8.811755603482114285e-01 -1.129070101753806510e+00 -1.388598902197601292e+00 -1.613003378091098838e+00 -1.738063393695736814e+00 -1.720240693203706206e+00 -1.570051199237990636e+00 -1.343828082952714054e+00 -1.103438058568749991e+00 -8.858525448367772226e-01 -7.013979635692639825e-01 -5.465187346486692910e-01 -4.141935141490886707e-01 -2.980440408062798863e-01 -1.929691543540795751e-01 -9.481766495159060781e-02
-1.513860734364347593e-01 -3.086327513360554442e-01 -4.781191045098864834e-01 -6.669357765623035172e-01 -8.815003583734366543e-01 -1.121911710448144417e+00 -1.370778800397176145e+00 -1.584333171757883685e+00 -1.703187629101461820e+00 -1.687283212819530309e+00 -1.546307814708901551e+00 -1.332195305404299868e+00 -1.102365692334135616e+00 -8.917271873209381416e-01 -7.107176880518567552e-01 -5.567414978917405444e-01 -4.236922752857967267e-01 -3.058228295744936931e-01 -1.984310784294658625e-01 -9.762505195952980719e-02
-1.478497853850497534e-01 -3.004668180267511257e-01 -4.628531243449114374e-01 -6.401665110913278278e-01 -8.363693556114342176e-01 -1.049733088604009268e+00 -1.264583281334546117e+00 -1.445336774059454266e+00 -1.545446259964798230e+00 -1.534003872929285528e+00 -1.418513844631878795e+00 -1.239295149466263180e+00 -1.041861295376592000e+00 -8.553157853167220326e-01 -6.899862581721563082e-01 -5.454918071412040437e-01 -4.179364849161224527e-01 -3.031161242383232923e-01 -1.973066509014367587e-01 -9.725142021251152735e-02
-1.395343817405808040e-01 -2.824281003503413823e-01 -4.319748455050547720e-01 -5.910681526264311980e-01 -7.609886577189659551e-01 -9.383119804134788522e-01 -1.109924316503437369e+00 -1.250132334509121979e+00 -1.327296047625553088e+00 -1.320975891506068534e+00 -1.236178230880448092e+00 -1.099874370403560508e+00 -9.436082651521683351e-01 -7.892400057507850120e-01 -6.464053523619048836e-01 -5.169388661733842483e-01 -3.993958039105915958e-01 -2.913933222538964696e-01 -1.904275465788785870e-01 -9.407394726116645456e-02
-1.278536095582950283e-01 -2.576839413748507890e-01 -3.912032533818035618e-01 -5.294021632290812907e-01 -6.715823538917907731e-01 -8.134977795353114383e-01 -9.448953257938264017e-01 -1.048726867600070056e+00 -1.105619869281444734e+00 -1.103546674991521703e+00 -1.045505584530748822e+00 -9.476603546457784688e-01 -8.298664378242194273e-01 -7.073558121235347107e-01 -5.884370179725797456e-01 -4.762782562377795292e-01 -3.712892577012351092e-01 -2.726311799499965827e-01 -1.789360407749833737e-01 -8.861680315122431872e-02
-1.141937837602735734e-01 -2.292306661422604253e-01 -3.456190373094230051e-01 -4.630872952018220690e-01 -5.799005394724344731e-01 -6.918738258406281760e-01 -7.914092055769537115e-01 -8.676999995348517736e-01 -9.095361354096765938e-01 -9.102961619523639580e-01 -8.716834256103654921e-01 -8.028312334198869360e-01 -7.156282884376973241e-01 -6.202401070324780052e-01 -5.233176684838821702e-01 -4.283771849112720242e-01 -3.368420615280219854e-01 -2.489050509589032234e-01 -1.640685251340678608e-01 -8.145720557119111305e-02
-9.969018604436828690e-02 -1.994200318713747477e-01 -2.989162417744330447e-01 -3.972333124796684767e-01 -4.923200367343082418e-01 -5.805571546123893256e-01 -6.565087781296049529e-01 -7.134052055442093865e-01 -7.448247771212117563e-01 -7.471753794951728755e-01 -7.214267032885968156e-01 -6.726997708864814740e-01 -6.080595908436418062e-01 -5.341818657264516546e-01 -4.561026546225053213e-01 -3.770501631176085278e-01 -2.987939006958706400e-01 -2.220780962733319985e-01 -1.469757541429484449e-01 -7.314347872793301730e-02
-8.514675427355154758e-02 -1.698417491259692769e-01 -2.533840361338537961e-01 -3.345668911416452285e-01 -4.114263169357290084e-01 -4.810563391196902572e-01 -5.396366460672274989e-01 -5.828851174663590706e-01 -6.070435412553103482e-01 -6.101165859181176820e-01 -5.926771521421038136e-01 -5.576763238159776481e-01 -5.093942852940922528e-01 -4.522199813102931176e-01 -3.898357969809438939e-01 -3.249223262401632617e-01 -2.592045936475699253e-01 -1.936375688547504470e-01 -1.286128712270766250e-01 -6.414093930403008681e-02
-7.105505606938290752e-02 -1.414159562410353954e-01 -2.102098313124043938e-01 -2.762167241127256312e-01 -3.377347618248541239e-01 -3.925267202763091934e-01 -4.379247248458033592e-01 -4.711706273506662823e-01 -4.899902997582795683e-01 -4.932298362279161075e-01 -4.812431694470538646e-01 -4.557994980268506580e-01 -4.195653510278612441e-01 -3.754503585415728817e-01 -3.260939807620307773e-01 -2.735979260744516028e-01 -2.194644480510422602e-01 -1.646546632872635529e-01 -1.096972134053917775e-01 -5.480740067157102713e-02
-5.765751085309351459e-02 -1.145571679051024111e-01 -1.698224001261876837e-01 -2.223544696575452118e-01 -2.707657833480372478e-01 -3.133810623433609388e-01 -3.483431268666547509e-01 -3.738462990196451119e-01 -3.884718960756680106e-01 -3.915261317402041752e-01 -3.832349859185810170e-01 -3.646960394820361051e-01 -3.376101138790850165e-01 -3.039198346890162328e-01 -2.654912586180483425e-01 -2.239108193997985663e-01 -1.804005503455853587e-01 -1.358193918880838402e-01 -9.071391916003765377e-02 -4.539143945826713128e-02
-4.501780174563773523e-02 -8.933278435341542034e-02 -1.321680771448050795e-01 -1.726128339747675655e-01 -2.095924484656414011e-01 -2.418875907082098653e-01 -2.682182666524164372e-01 -2.873960235878658120e-01 -2.985204549554398845e-01 -3.011635971804003109e-01 -2.954715690586558474e-01 -2.821378715137872195e-01 -2.622585179368647212e-01 -2.371273589378900259e-01 -2.080403146197472575e-01 -1.761534929886394707e-01 -1.424075158425681942e-01 -1.075084332299696410e-01 -7.194763563691865260e-02 -3.604445782199472426e-02
-3.308091613272389625e-02 -6.558805254499149029e-02 -9.690426887926395505e-02 -1.263363050730507420e-01 -1.531035034667912742e-01 -1.763584717681462299e-01 -1.952461319992296884e-01 -2.089987748027781200e-01 -2.170499377650210726e-01 -2.191358877318358989e-01 -2.153495411194128462e-01 -2.061251941023082845e-01 -1.921586411106646908e-01 -1.742907104833583132e-01 -1.533891067665791863e-01 -1.302552914753186131e-01 -1.055675631731648190e-01 -7.985918219985241318e-02 -5.352374003277374226e-02 -2.683875480360807531e-02
-2.171780062100231098e-02 -4.303422847702695342e-02 -6.352461986134312621e-02 -8.272457508066531628e-02 -1.001267798368647155e-01 -1.151966307949615076e-01 -1.274089830442368121e-01 -1.363029655145597541e-01 -1.415445670839841352e-01 -1.429804025566532022e-01 -1.406654713184687100e-01 -1.348546668773566437e-01 -1.259601309473210584e-01 -1.144877295173049869e-01 -1.009701027905082760e-01 -8.591097648410866983e-02 -6.974823736819343867e-02 -5.283696595189152356e-02 -3.544936324979071351e-02 -1.778682397372937860e-02
-1.075605842665783296e-02 -2.130642353275468553e-02 -3.143540864636971965e-02 -4.091060182059433337e-02 -4.948241805267860477e-02 -5.689231157056932192e-02 -6.289020400326830740e-02 -6.725952362306210353e-02 -6.984493845865957784e-02 -7.057565273397800598e-02 -6.947724804692562151e-02 -6.666785260797479518e-02 -6.233948321762235872e-02 -5.672994760457859137e-02 -5.009257284141680616e-02 -4.267023875336570932e-02 -3.467739085291213219e-02 -2.629107334731674989e-02 -1.764991147361433602e-02 -8.859188231569916500e-03
