-1.190711832574011843e-02 -2.425728744209530718e-02 -3.750991843020128058e-02 -5.215373495974094664e-02 -6.871071588718086209e-02 -8.772018638644399346e-02 -1.096823420596865911e-01 -1.349236567163156764e-01 -1.633239234699788156e-01 -1.938437666191977493e-01 -2.239097573088089932e-01 -2.490687758550807207e-01 -2.636929707344167761e-01 -2.631013449153076778e-01 -2.459768871753291175e-01 -2.150430205753220414e-01 -1.753489551705819938e-01 -1.317341645346086498e-01 -8.731948395980181077e-02 -4.339351615739079487e-02
-2.337118131100522286e-02 -4.761210395903580500e-02 -7.362864206883695806e-02 -1.023942890350718060e-01 -1.349688400083717266e-01 -1.724866834859504761e-01 -2.160780999671140512e-01 -2.666462834917655012e-01 -3.243471626831918586e-01 -3.875505483827337283e-01 -4.512651431386339729e-01 -5.059324374893233722e-01 -5.387073946967565474e-01 -5.385396209420031388e-01 -5.023361763828202431e-01 -4.367244591514377605e-01 -3.536227940164257122e-01 -2.639139073447329675e-01 -1.740546836464212654e-01 -8.623505307682613474e-02
-3.396548850901072447e-02 -6.919129187830010130e-02 -1.069982169945158101e-01 -1.488258938797488162e-01 -1.962832587097211867e-01 -2.511756102799663770e-01 -3.154671639291051211e-01 -3.910662219692506714e-01 -4.791362890873461788e-01 -5.783590278163275311e-01 -6.817636279976377889e-01 -7.736182090150387491e-01 -8.309301355741350870e-01 -8.330607446229750801e-01 -7.742575207982581587e-01 -6.673231504153422922e-01 -5.344803741672724540e-01 -3.948125055748485934e-01 -2.583642225065155285e-01 -1.274130768740316666e-01
-4.329947847596617855e-02 -8.818935450835442558e-02 -1.363470142769275528e-01 -1.896276803102533715e-01 -2.501614296643770441e-01 -3.204530669177830249e-01 -4.034570341438699637e-01 -5.024945593015440748e-01 -6.205320958616342697e-01 -7.576746920764425575e-01 -9.057290276012291974e-01 -1.041941114752551467e+00 -1.130143314159242296e+00 -1.136593114647951763e+00 -1.051902300686917480e+00 -8.975741392505841576e-01 -7.098401708709131119e-01 -5.181073158671385404e-01 -3.359942142687862288e-01 -1.648113008479842323e-01
-5.104307011488456308e-02 -1.039196216275473234e-01 -1.605727779119669740e-01 -2.231761282586088024e-01 -2.942787901315251919e-01 -3.769897528973059631e-01 -4.752004712776500273e-01 -5.937142984930471323e-01 -7.376207181818441594e-01 -9.091046885753578666e-01 -1.099552672974944967e+00 -1.279554594413205848e+00 -1.399222792042023489e+00 -1.410715998208092348e+00 -1.300725281745138462e+00 -1.100271478935662239e+00 -8.605884738302548298e-01 -6.216034411111374114e-01 -3.999487973021471632e-01 -1.952766640432713197e-01
-5.695318453577700307e-02 -1.158732800312354955e-01 -1.788483015231334405e-01 -2.482248341380259571e-01 -3.267827320047803075e-01 -4.179766038190585453e-01 -5.262661482581038053e-01 -6.574143288914638950e-01 -8.179761535302023656e-01 -1.011696809138213693e+00 -1.229931356226925621e+00 -1.438957233882086406e+00 -1.579559825491151148e+00 -1.594156836527021115e+00 -1.466725104786680056e+00 -1.234910478712583970e+00 -9.602851113193261456e-01 -6.898544418867925687e-01 -4.420893302011843495e-01 -2.153587905737890940e-01
-6.089640412606302233e-02 -1.237720103450224290e-01 -1.907222673395603252e-01 -2.640916116937135905e-01 -3.466438881587629028e-01 -4.418009907709211648e-01 -5.539733360335274970e-01 -6.888628492422721461e-01 -8.529577620325973220e-01 -1.049918841331228148e+00 -1.270936924664100465e+00 -1.481943812525281068e+00 -1.623184864945207417e+00 -1.636565013265006474e+00 -1.505917834475168027e+00 -1.269222462813671015e+00 -9.886076160691021908e-01 -7.115389250963850554e-01 -4.567492518898044751e-01 -2.227513025884819420e-01
-6.286041778116366330e-02 -1.275960556278051550e-01 -1.961770904255526193e-01 -2.707748768079730195e-01 -3.538933397558305938e-01 -4.485425864531445428e-01 -5.584578188486284400e-01 -6.882358652564208867e-01 -8.427195236558144842e-01 -1.023775255610494872e+00 -1.222252924900387061e+00 -1.407758814891383992e+00 -1.528971225425241220e+00 -1.536726222363811845e+00 -1.417344631004659350e+00 -1.202691462487906371e+00 -9.454420044131384149e-01 -6.867721190924350738e-01 -4.440982266422131008e-01 -2.175643339211331129e-01
-6.294918190626343224e-02 -1.275746803327760526e-01 -1.956151008663698787e-01 -2.689370332931640406e-01 -3.496067219815066074e-01 -4.399664322518468396e-01 -5.426919171336040959e-01 -6.607028905406939767e-01 -7.964382074934822642e-01 -9.493070212915389883e-01 -1.110104844108317890e+00 -1.254551280282750314e+00 -1.344515747558692853e+00 -1.344551111592093395e+00 -1.244788818044915368e+00 -1.067774247489438055e+00 -8.516089327636015005e-01 -6.274775934209478878e-01 -4.103092184259784503e-01 -2.023860028119198184e-01
-6.136160465762338645e-02 -1.241383295383285679e-01 -1.897715411216239767e-01 -2.597511382819489567e-01 -3.356269948249001045e-01 -4.189943819079645637e-01 -5.114152725980530834e-01 -6.141667646810508030e-01 -7.275192136218574523e-01 -8.489503232375182895e-01 -9.698867075093446921e-01 -1.072536200861837097e+00 -1.131607607122949499e+00 -1.124624831505824263e+00 -1.045309993460967979e+00 -9.075092233696485655e-01 -7.354705091498178193e-01 -5.504501864906895525e-01 -3.643704155282049828e-01 -1.810766098010579972e-01
-5.835888796530669387e-02 -1.178454457313331122e-01 -1.795815338997570343e-01 -2.446688458731989257e-01 -3.141543544906829633e-01 -3.889555472823972848e-01 -4.697087308617133861e-01 -5.564662692990482995e-01 -6.480966400781780212e-01 -7.411763317177368915e-01 -8.283856609068984689e-01 -8.974062543759596666e-01 -9.326008645753943727e-01 -9.208393557543763652e-01 -8.584229426081474434e-01 -7.530674776132512127e-01 -6.189776979973096172e-01 -4.697375748185887989e-01 -3.143660179621667328e-01 -1.572884049505405002e-01
-5.422848139831321773e-02 -1.093030062887893478e-01 -1.660402383854442943e-01 -2.251882704855807937e-01 -2.873655135466651744e-01 -3.529602210772352922e-01 -4.219646269994470344e-01 -4.937047074711236050e-01 -5.664148758206517531e-01 -6.366303688871326472e-01 -6.985378476648693713e-01 -7.438483913083933086e-01 -7.631334547495582932e-01 -7.489433004274537176e-01 -6.991482472664302117e-01 -6.178707130799451219e-01 -5.131815367107138703e-01 -3.935718726784612764e-01 -2.656403387728740739e-01 -1.336236241292856619e-01
-4.925203099753992786e-02 -9.909785825978810470e-02 -1.500881207292772967e-01 -2.026784280211315903e-01 -2.571590083690895034e-01 -3.135539930846844570e-01 -3.714763747611077305e-01 -4.299253407958771311e-01 -4.870226799204249724e-01 -5.397234215955283299e-01 -5.836324153016797522e-01 -6.132137980197408522e-01 -6.227320476435339591e-01 -6.079015216397206656e-01 -5.674759365993317095e-01 -5.036832801790585012e-01 -4.211783583135650377e-01 -3.253268784465584429e-01 -2.208916412460106837e-01 -1.115436298855956160e-01
-4.368177940418940114e-02 -8.774826998700403780e-02 -1.325359379175760355e-01 -1.782782560937347938e-01 -2.250380175113264880e-01 -2.726200704973268940e-01 -3.204598640557297373e-01 -3.674883709934509968e-01 -4.119876796877116054e-01 -4.514797665140737881e-01 -4.827370167458154837e-01 -5.020469563148346470e-01 -5.058332111137752163e-01 -4.915430720273722409e-01 -4.584260306110057859e-01 -4.077470379896113717e-01 -3.423053205995051362e-01 -2.655886135584634711e-01 -1.810349405307646320e-01 -9.165500850013960643e-02
-3.772682039585036756e-02 -7.567751484660777128e-02 -1.140290614854511247e-01 -1.528606058290188641e-01 -1.920946719071692788e-01 -2.314283089966582552e-01 -2.702543359739372764e-01 -3.075792176819082679e-01 -3.419541185123432525e-01 -3.714522146321541096e-01 -3.937426547600844096e-01 -4.063171356407934143e-01 -4.068876235252870122e-01 -3.938788840021631432e-01 -3.668297150657589545e-01 -3.265064388417078245e-01 -2.746757590716096264e-01 -2.136760951108746254e-01 -1.460014567611346570e-01 -7.404084587506305770e-02
-3.154798813119986250e-02 -6.320588201866551847e-02 -9.504216962593227402e-02 -1.270403729408208227e-01 -1.590517154511042197e-01 -1.907441040441950897e-01 -2.215498958152274100e-01 -2.506198457683403436e-01 -2.767967098777057711e-01 -2.986301716477307577e-01 -3.144590987977566865e-01 -3.225816715275259816e-01 -3.215076355520652407e-01 -3.102404507931101341e-01 -2.884955510714553584e-01 -2.567658180595487338e-01 -2.162116756291915798e-01 -1.684372734993197784e-01 -1.152535756234509962e-01 -5.850680435237962801e-02
-2.525922293752805303e-02 -5.055580813549478969e-02 -7.589332671456054669e-02 -1.012069566930047931e-01 -1.263276727508100827e-01 -1.509464365265405505e-01 -1.745812682785149728e-01 -1.965534859718526817e-01 -2.159825742670160309e-01 -2.318124284168040783e-01 -2.428813960702820296e-01 -2.480419502240666374e-01 -2.463195886814146807e-01 -2.370784609001521381e-01 -2.201451868539899548e-01 -1.958489556861816860e-01 -1.649675305578408857e-01 -1.286076213625301778e-01 -8.806870966840751880e-02 -4.473277991684235233e-02
-1.893307561807324943e-02 -3.786476794946567331e-02 -5.676835408303092939e-02 -7.556642189724922798e-02 -9.410555839212900175e-02 -1.121326578743527536e-01 -1.292752060541658699e-01 -1.450301972053231470e-01 -1.587676157869393201e-01 -1.697554969262717040e-01 -1.772120125348584929e-01 -1.803850140147500170e-01 -1.786501715245660260e-01 -1.716084732126365864e-01 -1.591576622674317487e-01 -1.415172075664964113e-01 -1.192017996111247452e-01 -9.295692588049674077e-02 -6.368082733179956934e-02 -3.235559742353719820e-02
-1.260831501173718949e-02 -2.520179314818518646e-02 -3.774888558698358265e-02 -5.018479391351237523e-02 -6.239546984509441313e-02 -7.420339392280252133e-02 -8.535664387198699243e-02 -9.552442440467376339e-02 -1.043021542308411737e-01 -1.112298930387173868e-01 -1.158261093931653579e-01 -1.176358726989275155e-01 -1.162875700600824180e-01 -1.115475468080585203e-01 -1.033597241810786937e-01 -9.186037964451944371e-02 -7.736552298749146961e-02 -6.033744298397927808e-02 -4.134206156718172459e-02 -2.100878777164678912e-02
-6.298379452248201345e-03 -1.258519762664896471e-02 -1.884061382814690086e-02 -2.502839048600360994e-02 -3.108816167969651739e-02 -3.692877081667798878e-02 -4.242352271650214751e-02 -4.740865131410308686e-02 -5.168665525949375089e-02 -5.503580411733201283e-02 -5.722667444246853918e-02 -5.804480656190213334e-02 -5.731669096870106728e-02 -5.493437857099089244e-02 -5.087328294710780768e-02 -4.519902895472702187e-02 -3.806245884685813957e-02 -2.968527270391425887e-02 -2.034120439396791893e-02 -1.033749654988512685e-02
