-1.007544363307707851e-02 -1.997953701978030794e-02 -2.953061313865074783e-02 -3.852904795076951550e-02 -4.675478345081638537e-02 -5.397224757265450118e-02 -5.994370122155296549e-02 -6.445033357404152119e-02 -6.731785703433279533e-02 -6.844086478450003841e-02 -6.779933365111615040e-02 -6.546212200346260279e-02 -6.157612436159998204e-02 -5.634421489660509930e-02 -4.999805642208290241e-02 -4.277212702835351404e-02 -3.488376679503818467e-02 -2.652128723129289212e-02 -1.784007388500882807e-02 -8.965407483497585608e-03
-2.032224221171195083e-02 -4.031208714736909254e-02 -5.961386486489569925e-02 -7.783077598330512270e-02 -9.451783185463097370e-02 -1.091905102629529833e-01 -1.213522246436690571e-01 -1.305397817286777229e-01 -1.363802298765123544e-01 -1.386462606464081704e-01 -1.372943391086655363e-01 -1.324730088700591946e-01 -1.244981385156097575e-01 -1.138026751323851365e-01 -1.008758667163462547e-01 -8.620667582073431034e-02 -7.024165418588433629e-02 -5.336130405086272205e-02 -3.587361936040495830e-02 -1.802156013429084824e-02
-3.090144407278560754e-02 -6.133270983204763133e-02 -9.078197722010060422e-02 -1.186623392725706522e-01 -1.442952240573374401e-01 -1.669197237052023886e-01 -1.857349045978183844e-01 -1.999763420281986115e-01 -2.090170251276235736e-01 -2.124695898472674649e-01 -2.102587016072384463e-01 -2.026374187864541931e-01 -1.901407064838927241e-01 -1.734924663619145935e-01 -1.534960671748679117e-01 -1.309370203870234839e-01 -1.065148670246637980e-01 -8.080863840152385791e-02 -5.427152248160573705e-02 -2.724721696734700577e-02
-4.195082935923483830e-02 -8.333532431088372383e-02 -1.235189801278616661e-01 -1.617413445532894789e-01 -1.970809638062069047e-01 -2.284582119021389690e-01 -2.546913048573855587e-01 -2.746136412791405079e-01 -2.872418993790551434e-01 -2.919563160606167274e-01 -2.886334030848096144e-01 -2.776771957927169354e-01 -2.599347672775770279e-01 -2.365303837573484724e-01 -2.086788828720484434e-01 -1.775304430556147173e-01 -1.440721476086745112e-01 -1.090868359450358899e-01 -7.315663767328436928e-02 -3.669578053602819134e-02
-5.356655588437903015e-02 -1.065387682702588490e-01 -1.582172534296160671e-01 -2.077030524756353913e-01 -2.538290146955999860e-01 -2.951407899241356159e-01 -3.299583449516481637e-01 -3.565448624699501523e-01 -3.733803890440119955e-01 -3.794801380794243784e-01 -3.746411764148118717e-01 -3.595030526582559949e-01 -3.353906937282244982e-01 -3.040153741966047374e-01 -2.671586008234514975e-01 -2.264336899261697178e-01 -1.831563961764476334e-01 -1.383098808540286495e-01 -9.257239508579646892e-02 -4.637925062227524209e-02
-6.577662585554722163e-02 -1.310359354161654555e-01 -1.951081852412609730e-01 -2.570245307636229160e-01 -3.153910875362129218e-01 -3.683171390634883968e-01 -4.134554397243842550e-01 -4.482252666701645460e-01 -4.702521125014675341e-01 -4.779399352676712565e-01 -4.709458526069837392e-01 -4.503017070677680644e-01 -4.181088974329746910e-01 -3.769815392593585668e-01 -3.295063685201781167e-01 -2.778892569704974891e-01 -2.238098293056243471e-01 -1.684238601927006140e-01 -1.124437845531492397e-01 -5.624882376076457274e-02
-7.850398703777855536e-02 -1.567201365566906202e-01 -2.341549457637675802e-01 -3.098954788546510186e-01 -3.823923688741504012e-01 -4.492771036624373937e-01 -5.073107836853525399e-01 -5.526295198890208704e-01 -5.814355942375043496e-01 -5.910522023416159287e-01 -5.808764749439189190e-01 -5.526340309988075905e-01 -5.097545713451449023e-01 -4.562929502299697959e-01 -3.959953287374576858e-01 -3.318069586966233553e-01 -2.657697199767548590e-01 -1.991319099179469920e-01 -1.325300411003929035e-01 -6.617223746768360892e-02
-9.151916321827867351e-02 -1.831855872334867408e-01 -2.748955362730757246e-01 -3.660076353283118200e-01 -4.549953501734224082e-01 -5.390539586781039061e-01 -6.137964038857450788e-01 -6.733872897935073709e-01 -7.115817763367892068e-01 -7.237117912387009966e-01 -7.086731580623076843e-01 -6.694787550057677006e-01 -6.119237189660504672e-01 -5.424193800843991609e-01 -4.663693343675207603e-01 -3.875723141655862958e-01 -3.083299723018776972e-01 -2.298039790224422063e-01 -1.523721782195841812e-01 -7.591008819335327840e-02
-1.043870018772490166e-01 -2.096071192213205259e-01 -3.162312448316336178e-01 -4.242288936479943762e-01 -5.324615220499187007e-01 -6.379313466876301852e-01 -7.348987771548668446e-01 -8.145359816310075995e-01 -8.663593797198370083e-01 -8.819917406508561708e-01 -8.593574986579490815e-01 -8.038967707145343589e-01 -7.256715456383161511e-01 -6.349592324623424267e-01 -5.394544846689908191e-01 -4.437756204497938506e-01 -3.501726822139686890e-01 -2.593817110500928891e-01 -1.712445701441315526e-01 -8.509593035686030538e-02
-1.164215123925417955e-01 -2.346228667889651287e-01 -3.561805380658646381e-01 -4.821419993565875250e-01 -6.123747403913697429e-01 -7.442780130948102313e-01 -8.707689846636987863e-01 -9.786807027384959445e-01 -1.050461394568988238e+00 -1.071119346513851323e+00 -1.036792072986882696e+00 -9.573067282336155115e-01 -8.501309005853039391e-01 -7.316579998096354176e-01 -6.125423644399856649e-01 -4.978678374941266083e-01 -3.891979512393743401e-01 -2.863049419666051087e-01 -1.881283815849436603e-01 -9.322904246698902886e-02
-1.266755029226975249e-01 -2.562760260953892422e-01 -3.916793267748124863e-01 -5.355180967907990919e-01 -6.894705313978705119e-01 -8.522844599134107302e-01 -1.015911045699895210e+00 -1.161456718099646679e+00 -1.260744097821230092e+00 -1.288283946045944983e+00 -1.237313493960864319e+00 -1.124704052995870063e+00 -9.794380045700779025e-01 -8.266985297081500539e-01 -6.805667798560340875e-01 -5.458278056509625609e-01 -4.224264741178970217e-01 -3.085093633096516186e-01 -2.017347166411857518e-01 -9.969181078268941898e-02
-1.340027104091000010e-01 -2.721092484770234465e-01 -4.186141129958538820e-01 -5.780488760016675442e-01 -7.545469229250669763e-01 -9.491456510154736570e-01 -1.153505996481183793e+00 -1.342305174337520279e+00 -1.474095832740107914e+00 -1.509756225548235742e+00 -1.438700344442613188e+00 -1.287026176224659535e+00 -1.098460383704197074e+00 -9.087957433330527968e-01 -7.354849328425226984e-01 -5.820988270168340195e-01 -4.461161551326746078e-01 -3.235648356302905926e-01 -2.106087070841641540e-01 -1.038034063480744174e-01
-1.372224719190414111e-01 -2.795084061059335823e-01 -4.323507832649386984e-01 -6.019892431521663978e-01 -7.949311492173354310e-01 -1.014678083541435960e+00 -1.253168679084130321e+00 -1.479583691114057409e+00 -1.640224887406137588e+00 -1.683061272091171290e+00 -1.593852512285199419e+00 -1.407482228509155053e+00 -1.181514995134052448e+00 -9.613149157006009027e-01 -7.669018843012169739e-01 -6.002331557676555684e-01 -4.562604889139482700e-01 -3.290116283273128994e-01 -2.133306103465604786e-01 -1.049129819317098089e-01
-1.353730678975590407e-01 -2.762946043546911090e-01 -4.288670040419491625e-01 -6.002098356512413080e-01 -7.980808072254542695e-01 -1.027341614186363605e+00 -1.280265500771746501e+00 -1.523492896390324702e+00 -1.697334466012169418e+00 -1.743342599699075679e+00 -1.645449469904013418e+00 -1.442918618025178290e+00 -1.200152831279294396e+00 -9.671226769378210575e-01 -7.649155799674260958e-01 -5.945112344913721092e-01 -4.495006986906935342e-01 -3.228692991759364306e-01 -2.087871787404707025e-01 -1.025177535282937313e-01
-1.279683500510316319e-01 -2.613621729955081796e-01 -4.061037945533841342e-01 -5.690040514682258577e-01 -7.573310017794623317e-01 -9.754108179917333477e-01 -1.215536188366993953e+00 -1.445904771858409710e+00 -1.610214539972719017e+00 -1.653578916429231160e+00 -1.560935732886930882e+00 -1.369119361763498688e+00 -1.138708116828331729e+00 -9.170098281700528320e-01 -7.243389186701392202e-01 -5.620039246817076783e-01 -4.241454688884842006e-01 -3.041521720984510790e-01 -1.964287367847115939e-01 -9.637068528455683403e-02
-1.151319533450594901e-01 -2.350203082291222045e-01 -3.647191273447396576e-01 -5.097363614419558875e-01 -6.754540906958813595e-01 -8.642182785783687482e-01 -1.068255637738299013e+00 -1.260817571663155778e+00 -1.396670555455845175e+00 -1.432556197817241417e+00 -1.356698026261581536e+00 -1.198010898050812623e+00 -1.004588499650892031e+00 -8.150499722428420357e-01 -6.472548188948884507e-01 -5.037547951274056190e-01 -3.807284260264551246e-01 -2.731420005701434839e-01 -1.764028420684628506e-01 -8.653611641361451390e-02
-9.753485966014682762e-02 -1.988255127410908096e-01 -3.076970242448225923e-01 -4.279518571445332098e-01 -5.626910775429601053e-01 -7.121014915379711985e-01 -8.688276759198310106e-01 -1.012815456147362791e+00 -1.112595767228102384e+00 -1.139065161939810222e+00 -1.084415512813064808e+00 -9.679665090720731557e-01 -8.224995585047044644e-01 -6.756184176751611759e-01 -5.416218619198250872e-01 -4.241599023311388161e-01 -3.217358639461053715e-01 -2.312685858869139577e-01 -1.495030869371433424e-01 -7.337084881267585956e-02
-7.617972286276367133e-02 -1.550276462533589916e-01 -2.391249007794137016e-01 -3.307339496526919276e-01 -4.311607799982759559e-01 -5.392667115766038854e-01 -6.488963956046512882e-01 -7.465196053893943251e-01 -8.127498757387651152e-01 -8.304458150321237797e-01 -7.951036853500208501e-01 -7.179986421107764638e-01 -6.187910054341533295e-01 -5.150845305477280700e-01 -4.172318024895752542e-01 -3.290714058418383048e-01 -2.507156896270007485e-01 -1.806850342795437159e-01 -1.169693462220880720e-01 -5.744415272613152823e-02
-5.215550451530510251e-02 -1.059716618489483925e-01 -1.629749521688479141e-01 -2.243223877239841624e-01 -2.903290473259366178e-01 -3.596000307381250760e-01 -4.278056780001683879e-01 -4.868620992061433728e-01 -5.261559700000011386e-01 -5.367442379846438794e-01 -5.163334301387758618e-01 -4.707493508662374260e-01 -4.104583871901191228e-01 -3.454421317303781325e-01 -2.822691326228931041e-01 -2.239977194354238477e-01 -1.713423607515956182e-01 -1.237831878082945869e-01 -8.024482328433707456e-02 -3.943641042127696283e-02
-2.647036886745889397e-02 -5.372591495513709403e-02 -8.246102838014571224e-02 -1.131387488565145788e-01 -1.457459111253668338e-01 -1.794049875391042215e-01 -2.119113003563721787e-01 -2.395348818394351931e-01 -2.576745878475085738e-01 -2.625965837400166536e-01 -2.533626468508934915e-01 -2.323871470077706614e-01 -2.041120508028209657e-01 -1.729792875920862782e-01 -1.421405861868439979e-01 -1.132537632497837982e-01 -8.686439479253824092e-02 -6.285951969302203124e-02 -4.079025772156925911e-02 -2.005666665053867231e-02
