-3.358320696566580599e-03 -6.601065200592230904e-03 -9.618638378321147514e-03 -1.231307064476538059e-02 -1.460315045179191862e-02 -1.642844053607630389e-02 -1.775189491261226771e-02 -1.856056913972747163e-02 -1.886431927722388019e-02 -1.869274476007923985e-02 -1.809064268416055513e-02 -1.711276775734447281e-02 -1.581854104313165296e-02 -1.426733638393028192e-02 -1.251473302694676437e-02 -1.060997580651137744e-02 -8.594650870140420340e-03 -6.502431469234386079e-03 -4.359695890407512715e-03 -2.186836016666707672e-03
-6.832212746464353705e-03 -1.342732319642569311e-02 -1.956041995725485080e-02 -2.503049973742692974e-02 -2.967107166843634472e-02 -3.335870264026907783e-02 -3.601857139490417109e-02 -3.762603356766797830e-02 -3.820394804011573858e-02 -3.781600395243805979e-02 -3.655703984189154904e-02 -3.454186437049378694e-02 -3.189404645971342933e-02 -2.873605926039009967e-02 -2.518159854971460665e-02 -2.133050739162951556e-02 -1.726619535136467154e-02 -1.305538449765426302e-02 -8.749529301362315992e-03 -4.387642906294167942e-03
-1.054320406301245683e-02 -2.071558343519296075e-02 -3.016521034180487393e-02 -3.857742772769707368e-02 -4.569191306457505430e-02 -5.131671679398035202e-02 -5.533762262123195080e-02 -5.772101010365526114e-02 -5.850940229851355617e-02 -5.781025285643840578e-02 -5.577963597922528521e-02 -5.260359538335260265e-02 -4.847970989456857477e-02 -4.360123554596659345e-02 -3.814507211475064857e-02 -3.226421043122555676e-02 -2.608422319400083636e-02 -1.970337272502011017e-02 -1.319539018511463671e-02 -6.614224477046625437e-03
-1.462502635473145532e-02 -2.872660205226236496e-02 -4.180738655591949293e-02 -5.342208230655573487e-02 -6.320242052135771615e-02 -7.087860400489832957e-02 -7.629417426330133145e-02 -7.941094785861431415e-02 -8.030236787912564678e-02 -7.913591803432919181e-02 -7.614761381463298895e-02 -7.161313272477320968e-02 -6.581994108687908018e-02 -5.904405253339484877e-02 -5.153322027175052944e-02 -4.349701533657385905e-02 -3.510309206987666242e-02 -2.647847748624873945e-02 -1.771444774637933109e-02 -8.873866844923888886e-03
-1.923028394320298179e-02 -3.775840837322758797e-02 -5.491560330738150947e-02 -7.010106384879460917e-02 -8.281704054812344395e-02 -9.270106897389512879e-02 -9.954948997545652600e-02 -1.033262070336766481e-01 -1.041531666833533931e-01 -1.022833789583684622e-01 -9.806173190775907544e-02 -9.188135497595825707e-02 -8.414284356289196409e-02 -7.522179443349465144e-02 -6.544671023722478664e-02 -5.508749605733503224e-02 -4.435261874594020187e-02 -3.339296692364069480e-02 -2.231003227349637880e-02 -1.116678754734271549e-02
-2.453768420051522306e-02 -4.816110944587434495e-02 -6.999552951703286174e-02 -8.924948189273398946e-02 -1.052635675702441459e-01 -1.175591199878084636e-01 -1.258764808182568917e-01 -1.301911784360610669e-01 -1.307006584963052997e-01 -1.277826260227306610e-01 -1.219345222623943181e-01 -1.137076385296659914e-01 -1.036482512751287915e-01 -9.225352098697751912e-02 -7.994430237211401502e-02 -6.705358552346041279e-02 -5.382688514490988063e-02 -4.043071937490020501e-02 -2.696591264357544801e-02 -1.348324188853883103e-02
-3.075933874509430288e-02 -6.035281214659684451e-02 -8.765589173321437777e-02 -1.116377165109214559e-01 -1.314285661701573293e-01 -1.463953081643482312e-01 -1.562060848603752938e-01 -1.608613194427858661e-01 -1.606755925673899466e-01 -1.562118856792834853e-01 -1.481860271674828866e-01 -1.373663414892262458e-01 -1.244889546496445315e-01 -1.101996890720849526e-01 -9.502334861665431842e-02 -7.935563414254484527e-02 -6.347058037134137298e-02 -4.753708401709887815e-02 -3.163963961121709495e-02 -1.580025416935706972e-02
-3.814686121164320709e-02 -7.483489290609600386e-02 -1.086374771638703440e-01 -1.382168757837601292e-01 -1.624176192472477076e-01 -1.803873971252537567e-01 -1.916911677580524775e-01 -1.963723553001807953e-01 -1.949284540600786653e-01 -1.882032049457201817e-01 -1.772312950112591712e-01 -1.630826674770251006e-01 -1.467414642055504537e-01 -1.290328559436451639e-01 -1.105937052481069938e-01 -9.187496789963749133e-02 -7.316268218335814089e-02 -5.460736024131830624e-02 -3.625527894487577674e-02 -1.807813163867756645e-02
-4.699323357730832151e-02 -9.220239614226170832e-02 -1.338422338820989266e-01 -1.701746370407525022e-01 -1.996375408154414666e-01 -2.210453676511890120e-01 -2.337986921342305735e-01 -2.380083662923738186e-01 -2.344625567186743587e-01 -2.244411088935513165e-01 -2.094531972859602909e-01 -1.909914935837606909e-01 -1.703613110057844993e-01 -1.485964807027787549e-01 -1.264435847864043561e-01 -1.043878199798631556e-01 -8.269778568151570086e-02 -6.147438703798760451e-02 -4.069597987991262905e-02 -2.025698256197187852e-02
-5.762364529542347846e-02 -1.131391464288394738e-01 -1.643541984834037128e-01 -2.090013614661002384e-01 -2.449116823100742635e-01 -2.703567072128719717e-01 -2.844487568506883224e-01 -2.873990151968791595e-01 -2.804718031901347608e-01 -2.656452283858932728e-01 -2.451487922799784613e-01 -2.210687082420871030e-01 -1.951157156887829147e-01 -1.685480904301722704e-01 -1.421962642030899227e-01 -1.165348683442274103e-01 -9.176620980433841668e-02 -6.789637981091287133e-02 -4.479722495772322371e-02 -2.225379314741212852e-02
-7.036196439972802752e-02 -1.383754447378136299e-01 -2.014314650480529267e-01 -2.565591369622716722e-01 -3.006412154068888176e-01 -3.310082128273810764e-01 -3.462280173287484164e-01 -3.466576954857220616e-01 -3.343750636016405431e-01 -3.125168907489910275e-01 -2.844272198657192829e-01 -2.530185968794407270e-01 -2.204846296567909980e-01 -1.882838298957937584e-01 -1.572584562269390418e-01 -1.277891493567887005e-01 -9.993577536079162327e-02 -7.354767940311972285e-02 -4.834271775558258988e-02 -2.396094259495974710e-02
-8.544670393454832646e-02 -1.685612093344436568e-01 -2.464134150379407029e-01 -3.151092009089022650e-01 -3.699948338060849995e-01 -4.066889863250593429e-01 -4.226816046518666603e-01 -4.185424650042846029e-01 -3.978051734025648267e-01 -3.655991833830384286e-01 -3.270177993535428040e-01 -2.860921005605895906e-01 -2.455199929183273788e-01 -2.068440192563792968e-01 -1.707645082756129307e-01 -1.374274381678811663e-01 -1.066400299753138825e-01 -7.801578396591882236e-02 -5.106496652748513526e-02 -2.524723389330391088e-02
-1.028494512204871925e-01 -2.039536538054442238e-01 -3.003864777562327837e-01 -3.870968671082787305e-01 -4.569033198104855975e-01 -5.022466156986167274e-01 -5.184571323372004770e-01 -5.064225292496955522e-01 -4.723637620010784355e-01 -4.249113027607397952e-01 -3.719054139841163065e-01 -3.188003494205197130e-01 -2.686569760721410627e-01 -2.228073685789000447e-01 -1.815280358970339791e-01 -1.445160453634019293e-01 -1.111810976846830806e-01 -8.081042861268263044e-02 -5.265409524490888282e-02 -2.596299540451684970e-02
-1.219222781302991276e-01 -2.437226634312798512e-01 -3.632053336614439187e-01 -4.740123370810716552e-01 -5.648980760896727960e-01 -6.225626077740447073e-01 -6.381822261517507977e-01 -6.131291672902016154e-01 -5.585116848042189774e-01 -4.890049836334423028e-01 -4.166418845327221621e-01 -3.484853161854141179e-01 -2.874886415018273467e-01 -2.341987551952749713e-01 -1.880239838175099543e-01 -1.479275417956151806e-01 -1.127578570645232925e-01 -8.139069988940349221e-02 -5.277796017928222672e-02 -2.595062571974969881e-02
-1.408148374645509238e-01 -2.846240436534246965e-01 -4.311748910268742851e-01 -5.729027771374167743e-01 -6.925349934328081103e-01 -7.673332867886774045e-01 -7.813068762546176993e-01 -7.365424149565406031e-01 -6.522934038892259645e-01 -5.528515445839693454e-01 -4.561654480642576281e-01 -3.707629709312846855e-01 -2.985673625247734497e-01 -2.384684456953373999e-01 -1.884408368755191854e-01 -1.464121830313122596e-01 -1.105320446365631454e-01 -7.921653367956325853e-02 -5.111642121614656809e-02 -2.506152478735146003e-02
-1.557920064016785344e-01 -3.191705688830216991e-01 -4.932224318489028536e-01 -6.696666321170350322e-01 -8.236134936582392152e-01 -9.193092457542922924e-01 -9.305168019406370172e-01 -8.602464016259223634e-01 -7.391517716749886890e-01 -6.044820912326003270e-01 -4.813378260248553642e-01 -3.790797055001380311e-01 -2.974088465261376935e-01 -2.326469223030974975e-01 -1.808565546308253391e-01 -1.387480762130734180e-01 -1.037415703409344664e-01 -7.382694283867156926e-02 -4.740965459234831869e-02 -2.317905704864315491e-02
-1.610543662841169843e-01 -3.346946632877894068e-01 -5.280489222033794006e-01 -7.329568673719050187e-01 -9.172968141001884845e-01 -1.031873685741260260e+00 -1.039538623815769114e+00 -9.442085827138069209e-01 -7.884807950364789431e-01 -6.227273033994933371e-01 -4.785358554171031953e-01 -3.650668753555615376e-01 -2.790167258684817519e-01 -2.138079457628148938e-01 -1.635854038402166089e-01 -1.239815447642564072e-01 -9.185914729546511281e-02 -6.493998495301869789e-02 -4.151620155491825281e-02 -2.024505582572889636e-02
-1.500028576611469322e-01 -3.158801069607505840e-01 -5.078307759021737366e-01 -7.187741014855788535e-01 -9.132052888194566176e-01 -1.034322256173635379e+00 -1.038440209621139587e+00 -9.299293486381425833e-01 -7.583189678819598489e-01 -5.811197636151776980e-01 -4.325954397859293477e-01 -3.205833162929513369e-01 -2.392145731943934317e-01 -1.799023837589078245e-01 -1.356869466557837356e-01 -1.017327995612541947e-01 -7.477341426151901116e-02 -5.255762987731354280e-02 -3.347011262337741544e-02 -1.628497649365760747e-02
-1.181268553797618220e-01 -2.515730225682401566e-01 -4.108714216770098515e-01 -5.909218527354831441e-01 -7.599663654451974670e-01 -8.655941819915947688e-01 -8.669901935582422503e-01 -7.681040599661330681e-01 -6.148833684927415000e-01 -4.599938769148030904e-01 -3.336565427180913646e-01 -2.414040159107478933e-01 -1.766007855674709137e-01 -1.307934105863574059e-01 -9.751577349521897697e-02 -7.248831740289965464e-02 -5.294398226713361438e-02 -3.704698881083635931e-02 -2.352162590590139296e-02 -1.142473824775480477e-02
-6.594898033854477981e-02 -1.418672798782190936e-01 -2.350327839407034825e-01 -3.430402027504106388e-01 -4.462236629117450337e-01 -5.110323989834489877e-01 -5.109861260090585722e-01 -4.485863419023303766e-01 -3.534744713525237447e-01 -2.591389387629508545e-01 -1.840384517002984777e-01 -1.306964737264779963e-01 -9.423112665326471848e-02 -6.904734161144071569e-02 -5.108291086776965695e-02 -3.775976944978606809e-02 -2.746712805138303709e-02 -1.916470159562394873e-02 -1.214467305630366131e-02 -5.892351012318754189e-03
