-8.669589239962641886e-03 -1.734842054581294327e-02 -2.603233912032415845e-02 -3.469027167154265651e-02 -4.325068074439990251e-02 -5.158888357372657524e-02 -5.951692418841030008e-02 -6.677891970582887360e-02 -7.305572105948202055e-02 -7.798284172308435347e-02 -8.118374963610947015e-02 -8.231656988564597932e-02 -8.112598030341222621e-02 -7.748720007061767057e-02 -7.142851952167680873e-02 -6.312552394027683145e-02 -5.287064875113742235e-02 -4.103030862053986400e-02 -2.800400062287070752e-02 -1.419551691388728012e-02
-1.732994298666935482e-02 -3.469175711637940279e-02 -5.209068416531544704e-02 -6.947807344015900777e-02 -8.672357094977482805e-02 -1.035879343504198663e-01 -1.196998999185054646e-01 -1.345430376955480400e-01 -1.474611403059288284e-01 -1.576918991225901290e-01 -1.644356060987355039e-01 -1.669565597163442383e-01 -1.647001727016139394e-01 -1.573943185725124316e-01 -1.451013833994056201e-01 -1.282029552493371694e-01 -1.073267711562234383e-01 -8.324659434495579324e-02 -5.679016606724290872e-02 -2.877805980220092194e-02
-2.595843373281361138e-02 -5.199800478161969997e-02 -7.816057512744074842e-02 -1.044077917846855663e-01 -1.305776182461494406e-01 -1.563394019572143523e-01 -1.811517325249566435e-01 -2.042322030944670741e-01 -2.245539070594328723e-01 -2.408880316917679509e-01 -2.519102112424595474e-01 -2.563738987335787423e-01 -2.533238242516648309e-01 -2.422885344603308844e-01 -2.233797520420989502e-01 -1.972582003004147988e-01 -1.649869072812623905e-01 -1.278391387619637332e-01 -8.713200788973886335e-02 -4.412653040468812737e-02
-3.450580170090294246e-02 -6.918126589440337648e-02 -1.041458310844858848e-01 -1.394149040995254218e-01 -1.748397249080775040e-01 -2.100403507808782100e-01 -2.443354511470483548e-01 -2.766801583836387413e-01 -3.056342641912093705e-01 -3.293960444122763787e-01 -3.459431390609280510e-01 -3.533046988109835862e-01 -3.499322935309593374e-01 -3.350558964192181244e-01 -3.088706501666794169e-01 -2.724630837274128470e-01 -2.275234870467410242e-01 -1.759910354012591271e-01 -1.197721658914007448e-01 -6.059604023042016591e-02
-4.288352537447652491e-02 -8.607544886612733537e-02 -1.298266038313019566e-01 -1.742662937547069801e-01 -2.193260571488707955e-01 -2.646468577788680387e-01 -3.094695892919693825e-01 -3.525186333084495693e-01 -3.919064951400729191e-01 -4.251174047570041026e-01 -4.491587282835654560e-01 -4.609648488948102640e-01 -4.580391635723645161e-01 -4.391269964407029658e-01 -4.045803173538140007e-01 -3.561981654331903280e-01 -2.966521969749986165e-01 -2.288291483933918569e-01 -1.553695129529680530e-01 -7.848545454751262862e-02
-5.095285562659126327e-02 -1.024104193203374952e-01 -1.548188506345481719e-01 -2.084976097291004471e-01 -2.635513789040451194e-01 -3.197514262569637888e-01 -3.763771974369612972e-01 -4.320169677712857315e-01 -4.843506872335299751e-01 -5.299943819331363049e-01 -5.645800701185875736e-01 -5.833098110766974376e-01 -5.820756601562453447e-01 -5.587805274368503605e-01 -5.140892795022360406e-01 -4.510780396213222021e-01 -3.740504155866846148e-01 -2.873015722687853324e-01 -1.943907665240724447e-01 -9.797617535547605006e-02
-5.851751630073352001e-02 -1.177945578884369848e-01 -1.785408076335579797e-01 -2.413539459195117032e-01 -3.066304186735398507e-01 -3.744299997986531570e-01 -4.442686701445496822e-01 -5.148108091217563631e-01 -5.834461016976124625e-01 -6.458216404308930736e-01 -6.956307026293663265e-01 -7.252572757384102564e-01 -7.277362921198501367e-01 -6.994299453947420142e-01 -6.416402546592634426e-01 -5.598279741125939957e-01 -4.611114821128423635e-01 -3.519183417728730667e-01 -2.369117787860153534e-01 -1.190278011071239234e-01
-6.532267690083942702e-02 -1.317095156065118400e-01 -2.001959016139170655e-01 -2.717469383031403951e-01 -3.471861559207645720e-01 -4.270675223107353591e-01 -5.114439572852537141e-01 -5.994497704204838628e-01 -6.885751758882796558e-01 -7.735879178941065248e-01 -8.455440235544232630e-01 -8.922479433987634545e-01 -9.016388811189403052e-01 -8.672323664273808852e-01 -7.915953441536069946e-01 -6.846300306578764205e-01 -5.583091419253085608e-01 -4.222456965307384014e-01 -2.822866609134530025e-01 -1.412191640043267138e-01
-7.106370629386307702e-02 -1.435249651311258923e-01 -2.187863819885602079e-01 -2.982516992589017701e-01 -3.832987476625836498e-01 -4.752011887123626099e-01 -5.749334700400575704e-01 -6.826965234896119616e-01 -7.968188464076129129e-01 -9.116414805726755777e-01 -1.014884639769118246e+00 -1.087264284703321149e+00 -1.108113814832321076e+00 -1.065980737803530198e+00 -9.657357459895219431e-01 -8.250269738448857693e-01 -6.637484818112264762e-01 -4.960145916010295086e-01 -3.286659088013474395e-01 -1.635441206914570178e-01
-7.540721497351057789e-02 -1.525402826090837549e-01 -2.331729733757443301e-01 -3.191744325131378179e-01 -4.125524563988040017e-01 -5.154754267099947995e-01 -6.302033645313853683e-01 -7.586718097959294083e-01 -9.010231140123599047e-01 -1.052009604565726786e+00 -1.195601649845028591e+00 -1.302740100949421054e+00 -1.340017980194600167e+00 -1.288434161521875509e+00 -1.156443269934776863e+00 -9.734123062442241459e-01 -7.706219754815093470e-01 -5.678791655307966479e-01 -3.724699002338459630e-01 -1.842308544582498542e-01
-7.802488430365918382e-02 -1.580560131558946813e-01 -2.421907622254425851e-01 -3.327198296174337377e-01 -4.322523244514874241e-01 -5.438695562691896468e-01 -6.712537009013048728e-01 -8.184508023295792301e-01 -9.881241014291211044e-01 -1.176276039172520438e+00 -1.363352317955523585e+00 -1.509280427910479450e+00 -1.565547364716100454e+00 -1.504037914862414116e+00 -1.337588232486898843e+00 -1.109650378799336590e+00 -8.647139028497666802e-01 -6.285576475783999362e-01 -4.082201399496501737e-01 -2.007558160806108549e-01
-7.863632589271775386e-02 -1.594681360679922333e-01 -2.448141605864492532e-01 -3.372602823709840436e-01 -4.398503013281202523e-01 -5.563522335964538046e-01 -6.915700510802113010e-01 -8.513060417264695090e-01 -1.040467105491507338e+00 -1.256448415727009493e+00 -1.477244786240096142e+00 -1.654002077751268729e+00 -1.725767740214731560e+00 -1.656836976458275323e+00 -1.463717120821008910e+00 -1.201548860623238291e+00 -9.255453123072440169e-01 -6.660111186932324845e-01 -4.293986755565794011e-01 -2.102769856548356298e-01
-7.705229214727830900e-02 -1.563660698412001615e-01 -2.403373233828458577e-01 -3.316546186469567226e-01 -4.335113224004190080e-01 -5.499083635583021934e-01 -6.860259751765129810e-01 -8.482548279967466742e-01 -1.042266028480438811e+00 -1.265980219552057529e+00 -1.496724138144929883e+00 -1.682964718052919251e+00 -1.759875332679186499e+00 -1.689371512521632424e+00 -1.489113498645625588e+00 -1.217894873898302421e+00 -9.342323760534022581e-01 -6.697497475427941493e-01 -4.306111862847446514e-01 -2.105231368978290329e-01
-7.320677819743694192e-02 -1.486065535602279775e-01 -2.285143166457198893e-01 -3.155071071180139963e-01 -4.126043503289048009e-01 -5.235111755352943597e-01 -6.528878460519758065e-01 -8.062612306198310153e-01 -9.881542767468001198e-01 -1.195764907704340185e+00 -1.407758892989162236e+00 -1.577394385029325274e+00 -1.646653604152138239e+00 -1.581612657873617378e+00 -1.397913760389504212e+00 -1.147938227422451885e+00 -8.843294661700382697e-01 -6.362211986688843801e-01 -4.100387657185479706e-01 -2.007290056650264110e-01
-6.716827221958920902e-02 -1.363390468748987006e-01 -2.096061722500098812e-01 -2.892531193390435740e-01 -3.778646384073368614e-01 -4.784492320117998965e-01 -5.945112715117064628e-01 -7.297520620567883309e-01 -8.863782506827170282e-01 -1.060271676412960273e+00 -1.233071286043240011e+00 -1.367985913401804421e+00 -1.420909249481273617e+00 -1.366369932166919599e+00 -1.215927859585869575e+00 -1.008923009365085832e+00 -7.859234539083741478e-01 -5.707822190640996496e-01 -3.703038251126007929e-01 -1.819560318337741789e-01
-5.912726103942487349e-02 -1.199752184561724278e-01 -1.843181583703260573e-01 -2.540332901814584265e-01 -3.311371878234871113e-01 -4.177861181756414299e-01 -5.161676869640153820e-01 -6.280513026063082593e-01 -7.534032300911970292e-01 -8.872163634658157827e-01 -1.014962869209664387e+00 -1.110933271487666962e+00 -1.145944259635302886e+00 -1.103474959737739347e+00 -9.908011788135653308e-01 -8.334096905514635223e-01 -6.587090554352338367e-01 -4.843421727359471518e-01 -3.169846745929252307e-01 -1.565385877862099373e-01
-4.936554042978116841e-02 -1.001163964768965603e-01 -1.536579356636945393e-01 -2.114241249354257279e-01 -2.748576582837632953e-01 -3.453308507821972739e-01 -4.239427348587793132e-01 -5.110506593986019475e-01 -6.052629277372084671e-01 -7.016261351430925775e-01 -7.895054702963671955e-01 -8.524582623322880526e-01 -8.730620775949574641e-01 -8.417044499921231271e-01 -7.624139026328710100e-01 -6.499454912374065252e-01 -5.210795225671145392e-01 -3.878427180236402871e-01 -2.560546167628013903e-01 -1.270920367916164861e-01
-3.821847178689181945e-02 -7.746687750768146974e-02 -1.187730849063248356e-01 -1.631474225605695216e-01 -2.115359616307253554e-01 -2.647151946906454167e-01 -3.230833875311605596e-01 -3.862775703756047285e-01 -4.525262112159545436e-01 -5.177343332690915734e-01 -5.747025859918444279e-01 -6.135766094800740866e-01 -6.246378363474422990e-01 -6.026678611276795605e-01 -5.497029896408556215e-01 -4.736645112816348924e-01 -3.841433638490071578e-01 -2.887819789668290005e-01 -1.920438829550289994e-01 -9.573058481730663261e-02
-2.604145301587751024e-02 -5.275953590555998440e-02 -8.082011200252582628e-02 -1.108564943565680250e-01 -1.434228988775634317e-01 -1.789045973206814799e-01 -2.173597961669665179e-01 -2.582652912040597215e-01 -3.001537991216290391e-01 -3.402061376686829064e-01 -3.740474311071520508e-01 -3.962153786443439740e-01 -4.016395253278653987e-01 -3.876581450343450919e-01 -3.552261799427828270e-01 -3.083182762469001692e-01 -2.520305587241747913e-01 -1.907903085570827328e-01 -1.275377913341283476e-01 -6.377414714016434172e-02
-1.318778222550042074e-02 -2.670966758457495385e-02 -4.089133329480178908e-02 -5.603556306865248304e-02 -7.239443741583323488e-02 -9.011928634803792471e-02 -1.091779077281962301e-01 -1.292312922159465083e-01 -1.494758273495593870e-01 -1.684957053963094531e-01 -1.842383896048095937e-01 -1.942789748926420645e-01 -1.964525563924886531e-01 -1.896384162110339167e-01 -1.742108891294288087e-01 -1.518177913520684930e-01 -1.246571612836705478e-01 -9.474644172251721341e-02 -6.352805723109407332e-02 -3.182565251327156702e-02
