-2.477737747396365625e-02 -4.903052560679366928e-02 -7.213877850295896677e-02 -9.331908420456955233e-02 -1.116255713212651601e-01 -1.260470677277909790e-01 -1.357059947146474765e-01 -1.401014176736422867e-01 -1.392832590549641647e-01 -1.338577197454244028e-01 -1.248180527174210935e-01 -1.132930941115959794e-01 -1.003267921567481819e-01 -8.674971301982806193e-02 -7.314114005867035362e-02 -5.984964598695979854e-02 -4.703913195917811679e-02 -3.473857817429252398e-02 -2.288508324110715905e-02 -1.135728918038530176e-02
-5.007897680813375857e-02 -9.920586729286785810e-02 -1.462051996123266695e-01 -1.895110542815231502e-01 -2.271339532008249951e-01 -2.568528263060451122e-01 -2.766702890048804431e-01 -2.854111413548326426e-01 -2.831698299312001565e-01 -2.713271991115206450e-01 -2.521203594055810848e-01 -2.280271820412105299e-01 -2.012642620679760685e-01 -1.735308894811361802e-01 -1.459651760469339865e-01 -1.192182921897450426e-01 -9.356828787843313178e-02 -6.903007411779671365e-02 -4.544446777126797538e-02 -2.254405231085299111e-02
-7.633251549357381038e-02 -1.515079958991388254e-01 -2.239619515802193650e-01 -2.913763179905218270e-01 -3.505238920143646242e-01 -3.975203878472891583e-01 -4.286583090697577147e-01 -4.416494811959497668e-01 -4.366166377929597830e-01 -4.161369724826417538e-01 -3.842984622288901364e-01 -3.454274813720031312e-01 -3.031712794742450479e-01 -2.601442059411871455e-01 -2.179703427250577752e-01 -1.774900197518010647e-01 -1.389856263144227388e-01 -1.023689485069712996e-01 -6.731863014075738227e-02 -3.337444936157695635e-02
-1.037419398863978770e-01 -2.065256071152228590e-01 -3.067339359615683381e-01 -4.014337340021192913e-01 -4.858914867737463283e-01 -5.537410436884410148e-01 -5.983851680270102502e-01 -6.154989353294089138e-01 -6.051934329413651836e-01 -5.721212979892892347e-01 -5.234277702434930735e-01 -4.661858201118919687e-01 -4.058422749702167986e-01 -3.459029645860558499e-01 -2.882817341459188443e-01 -2.337857777292799422e-01 -1.825152268303586178e-01 -1.341414393566947305e-01 -8.808665329024437107e-02 -4.363510428997473961e-02
-1.321030204490880322e-01 -2.640832988822795491e-01 -3.948719999264310720e-01 -5.212965905947979373e-01 -6.368528382270292054e-01 -7.313802851853773435e-01 -7.932564758570237462e-01 -8.143526383722190509e-01 -7.946838390814771058e-01 -7.426491971117733515e-01 -6.706302664676837555e-01 -5.898868910107175623e-01 -5.080687607564243757e-01 -4.293358659995181181e-01 -3.554666952489096143e-01 -2.868559678471743757e-01 -2.231480520967106251e-01 -1.635949115946536137e-01 -1.072514380279870894e-01 -5.307931031872469008e-02
-1.605575605097195324e-01 -3.226763836877128977e-01 -4.867426328326926455e-01 -6.500920181342709769e-01 -8.043449467276064802e-01 -9.337477457320126906e-01 -1.018328484844787996e+00 -1.043262966540689618e+00 -1.008323637169793452e+00 -9.283823044169910998e-01 -8.244499991743274858e-01 -7.139583670817563066e-01 -6.070315084672237571e-01 -5.078707116879574990e-01 -4.173881828811284445e-01 -3.350227611291224372e-01 -2.596260292727647356e-01 -1.898387139575677118e-01 -1.242448616485795493e-01 -6.143070432320293234e-02
-1.873524246005785210e-01 -3.787970789096468116e-01 -5.772074432387813703e-01 -7.814772510577195908e-01 -9.815679742587183343e-01 -1.154305564378135696e+00 -1.267486419974019451e+00 -1.296053113109017607e+00 -1.239347507475402566e+00 -1.122042503260698876e+00 -9.777462279949660218e-01 -8.320976802899272551e-01 -6.976283391991874305e-01 -5.776120189084240630e-01 -4.711757372590635318e-01 -3.762189611637092312e-01 -2.904943921201699197e-01 -2.118890154775983359e-01 -1.384585951380339075e-01 -6.839863469311052713e-02
-2.098043313544182553e-01 -4.266145538803304271e-01 -6.564042256352539129e-01 -9.004624899929253301e-01 -1.147619918967523134e+00 -1.366561663593970355e+00 -1.510649529247481970e+00 -1.542401610248315569e+00 -1.460599313623390128e+00 -1.301762746459049547e+00 -1.114347488099239669e+00 -9.330257272039206295e-01 -7.722437621257146612e-01 -6.334796907372892694e-01 -5.134409899650239639e-01 -4.081781653192194104e-01 -3.142431260894622547e-01 -2.287642990976914148e-01 -1.493018385643006818e-01 -7.370524147629760325e-02
-2.247660412202932556e-01 -4.588691120434369441e-01 -7.108855364745504390e-01 -9.843255026594835977e-01 -1.267476713856534820e+00 -1.522600680842610688e+00 -1.691134053045162844e+00 -1.725155808022729609e+00 -1.622960518981571010e+00 -1.431001645955336965e+00 -1.209996467827445077e+00 -1.001762900121881961e+00 -8.218892978254509485e-01 -6.700549710546189752e-01 -5.408477769744635122e-01 -4.288004168025216778e-01 -3.295348151479225995e-01 -2.396231162258334046e-01 -1.562791916776459789e-01 -7.712047765158046297e-02
-2.296816097007861601e-01 -4.694276046003587055e-01 -7.286470557238059476e-01 -1.011589261505125625e+00 -1.306408704320432435e+00 -1.573316682803689748e+00 -1.749874751962973818e+00 -1.784746612425517354e+00 -1.676064603326944180e+00 -1.473527453815966171e+00 -1.241833768976700281e+00 -1.025080709972798321e+00 -8.391732449402069527e-01 -6.831729450754929767e-01 -5.509738027117681014e-01 -4.366274984356238731e-01 -3.354714224992793592e-01 -2.439140393783508498e-01 -1.590713120535565128e-01 -7.849748214024368509e-02
-2.237457249455402364e-01 -4.563140665612214208e-01 -7.057080083042738261e-01 -9.749332812291612305e-01 -1.252322847242648640e+00 -1.501371606093121702e+00 -1.665875698302004659e+00 -1.699996758773446581e+00 -1.602124483760597906e+00 -1.416724808101637922e+00 -1.202079470388820459e+00 -9.986181630681085775e-01 -8.217525805238015124e-01 -6.715682982719294314e-01 -5.431128053744128659e-01 -4.312494804813705729e-01 -3.318080439486336686e-01 -2.414901774066327833e-01 -1.575945224530939659e-01 -7.779812576288873405e-02
-2.083249897486301183e-01 -4.228423219631508578e-01 -6.486527924617181418e-01 -8.863254000083894413e-01 -1.124830091271875165e+00 -1.334747704115256672e+00 -1.472948910331235428e+00 -1.505011109047180273e+00 -1.429851111797046492e+00 -1.281062910185277737e+00 -1.103476029740583897e+00 -9.296285042221197337e-01 -7.736140897469021560e-01 -6.374595466256111065e-01 -5.185466946889939477e-01 -4.134370483672505370e-01 -3.190199870606443833e-01 -2.326440069501877483e-01 -1.520184649343225003e-01 -7.510050321948391616e-02
-1.862895294055969819e-01 -3.758242880202590230e-01 -5.706244665657460580e-01 -7.689573297696715715e-01 -9.610289282065956895e-01 -1.125530049892922158e+00 -1.233526850415690879e+00 -1.262751990717365658e+00 -1.212662571750330320e+00 -1.105249498130185692e+00 -9.707320312714403654e-01 -8.326445376640796425e-01 -7.030411751182660263e-01 -5.856145664494672998e-01 -4.801053181322385011e-01 -3.849239995242978440e-01 -2.981901381830822095e-01 -2.180473285333834887e-01 -1.427348360389353032e-01 -7.058543464127775557e-02
-1.608046042493455619e-01 -3.224514366969258861e-01 -4.846583621049770363e-01 -6.443475560684389647e-01 -7.934219649936268270e-01 -9.175489899403774796e-01 -9.990794401200185915e-01 -1.025110470740992819e+00 -9.954832177768770940e-01 -9.232038020825946711e-01 -8.268593452964383417e-01 -7.222635777193064932e-01 -6.190466956732874060e-01 -5.216130787685098191e-01 -4.313011287879195965e-01 -3.479595838958121634e-01 -2.707688620612627717e-01 -1.986202789494110055e-01 -1.302881079726056490e-01 -6.450639736262400725e-02
-1.344026086249237861e-01 -2.681192228636398167e-01 -3.995954814347456585e-01 -5.254035954507991768e-01 -6.392627039434786163e-01 -7.319084065471812561e-01 -7.930842107931198592e-01 -8.157501493594202513e-01 -7.999497691102068764e-01 -7.530049142493886460e-01 -6.858507533324377237e-01 -6.087030967021974659e-01 -5.288126933751883252e-01 -4.504022435006170832e-01 -3.755137203023821701e-01 -3.048428663550535878e-01 -2.383052927456677517e-01 -1.753767885657712133e-01 -1.152909086379480808e-01 -5.715206100276181561e-02
-1.086658103334660619e-01 -2.159164119130888015e-01 -3.197521571012962305e-01 -4.170336378317027748e-01 -5.031218426485585260e-01 -5.721099087785069814e-01 -6.180842450198987814e-01 -6.372498975188382042e-01 -6.297245420125412441e-01 -5.996206956681942035e-01 -5.533388713711864249e-01 -4.973850666276303789e-01 -4.369719504203687377e-01 -3.756450994721379222e-01 -3.155050392525071690e-01 -2.575924274925149304e-01 -2.022325555749907022e-01 -1.492906357909977999e-01 -9.834666110966319708e-02 -4.881092440638092750e-02
-8.433984320799979562e-02 -1.671051094729855691e-01 -2.463686297415609849e-01 -3.195673479466928923e-01 -3.834082103862724300e-01 -4.341398241668342761e-01 -4.683102723131896683e-01 -4.838386491586003091e-01 -4.808485736758338347e-01 -4.616994522152001457e-01 -4.301836877182398933e-01 -3.904209384516528769e-01 -3.460182110842056624e-01 -2.996960058274333871e-01 -2.532681344932422585e-01 -2.077891251425147412e-01 -1.637418326792451362e-01 -1.212065101974238446e-01 -7.999414954037828429e-02 -3.974496373262135368e-02
-6.158776332694826383e-02 -1.217918300064480680e-01 -1.790347998763021087e-01 -2.314126622267343447e-01 -2.766963321230083150e-01 -3.125416449165087096e-01 -3.369256462814687048e-01 -3.486900443083733037e-01 -3.479353611771850985e-01 -3.360306623793903880e-01 -3.152251154675511091e-01 -2.880799382352051685e-01 -2.569796531934791517e-01 -2.238517198097492167e-01 -1.900821942819677923e-01 -1.565540670789261068e-01 -1.237390911129591514e-01 -9.179940108458159442e-02 -6.067843876321828145e-02 -3.017476574452359478e-02
-4.021928477592665724e-02 -7.943919584740187501e-02 -1.165642260835456773e-01 -1.503465517706646937e-01 -1.794097917121001973e-01 -2.023818617904060146e-01 -2.181300294771860993e-01 -2.260295513872717377e-01 -2.261483907692585227e-01 -2.192488550108780965e-01 -2.066000391721058427e-01 -1.896919535621746644e-01 -1.699681805018101177e-01 -1.486488952375116801e-01 -1.266548112473805388e-01 -1.046058506928042031e-01 -8.286105212165220668e-02 -6.157355097808035055e-02 -4.074542551831685649e-02 -2.027565493255218537e-02
-1.985017026371382540e-02 -3.918138479681224084e-02 -5.743616058301628108e-02 -7.399898709399060914e-02 -8.821318492486708573e-02 -9.944385666002407420e-02 -1.071802430469622758e-01 -1.111469008811078879e-01 -1.113776249588361023e-01 -1.082150583114526859e-01 -1.022336458568459533e-01 -9.411944029390489908e-02 -8.455211902101222865e-02 -7.412082635637080863e-02 -6.328227861145245547e-02 -5.235345933530684281e-02 -4.152570819261177520e-02 -3.088832369732148753e-02 -2.045404433741518022e-02 -1.018242552374798784e-02
