-2.323110439526397675e-02 -4.647880721125717540e-02 -6.965584588480426553e-02 -9.246630347532926175e-02 -1.143093372546151038e-01 -1.342221719624512311e-01 -1.509185703103796128e-01 -1.629842224208207235e-01 -1.692327127734208070e-01 -1.691018580301557883e-01 -1.628772366056165100e-01 -1.515994400780167062e-01 -1.367163083190514883e-01 -1.196865113543148923e-01 -1.017071596402002731e-01 -8.360933324437151704e-02 -6.587388676455506464e-02 -4.870217551012706592e-02 -3.209653030223855175e-02 -1.592993510658012590e-02
-4.644560338963434065e-02 -9.302824403319737145e-02 -1.396781177349780967e-01 -1.858992784525493880e-01 -2.305461849574831079e-01 -2.716532486837568983e-01 -3.064519174653178579e-01 -3.317599229440983399e-01 -3.448134534450855715e-01 -3.442685098695162371e-01 -3.307873400655516605e-01 -3.067934157364269332e-01 -2.755749094205639516e-01 -2.403212177098814073e-01 -2.035324778262813661e-01 -1.668562087974536923e-01 -1.311840308745759465e-01 -9.683829158928705660e-02 -6.375402305651294010e-02 -3.162322667516075103e-02
-6.952304040110879324e-02 -1.395102708059717256e-01 -2.101278496370385662e-01 -2.809004645751606022e-01 -3.503006259055644334e-01 -4.153304601695362308e-01 -4.713438603633536839e-01 -5.125776147261993376e-01 -5.337335641246000462e-01 -5.321318361499002281e-01 -5.090423101180272525e-01 -4.691227946932282067e-01 -4.184327610144106258e-01 -3.624799856886404825e-01 -3.052427730832820152e-01 -2.490985190062153243e-01 -1.951676593946889693e-01 -1.437129460316059759e-01 -9.445803785967379906e-02 -4.680896774368564772e-02
-9.213614099800218615e-02 -1.853607311902145116e-01 -2.804147750449950127e-01 -3.772363231637229086e-01 -4.742859643895446231e-01 -5.676338029079232017e-01 -6.501871881580955082e-01 -7.121406390561421107e-01 -7.437863887809741392e-01 -7.399807690385158399e-01 -7.030745560803304262e-01 -6.416634590976765251e-01 -5.663281365484710284e-01 -4.858544242747036557e-01 -4.058441590553905631e-01 -3.291246083882541917e-01 -2.566747451223410637e-01 -1.883877605391922616e-01 -1.235562097213166177e-01 -6.115461952113092348e-02
-1.136601299714244950e-01 -2.293759813037229700e-01 -3.488973547913639672e-01 -4.731645815036553682e-01 -6.013102737141508003e-01 -7.288759867948021443e-01 -8.456925251521979492e-01 -9.356762397595933534e-01 -9.815649136534201347e-01 -9.737883508732637639e-01 -9.166068238186234618e-01 -8.254696530197027649e-01 -7.182912878645437704e-01 -6.084385801487569578e-01 -5.030791840603744403e-01 -4.048677072783349873e-01 -3.140171565354916150e-01 -2.296069323590521349e-01 -1.502244023899362013e-01 -7.425329579663519919e-02
-1.331259623055535690e-01 -2.695650523872050730e-01 -4.125012884441071614e-01 -5.645675210226172025e-01 -7.265257453796591935e-01 -8.941797200710558391e-01 -1.053838185525820315e+00 -1.180474842980335115e+00 -1.245164941447574725e+00 -1.231260990468753480e+00 -1.146056943234677883e+00 -1.015735022516251584e+00 -8.690701978421825347e-01 -7.253515502376381985e-01 -5.928936798501294181e-01 -4.732020413623155841e-01 -3.649128241790119409e-01 -2.657977308211463274e-01 -1.734810974967971597e-01 -8.563414649107363441e-02
-1.492720152385280663e-01 -3.032005127098570951e-01 -4.666124870562077254e-01 -6.443112660810002001e-01 -8.395191247935487322e-01 -1.049208054666210588e+00 -1.256230953023748542e+00 -1.424841632790925461e+00 -1.511288474196897269e+00 -1.489710927608810298e+00 -1.371344752129990630e+00 -1.196164730048671299e+00 -1.006361087336444804e+00 -8.277857274035466117e-01 -6.691972493333070426e-01 -5.300033011413290973e-01 -4.066169546956091563e-01 -2.951882909818234202e-01 -1.922679666422992539e-01 -9.480216263053901915e-02
-1.607478028303179207e-01 -3.272356037553858510e-01 -5.056856694238781591e-01 -7.028860786732766819e-01 -9.245152443700320744e-01 -1.169062887597375200e+00 -1.416732425399928497e+00 -1.622184856223221061e+00 -1.727892069568553346e+00 -1.699308971506461763e+00 -1.551385719111388006e+00 -1.337001517482063084e+00 -1.110591237073990101e+00 -9.035684612337887556e-01 -7.245640603598504370e-01 -5.707263899998440415e-01 -4.363273950027048431e-01 -3.160668523604495683e-01 -2.056000096641051877e-01 -1.013065023783522728e-01
-1.664619387173864595e-01 -3.391249151671766882e-01 -5.248291154727220409e-01 -7.312863941833559478e-01 -9.653732745710149610e-01 -1.226390016357610691e+00 -1.493379327167319470e+00 -1.716456769367844970e+00 -1.831450796866975761e+00 -1.799600246158111760e+00 -1.637658442953210169e+00 -1.404747645414862189e+00 -1.161158248980559415e+00 -9.408698485344532125e-01 -7.523429651004638341e-01 -5.915860638077563571e-01 -4.518428879071901827e-01 -3.271460098282958917e-01 -2.127582642909971733e-01 -1.048238039487311840e-01
-1.659492907768166936e-01 -3.377545971661370938e-01 -5.218159231851742241e-01 -7.252191983245681595e-01 -9.540481821694359876e-01 -1.207046308535809409e+00 -1.463901348938327018e+00 -1.677442054972990482e+00 -1.787502796089664558e+00 -1.757872228261479597e+00 -1.604212900056444902e+00 -1.381875788526736537e+00 -1.147633158757718652e+00 -9.339578727938930847e-01 -7.494704684626282143e-01 -5.909265464301546311e-01 -4.522448595820059425e-01 -3.279092467165126701e-01 -2.134626733553280087e-01 -1.052304143580651691e-01
-1.595573798146146249e-01 -3.239312134687813427e-01 -4.981945364557108236e-01 -6.875574646541059431e-01 -8.957718240880616634e-01 -1.120065481043599931e+00 -1.342382643844402423e+00 -1.524156236798964059e+00 -1.617698209512122398e+00 -1.594689481840279921e+00 -1.467417361764282946e+00 -1.279525098577007691e+00 -1.076741203786825363e+00 -8.866245927936721172e-01 -7.180550405706626060e-01 -5.699487787265504757e-01 -4.382401090707206959e-01 -3.187772962753318007e-01 -2.079522681010342877e-01 -1.026351173502294822e-01
-1.483331165579708788e-01 -3.000835996206538958e-01 -4.586075767884360554e-01 -6.268256182657764297e-01 -8.058361182313754645e-01 -9.914437543268223019e-01 -1.168842172972260895e+00 -1.310188521428454322e+00 -1.382843965116614449e+00 -1.367891240884579807e+00 -1.273597250595286612e+00 -1.129570996295337082e+00 -9.680158389537362185e-01 -8.100620453278646327e-01 -6.643986180068430780e-01 -5.322615600076919806e-01 -4.119480067994861772e-01 -3.010033567248913133e-01 -1.969336208613627626e-01 -9.735773483653888116e-02
-1.336832386075255674e-01 -2.693926289446092470e-01 -4.088776292824732317e-01 -5.531142853716723984e-01 -7.012264633092516464e-01 -8.484196869889308878e-01 -9.833672437218579088e-01 -1.087713906636215588e+00 -1.141455003058953421e+00 -1.133404673067688995e+00 -1.068521586393891720e+00 -9.647479251386370525e-01 -8.426427982512574300e-01 -7.172265869173404251e-01 -5.962942133886928175e-01 -4.825891331267616047e-01 -3.762654654597888948e-01 -2.763522839739422365e-01 -1.814209118627099493e-01 -8.986214165510504615e-02
-1.170039609172626727e-01 -2.348985923704347833e-01 -3.542195807593508938e-01 -4.746679585439952942e-01 -5.943617406028832706e-01 -7.087554344287483321e-01 -8.096355663295258243e-01 -8.855078477226349110e-01 -9.248613813023075503e-01 -9.215501788728959198e-01 -8.783696241254543846e-01 -8.055246616866068576e-01 -7.154539079083200859e-01 -6.183421998411555709e-01 -5.206002975993812010e-01 -4.254717355452081184e-01 -3.341639700199762752e-01 -2.467185140262352083e-01 -1.625355089601254466e-01 -8.066987919483235847e-02
-9.943305941451856256e-02 -1.989700178755627602e-01 -2.983815688247065112e-01 -3.967201730806453885e-01 -4.918515565362501230e-01 -5.799576762350878711e-01 -6.552941022443059538e-01 -7.107832205065157671e-01 -7.399114910679372992e-01 -7.393767301675280290e-01 -7.107424301399862809e-01 -6.597344532805324846e-01 -5.937786415477871449e-01 -5.196217153195914484e-01 -4.421850894141942656e-01 -3.645145442868417685e-01 -2.881976337985288072e-01 -2.138220092885823598e-01 -1.413326746743573392e-01 -7.028185393742313047e-02
-8.175805020689495828e-02 -1.631649727878174416e-01 -2.436045887431728951e-01 -3.219217518834956993e-01 -3.961530625649246629e-01 -4.633318421583163538e-01 -5.195313454110153106e-01 -5.603786134690550425e-01 -5.821358087179129281e-01 -5.830020769328601027e-01 -5.638766109276356353e-01 -5.280355756622066021e-01 -4.799595460362484634e-01 -4.240755833566062227e-01 -3.639793544653324164e-01 -3.021994182085389058e-01 -2.402894278602168421e-01 -1.790391535258968603e-01 -1.186913258837597046e-01 -5.912484430244642486e-02
-6.443412933204373250e-02 -1.283269105731021098e-01 -1.909479966256087680e-01 -2.511992263803516923e-01 -3.074704997454816846e-01 -3.575829239195681963e-01 -3.989036404016338411e-01 -4.287146890053883941e-01 -4.448249753728626410e-01 -4.462252655011718083e-01 -4.334503283449323008e-01 -4.084250418457584519e-01 -3.738892788899118025e-01 -3.327236093860863608e-01 -2.874531070323153026e-01 -2.400135565473087429e-01 -1.917214068031423413e-01 -1.433538386066669779e-01 -9.526861225565198821e-02 -4.752618811432127166e-02
-4.765156031239130285e-02 -9.476048652753808754e-02 -1.406609561820456045e-01 -1.844553266200835984e-01 -2.249419664812221109e-01 -2.606124029430643141e-01 -2.897573882358891462e-01 -3.107061392001323474e-01 -3.221688096117623634e-01 -3.235725210923677264e-01 -3.152385328523843455e-01 -2.983059271086394015e-01 -2.744412201984083310e-01 -2.454740663911856580e-01 -2.130953270347845374e-01 -1.786801774941886023e-01 -1.432287773102998152e-01 -1.073861767538381862e-01 -7.150308272138676535e-02 -3.571127773276486228e-02
-3.141162494543392469e-02 -6.240253470354771570e-02 -9.247996681331489832e-02 -1.210189888874074332e-01 -1.472291553323465396e-01 -1.701660049946300268e-01 -1.888045699518440534e-01 -2.021791898954631572e-01 -2.095661156294520988e-01 -2.106523959001715407e-01 -2.056217980594443606e-01 -1.951169976402102046e-01 -1.800948266061727643e-01 -1.616358425932403753e-01 -1.407738727216138463e-01 -1.183830290334596386e-01 -9.512733624561318935e-02 -7.145898011301016206e-02 -4.764623830700721874e-02 -2.381581312848906826e-02
-1.559242634007533546e-02 -3.095808122067349524e-02 -4.583738392518677679e-02 -5.991149366147091593e-02 -7.278960456518111799e-02 -8.401777492184085705e-02 -9.311548262209293214e-02 -9.963957841790427317e-02 -1.032636241102576763e-01 -1.038487584375122758e-01 -1.014789645049776479e-01 -9.644529250487923755e-02 -8.918517341398515819e-02 -8.020057627998930516e-02 -6.998129370298729335e-02 -5.895071874643136728e-02 -4.743855194943760040e-02 -3.567614587458047687e-02 -2.380702925193405733e-02 -1.190571577698312268e-02
