-3.020069528525976248e-03 -5.927997380926918435e-03 -8.618490472442926278e-03 -1.099951644830808595e-02 -1.299751427734336003e-02 -1.456110420287517852e-02 -1.566278853009093683e-02 -1.629858917865355597e-02 -1.648563255468454142e-02 -1.625815043541972357e-02 -1.566256938931509524e-02 -1.475222491396582097e-02 -1.358253362160085666e-02 -1.220693999240670367e-02 -1.067391339608153751e-02 -9.025152524727957093e-03 -7.294812496262061303e-03 -5.509569506798249819e-03 -3.689493671931689828e-03 -1.849300791890223002e-03
-6.152305652075754777e-03 -1.207342272776331694e-02 -1.754646150920174258e-02 -2.238206863858684809e-02 -2.642944833033482668e-02 -2.958410047515956653e-02 -3.179144775519596178e-02 -3.304592823085039655e-02 -3.338576878158253797e-02 -3.288440936118905422e-02 -3.163989978622921279e-02 -2.976380167675884633e-02 -2.737099374851466316e-02 -2.457132321263270219e-02 -2.146357574563110063e-02 -1.813192461008909795e-02 -1.464452858954318551e-02 -1.105398087910722769e-02 -7.399096774737891867e-03 -3.707705501673002994e-03
-9.515739676419747092e-03 -1.866693830371074850e-02 -2.711187170191907414e-02 -3.455286654626661680e-02 -4.075411602001330347e-02 -4.555440483735193058e-02 -4.887298962552964754e-02 -5.070791526163316576e-02 -5.112711852936583506e-02 -5.025382582858306524e-02 -4.824882102391483962e-02 -4.529208783264690452e-02 -4.156632789114306920e-02 -3.724379899108369585e-02 -3.247717793861418234e-02 -2.739447496752354938e-02 -2.209743842520231483e-02 -1.666274351373660603e-02 -1.114522359934204052e-02 -5.582423996153423190e-03
-1.324372143644481428e-02 -2.596673299509030808e-02 -3.768126187366568902e-02 -4.796343497206682210e-02 -5.647976841107782420e-02 -6.300644188351060826e-02 -6.743821446127365449e-02 -6.978566280380249509e-02 -7.016099340881613855e-02 -6.875501270784613317e-02 -6.580951525308302574e-02 -6.158943582605157230e-02 -5.635847276161798369e-02 -5.036040059285556286e-02 -4.380689444621833906e-02 -3.687138911741369429e-02 -2.968801458463043996e-02 -2.235433634425998059e-02 -1.493662535258307236e-02 -7.476753340023930064e-03
-1.749240525435501528e-02 -3.427501284362234613e-02 -4.968303572496605286e-02 -6.313984145239144585e-02 -7.419513682196643423e-02 -8.255342832611686776e-02 -8.808781082736198698e-02 -9.083559866586311815e-02 -9.097624700497744521e-02 -8.879578209112173881e-02 -8.464485478257950668e-02 -7.889771089159298978e-02 -7.191774254882271622e-02 -6.403245674193820680e-02 -5.551863702747527468e-02 -4.659619657928298214e-02 -3.742892950276373309e-02 -2.812999202126032633e-02 -1.877019052061749266e-02 -9.387973560805692660e-03
-2.245090089579297038e-02 -4.395789666772253329e-02 -6.363603620233594660e-02 -8.071779943538280599e-02 -9.460754069894500295e-02 -1.049243791269286463e-01 -1.115240489531805906e-01 -1.144927359766540476e-01 -1.141126877914033916e-01 -1.108070866264042331e-01 -1.050764715652753728e-01 -9.743889636016545008e-02 -8.838236719965701649e-02 -7.833309211030045627e-02 -6.763903182988530161e-02 -5.656585118767803316e-02 -4.530155230519440634e-02 -3.396651390167866602e-02 -2.262618485469358037e-02 -1.130495054328105493e-02
-2.835330558549906468e-02 -5.546963617957223480e-02 -8.018542632094370626e-02 -1.014878033939666246e-01 -1.185928848203044728e-01 -1.310125323497806360e-01 -1.385913092321665041e-01 -1.414986569284333862e-01 -1.401747296201223680e-01 -1.352434557772810853e-01 -1.274151121064252823e-01 -1.173990940366097663e-01 -1.058398019562890036e-01 -9.327855702144290106e-02 -8.013859581082552475e-02 -6.672665510642146469e-02 -5.324495905999455242e-02 -3.980834558030844905e-02 -2.646311349153571482e-02 -1.320565343127275658e-02
-3.549270078382475019e-02 -6.938193533014623549e-02 -1.001482626545078664e-01 -1.264551578186112191e-01 -1.472637011197322765e-01 -1.619416144735179308e-01 -1.703300586304296593e-01 -1.727358928141692063e-01 -1.698441393657053045e-01 -1.625769618908967651e-01 -1.519414684058524312e-01 -1.389026447102405804e-01 -1.242992446437550663e-01 -1.088028112276868270e-01 -9.291019409667640450e-02 -7.695727451600012370e-02 -6.114333695132419949e-02 -4.555884206238620254e-02 -3.021229799863017415e-02 -1.505456198632828049e-02
-4.423557627249218721e-02 -8.641717832231426977e-02 -1.245705380750363883e-01 -1.569208810311009394e-01 -1.820651431153361699e-01 -1.991601911074241393e-01 -2.080514591780286970e-01 -2.092707393658449211e-01 -2.038890161704437765e-01 -1.932788353559909689e-01 -1.788712218365209605e-01 -1.619708560320800295e-01 -1.436518107336837158e-01 -1.247233238503208108e-01 -1.057421609513409660e-01 -8.704895599450968025e-02 -6.881232129485685689e-02 -5.107140199316644036e-02 -3.377271182742410532e-02 -1.680028628881228767e-02
-5.503240396992056804e-02 -1.074806100183680613e-01 -1.547956000512138441e-01 -1.945922623291421460e-01 -2.249152125695846050e-01 -2.445819448862320000e-01 -2.534443657854319465e-01 -2.524063703474693221e-01 -2.431622606453905655e-01 -2.277781609294700638e-01 -2.082937790823650159e-01 -1.864578173343494072e-01 -1.636139006251205175e-01 -1.406965843730057231e-01 -1.182862275404231167e-01 -9.668412277482957284e-02 -7.598563625421060619e-02 -5.614177740237181330e-02 -3.700689185780855345e-02 -1.837389558567609216e-02
-6.841302496185343307e-02 -1.336759212564170851e-01 -1.925357097797697759e-01 -2.417313164506700307e-01 -2.784131021950088103e-01 -3.007991710228296589e-01 -3.087306523113295120e-01 -3.037438880039642353e-01 -2.885736124768395472e-01 -2.663771608754955111e-01 -2.400678254160025227e-01 -2.119527997246432316e-01 -1.836494728346545480e-01 -1.561629364551469223e-01 -1.300220963893299331e-01 -1.054157076418796440e-01 -8.230434825875185267e-02 -6.050320622725906261e-02 -3.973919622064424340e-02 -1.968841293361768899e-02
-8.493968252386119300e-02 -1.662612492849903367e-01 -2.399081710587795402e-01 -3.013257323500088680e-01 -3.461253097741218698e-01 -3.713851421864275415e-01 -3.768665213263731051e-01 -3.652233426183340570e-01 -3.409920378605701963e-01 -3.090824381057796222e-01 -2.736458846552236035e-01 -2.376358078299597998e-01 -2.028682613584995575e-01 -1.702836627476359554e-01 -1.402235490271945273e-01 -1.126523067609384726e-01 -8.731289436318684372e-02 -6.382754471221864512e-02 -4.175829805503411540e-02 -2.064057938006457274e-02
-1.050544003182028452e-01 -2.064250754009884781e-01 -2.992770401768770627e-01 -3.771102714793954092e-01 -4.327815859445782731e-01 -4.611209714520954628e-01 -4.616241024068801768e-01 -4.389860012956344204e-01 -4.009486253178217718e-01 -3.552658856463614123e-01 -3.077846398540178274e-01 -2.620737642105597232e-01 -2.199038103312111192e-01 -1.818799065696697081e-01 -1.479361948495526713e-01 -1.176571145243092142e-01 -9.046741028642728277e-02 -6.573583025987529693e-02 -4.282589488046874976e-02 -2.111562074960023766e-02
-1.286860083711558467e-01 -2.545743120388497260e-01 -3.723725621502398941e-01 -4.726837536289373309e-01 -5.434661573034968995e-01 -5.752066348164555087e-01 -5.667337930074365371e-01 -5.264565440294547427e-01 -4.677730565516894368e-01 -4.029769296571178439e-01 -3.400815034756102806e-01 -2.829565476910257393e-01 -2.327911952206898338e-01 -1.893957856095328240e-01 -1.519842384143195724e-01 -1.195726050829976628e-01 -9.116385908353709377e-02 -6.582251842893520333e-02 -4.269384117040967569e-02 -2.099603054048317444e-02
-1.544137591039482782e-01 -3.085713865997375405e-01 -4.575228416936812370e-01 -5.878094354738112592e-01 -6.793034973904903406e-01 -7.148479042649492632e-01 -6.919217941261632809e-01 -6.252222329242042020e-01 -5.374411316716458664e-01 -4.476481181411485211e-01 -3.663070297984001300e-01 -2.968195428705171501e-01 -2.388995748835414934e-01 -1.909267992633789934e-01 -1.510323388472939454e-01 -1.174852763827164692e-01 -8.879295316958901729e-02 -6.369656943567775231e-02 -4.113094702351161730e-02 -2.017464853623695750e-02
-1.781617109620308448e-01 -3.606286479002221435e-01 -5.440253504582228672e-01 -7.099325339683533187e-01 -8.268260967237578418e-01 -8.662458931447515331e-01 -8.235124156070956492e-01 -7.224065051274012328e-01 -5.987028132550364923e-01 -4.802368655689310817e-01 -3.797199447507600412e-01 -2.989230342591533973e-01 -2.350316618432154170e-01 -1.843761877701506346e-01 -1.437328028627927190e-01 -1.105432307816766879e-01 -8.282614456747222631e-02 -5.903989158341135107e-02 -3.795872619027230999e-02 -1.857162193651485521e-02
-1.922026667239487008e-01 -3.944922936144965586e-01 -6.061921858923740025e-01 -8.042561806136137026e-01 -9.448852201743845880e-01 -9.869424028977604735e-01 -9.231921692102729171e-01 -7.874375948851268792e-01 -6.295573738705706468e-01 -4.861055968576813990e-01 -3.710959223275793195e-01 -2.836570590052908125e-01 -2.178574578755055613e-01 -1.678054307740242945e-01 -1.289787842231897019e-01 -9.812869129475298990e-02 -7.292854431394558967e-02 -5.167813703058055791e-02 -3.309245233234018452e-02 -1.615308864601431096e-02
-1.862641799453998714e-01 -3.873295350008533755e-01 -6.053983772808914088e-01 -8.153432718250132050e-01 -9.656767568590051143e-01 -1.006769900213326574e+00 -9.295360258323109859e-01 -7.743261960472509475e-01 -5.998895125192800215e-01 -4.474694485051010084e-01 -3.306579002860968175e-01 -2.459021631807681019e-01 -1.848067249335817452e-01 -1.399944646224383638e-01 -1.062469221897431593e-01 -8.006415787923877592e-02 -5.908124021867395409e-02 -4.165167308604791202e-02 -2.657985809528354282e-02 -1.294826615496166844e-02
-1.517912847318382830e-01 -3.192721965134089346e-01 -5.063933906673762086e-01 -6.907544969791979961e-01 -8.238344551308252051e-01 -8.580057445805716609e-01 -7.843221287974125877e-01 -6.412443175465548650e-01 -4.842150461142648576e-01 -3.509255656067002405e-01 -2.522734404476118519e-01 -1.833074178697713386e-01 -1.352937728952457175e-01 -1.010981825740815410e-01 -7.594851853570581957e-02 -5.679967937400223765e-02 -4.168062445212659950e-02 -2.926747295193064813e-02 -1.862703566177879161e-02 -9.060131110218848718e-03
-8.717644322971949966e-02 -1.853853075658434824e-01 -2.982455868806657140e-01 -4.119342239608304590e-01 -4.947911131199698165e-01 -5.151545580610852326e-01 -4.669501779156215449e-01 -3.756280868136390172e-01 -2.774602296216515662e-01 -1.962775065259817764e-01 -1.380037908342498787e-01 -9.851895118729679657e-02 -7.177433646795369770e-02 -5.313430553138313167e-02 -3.964741022042322233e-02 -2.950532891962596299e-02 -2.157412564891042842e-02 -1.511056808041261884e-02 -9.600704422217472625e-03 -4.665209527464426326e-03
