-1.701573295345238865e-02 -3.403142275421112278e-02 -5.099777531885257148e-02 -6.776693948866469031e-02 -8.404617605818337500e-02 -9.936306173086816018e-02 -1.130587058919456933e-01 -1.243308488109784032e-01 -1.323439106790539055e-01 -1.363980320144214387e-01 -1.361084145173842852e-01 -1.315177804174878784e-01 -1.230841330890769941e-01 -1.115503934515842677e-01 -9.776144177939083413e-02 -8.250329692432625817e-02 -6.640546192366846012e-02 -4.990807068899998783e-02 -3.327461368439899037e-02 -1.662872741375001628e-02
-3.403151285337712578e-02 -6.811221227052929872e-02 -1.021927531179396692e-01 -1.360238152953378576e-01 -1.690546724821969660e-01 -2.003472698593430634e-01 -2.285406103766131070e-01 -2.519201251146594434e-01 -2.686456723666011959e-01 -2.771383985703804731e-01 -2.765164783089629208e-01 -2.668775609464969500e-01 -2.492677883186498744e-01 -2.253557526506409781e-01 -1.969919903777833381e-01 -1.658462582285926135e-01 -1.332104830789030969e-01 -9.995221803732992627e-02 -6.656165964255576772e-02 -3.324030109589420912e-02
-5.099811136309395643e-02 -1.021931717412597196e-01 -1.536372118426573008e-01 -2.050808308941059199e-01 -2.558011342530559507e-01 -3.044295819985523011e-01 -3.488329945942804655e-01 -3.861559323134120536e-01 -4.131676315040936354e-01 -4.269772124682021941e-01 -4.259257253331665827e-01 -4.101964954360970972e-01 -3.817471414882152025e-01 -3.436100365517681388e-01 -2.990035856996067776e-01 -2.506790360088102521e-01 -2.006379417179978697e-01 -1.501286445126262803e-01 -9.977951382201942498e-02 -4.977081711728869456e-02
-6.776776541304325996e-02 -1.360251453265562127e-01 -2.050820135906939179e-01 -2.748606476354132910e-01 -3.446368491556982550e-01 -4.127268644574549339e-01 -4.761761915372214049e-01 -5.306366351412975524e-01 -5.707791629368986763e-01 -5.915323283890254746e-01 -5.898715644584041629e-01 -5.661312201134812705e-01 -5.238557632944621512e-01 -4.683088118194755900e-01 -4.047252694480726887e-01 -3.372263803175451491e-01 -2.685332238825811624e-01 -2.001448377264179734e-01 -1.326569264024426709e-01 -6.606345444800758304e-02
-8.404779002313454705e-02 -1.690575449949946185e-01 -2.558044988997262847e-01 -3.446394653199081892e-01 -4.351412250007514193e-01 -5.255967822343455831e-01 -6.123074006264206393e-01 -6.889857049534174882e-01 -7.470172526385745471e-01 -7.775202305048264373e-01 -7.749403060884683114e-01 -7.398939354556692827e-01 -6.788396591267658042e-01 -6.008758743116515699e-01 -5.143080746516666135e-01 -4.249547323560822210e-01 -3.361212447856665730e-01 -2.492601830108323036e-01 -1.646398317267424305e-01 -8.182605629703640360e-02
-9.936580958500017269e-02 -2.003524159039894725e-01 -3.044363711356547486e-01 -4.127339713729240578e-01 -5.256020363112461347e-01 -6.418620649020655433e-01 -7.574387819440800973e-01 -8.636712492063753910e-01 -9.468638425916325874e-01 -9.915488005301337227e-01 -9.875590511052713127e-01 -9.360306289144680880e-01 -8.486969599013254317e-01 -7.411821233708068002e-01 -6.263979557423653421e-01 -5.120952389706947550e-01 -4.017242327749159236e-01 -2.961330263033203347e-01 -1.948159536063280295e-01 -9.660090524957963554e-02
-1.130629215928209697e-01 -2.285487834310680200e-01 -3.488445306405442703e-01 -4.761899515750876999e-01 -6.123212695113975368e-01 -7.574489456127908582e-01 -9.078935553785528745e-01 -1.052396476768750810e+00 -1.169946499113706517e+00 -1.234608844495665769e+00 -1.228563323432523280e+00 -1.153815823279188857e+00 -1.030803368564625622e+00 -8.853886834793363025e-01 -7.369216338504023245e-01 -5.950392509115022266e-01 -4.624984031727673583e-01 -3.387248296474727471e-01 -2.218892837322110068e-01 -1.097615524658140523e-01
-1.243367923887424148e-01 -2.519319339361036358e-01 -3.861733612804019722e-01 -5.306591103628528483e-01 -6.890117873285400707e-01 -8.636975759628414684e-01 -1.052415828705058898e+00 -1.241495576157825020e+00 -1.400817350628406288e+00 -1.490366967740398119e+00 -1.481707171696644343e+00 -1.378058721116450780e+00 -1.211887403998259449e+00 -1.022698331733216781e+00 -8.376572642267910984e-01 -6.678598693181191370e-01 -5.143606118021009088e-01 -3.743583006425902360e-01 -2.442526264458002860e-01 -1.205558359810274399e-01
-1.323516749220477462e-01 -2.686613547313611572e-01 -4.131915173460417590e-01 -5.708115838157757915e-01 -7.470581517527289384e-01 -9.469114887932790214e-01 -1.169994553466817022e+00 -1.400851675449960032e+00 -1.600498613335888054e+00 -1.714471187765428395e+00 -1.703216512238065583e+00 -1.571232933293919887e+00 -1.363549837725295033e+00 -1.133587174498334349e+00 -9.159780215366692957e-01 -7.226320619272442736e-01 -5.524020127094421140e-01 -4.000496988914555851e-01 -2.602022281932863113e-01 -1.282087688020618899e-01
-1.364074614367987992e-01 -2.771576622705045900e-01 -4.270071463097936393e-01 -5.915743014197767380e-01 -7.775758921754812869e-01 -9.916188613854391987e-01 -1.234689482057573562e+00 -1.490444714720046138e+00 -1.714522039583921131e+00 -1.843424377909918199e+00 -1.830575050425407246e+00 -1.681281638522050370e+00 -1.448502215303880902e+00 -1.194325536102520680e+00 -9.578660936272009874e-01 -7.513181113809334066e-01 -5.720160990914503474e-01 -4.131591434939876351e-01 -2.682896088024002146e-01 -1.320763329934378505e-01
-1.361191050995812224e-01 -2.765384505765998147e-01 -4.259602295820085205e-01 -5.899207460291983063e-01 -7.750071382606849024e-01 -9.876463822986701890e-01 -1.228670204285887912e+00 -1.481822775646965296e+00 -1.703317084414801563e+00 -1.830632561025816729e+00 -1.817954404972443871e+00 -1.670502361960737314e+00 -1.440374776638118748e+00 -1.188724308972493704e+00 -9.541877577073704098e-01 -7.489373028135907218e-01 -5.704781586162485096e-01 -4.121819892341500036e-01 -2.677101600163647732e-01 -1.318060931022102533e-01
-1.315291415927316576e-01 -2.669009431490647066e-01 -4.102333080273165566e-01 -5.661838334662014915e-01 -7.399657372367507424e-01 -9.361252616435474794e-01 -1.153934030592252524e+00 -1.378192681577233181e+00 -1.571362356584552256e+00 -1.681379621220085774e+00 -1.670550621849279160e+00 -1.543159717899400096e+00 -1.342136710205061867e+00 -1.118594568668971778e+00 -9.059572588918394231e-01 -7.160391814822703038e-01 -5.480878439705794136e-01 -3.972837636111253845e-01 -2.585526356672708248e-01 -1.274370336806159021e-01
-1.230955156427145369e-01 -2.492911630443742643e-01 -3.817837892181075721e-01 -5.239077724917424739e-01 -6.789098984408903359e-01 -8.487884583309083242e-01 -1.030916944382194167e+00 -1.212017377824320619e+00 -1.363680778014641160e+00 -1.448612421376701320e+00 -1.440447122282378922e+00 -1.342168025226746719e+00 -1.183896169480723293e+00 -1.002510238297986467e+00 -8.237225549067007657e-01 -6.584199979884194365e-01 -5.080406512080266612e-01 -3.702410862681982384e-01 -2.417719704396857350e-01 -1.193887758527092252e-01
-1.115611971556959431e-01 -2.253778426611759422e-01 -3.436443952984011840e-01 -4.683569455491848887e-01 -6.009396814249322594e-01 -7.412633479953959492e-01 -8.854872958667558969e-01 -1.022809899716427218e+00 -1.133700805734384032e+00 -1.194425952403586066e+00 -1.188798485236944202e+00 -1.118638059472456314e+00 -1.002527585905587104e+00 -8.641870106072516711e-01 -7.216790286549001898e-01 -5.843341574285898510e-01 -4.551280902789935912e-01 -3.338278826668678034e-01 -2.189010898336755107e-01 -1.083457382390028284e-01
-9.777119291487855468e-02 -1.970118148928273749e-01 -2.990341385692357745e-01 -4.047674354206516334e-01 -5.143628181727009085e-01 -6.264658355650082333e-01 -7.370018055854089534e-01 -8.377460804661631677e-01 -9.160681020024806775e-01 -9.579475785311097891e-01 -9.542519773583161280e-01 -9.060003698954341989e-01 -8.237462079111025348e-01 -7.216881540188346822e-01 -6.117861656961645078e-01 -5.014538647810704575e-01 -3.941883360732668651e-01 -2.910242205532822535e-01 -1.916569274997507177e-01 -9.509293051432127220e-02
-8.251167123809820259e-02 -1.658631950828721446e-01 -2.507048865991117759e-01 -3.372615544556815670e-01 -4.249995329498577612e-01 -5.121494787994537168e-01 -5.951017141775397645e-01 -6.679276044603807971e-01 -7.227001453285434307e-01 -7.513804287992806863e-01 -7.489884458068872819e-01 -7.160763728947948659e-01 -6.584435806373665212e-01 -5.843466853018313145e-01 -5.014586135587990601e-01 -4.152956457056951600e-01 -3.291080735203725793e-01 -2.444182137196835858e-01 -1.616088683678122973e-01 -8.036899774461740698e-02
-6.641225944182722885e-02 -1.332241637238406329e-01 -2.006586529880317049e-01 -2.685610745782293085e-01 -3.361561753038314615e-01 -4.017657478504325086e-01 -4.625452777101821678e-01 -5.144106118521237780e-01 -5.524518748376961996e-01 -5.720620580186043247e-01 -5.705169097515847554e-01 -5.481175122580719261e-01 -5.080611091649288591e-01 -4.551405934641494233e-01 -3.941947908801596845e-01 -3.291104527281724090e-01 -2.625205127244888970e-01 -1.959303285328909128e-01 -1.299911584832776357e-01 -6.477417558302549228e-02
-4.991319873017362185e-02 -9.996249188925099283e-02 -1.501440991450244122e-01 -2.001654321734728514e-01 -2.492857225326084725e-01 -2.961629781656843208e-01 -3.387582034236328310e-01 -3.743935010181694278e-01 -4.000846281349439426e-01 -4.131914981208467119e-01 -4.122097613898306756e-01 -3.973057527055515736e-01 -3.702570519942874339e-01 -3.338384212484876712e-01 -2.910304111008776839e-01 -2.444212817764949697e-01 -1.959314007031283944e-01 -1.467911614339425241e-01 -9.765124145920783816e-02 -4.873654135846918617e-02
-3.327802898190821562e-02 -6.656849351526078484e-02 -9.978973866973273044e-02 -1.326704631379439780e-01 -1.646565002494393970e-01 -1.948353322634212570e-01 -2.219107075969203591e-01 -2.442750775421496379e-01 -2.602244516362301474e-01 -2.683102703469832928e-01 -2.677281039866131751e-01 -2.585671455514714778e-01 -2.417828338439340641e-01 -2.189085881889628327e-01 -1.916616342191671540e-01 -1.616114820180870049e-01 -1.299923662644159594e-01 -9.765162028195253918e-02 -6.508611035318113969e-02 -3.252075700451433071e-02
-1.663043236079483553e-02 -3.324370421926398089e-02 -4.977590096113426038e-02 -6.607016273752157332e-02 -8.183427601861213707e-02 -9.661042452850676643e-02 -1.097720237409803012e-01 -1.205667748152931401e-01 -1.282195818699961576e-01 -1.320864107483168404e-01 -1.318149045482122916e-01 -1.274442377730288511e-01 -1.193942637258585959e-01 -1.083496139267054459e-01 -9.509544968261569864e-02 -8.037047221870660674e-02 -6.477492287739158860e-02 -4.873684588497653042e-02 -3.252083417343427929e-02 -1.626039646120068516e-02
