-2.776942720777524076e-02 -5.559590077570894517e-02 -8.337169068594472987e-02 -1.106550851828119741e-01 -1.365157170081578442e-01 -1.594623750454100264e-01 -1.775743850366974796e-01 -1.889368284983656554e-01 -1.922979905696277081e-01 -1.876100396363169776e-01 -1.760818605635193212e-01 -1.597051874406539285e-01 -1.405886159253289525e-01 -1.204685695020562275e-01 -1.005241118969969344e-01 -8.141180923685964466e-02 -6.339066610791151135e-02 -4.645280025363596882e-02 -3.042641481756601027e-02 -1.504655154289411684e-02
-5.548176628003794603e-02 -1.112421146391787130e-01 -1.672337217982537982e-01 -2.227244849655276027e-01 -2.759191543144964842e-01 -3.236976392296302407e-01 -3.617882344229511049e-01 -3.857261009739751390e-01 -3.924925862603531046e-01 -3.819418528982401750e-01 -3.569424581987890033e-01 -3.221191673694352442e-01 -2.821701788948741685e-01 -2.407588665493462510e-01 -2.002155582780222598e-01 -1.617323695507575654e-01 -1.256980502341338291e-01 -9.199412027114617363e-02 -6.020631377998916095e-02 -2.975980027143867654e-02
-8.291520846925717891e-02 -1.666545184612349406e-01 -2.515827276747793495e-01 -3.370330617415631669e-01 -4.205621205092181514e-01 -4.972052444352435541e-01 -5.594137609064078198e-01 -5.986849597102164022e-01 -6.089778015206457340e-01 -5.899248361026888654e-01 -5.471573603452041246e-01 -4.894492320643661909e-01 -4.251431639013146802e-01 -3.601629882546414363e-01 -2.978433622234790690e-01 -2.396035631846809566e-01 -1.856749990691517749e-01 -1.356193249024911784e-01 -8.864493193182336472e-02 -4.378633330114949096e-02
-1.095227277299984231e-01 -2.208649258655136782e-01 -3.353386927960261832e-01 -4.529724837935143467e-01 -5.711897162954057139e-01 -6.830270789718269064e-01 -7.761952873451493096e-01 -8.355103633120771756e-01 -8.495704247602166026e-01 -8.175530100444134973e-01 -7.499166432975383767e-01 -6.623075960254382055e-01 -5.684283278693130770e-01 -4.768137362493641285e-01 -3.913733091028544497e-01 -3.131608572722251460e-01 -2.417787845093551102e-01 -1.761632379417734096e-01 -1.149677617782780409e-01 -5.674061603747241472e-02
-1.343036556150938032e-01 -2.718929855231007053e-01 -4.156602549843954608e-01 -5.672050964720127819e-01 -7.247108654740701539e-01 -8.793163441301690142e-01 -1.012203519110968397e+00 -1.097817997694934933e+00 -1.115977965467835009e+00 -1.065059710382271208e+00 -9.633795283735796522e-01 -8.372985734692325321e-01 -7.080487312808007028e-01 -5.869312115564840893e-01 -4.776054742156423671e-01 -3.798775153889037415e-01 -2.921149179642331672e-01 -2.122870099679886879e-01 -1.383222827734683913e-01 -6.820838155933636737e-02
-1.557780070432504271e-01 -3.165941407435786670e-01 -4.873996606576746493e-01 -6.721827915231806116e-01 -8.709097473643081511e-01 -1.073274972077357781e+00 -1.252597152799240998e+00 -1.369602841056311915e+00 -1.392050373115851114e+00 -1.317174580799617356e+00 -1.174064667601659728e+00 -1.003326168794392403e+00 -8.354314643382680927e-01 -6.842038539695882715e-01 -5.520351279169056768e-01 -4.365986718261161692e-01 -3.345130211900448902e-01 -2.425473501045655178e-01 -1.578259716897747744e-01 -7.777063389961388906e-02
-1.721677552443652004e-01 -3.509747788947572000e-01 -5.433730382344674759e-01 -7.558950377071356197e-01 -9.907483316549929864e-01 -1.236822306952390482e+00 -1.459980406690814192e+00 -1.607077961237803887e+00 -1.633386293269052381e+00 -1.534936329491281448e+00 -1.351967849018491874e+00 -1.139543231229653397e+00 -9.370219591444519658e-01 -7.600769270966738489e-01 -6.092774021254836470e-01 -4.799019835440438975e-01 -3.667836878822517965e-01 -2.655628056342318466e-01 -1.726635928966721301e-01 -8.504818536401602402e-02
-1.818399247006609043e-01 -3.712062197783257411e-01 -5.762093333184847843e-01 -8.049395064090819618e-01 -1.061081067944104728e+00 -1.333218414000317154e+00 -1.582804569934550765e+00 -1.748208324276909309e+00 -1.776968354004469619e+00 -1.664363772240614603e+00 -1.457539330368564201e+00 -1.220419702722242539e+00 -9.976609134080647312e-01 -8.058605749474798685e-01 -6.443287251196432308e-01 -5.068351972364656399e-01 -3.871443563574945568e-01 -2.802555513076606664e-01 -1.822173558340302035e-01 -8.975850722803434267e-02
-1.838857154271026917e-01 -3.750882008502592346e-01 -5.814697509112244367e-01 -8.108156764286750251e-01 -1.066517808096788311e+00 -1.337126443208984883e+00 -1.584657799515090337e+00 -1.748645493839054987e+00 -1.777708787110775068e+00 -1.667232808002760525e+00 -1.463396306677335224e+00 -1.228900107689108845e+00 -1.007703112284082270e+00 -8.163383014672773719e-01 -6.543622277681210297e-01 -5.158214012879076549e-01 -3.946868960005638360e-01 -2.860963566251070733e-01 -1.861916750510939078e-01 -9.176848935007983488e-02
-1.785179028047658156e-01 -3.631011475265891186e-01 -5.600392887431662192e-01 -7.750794137830915309e-01 -1.009701644428011136e+00 -1.252727762646486998e+00 -1.471419976623368209e+00 -1.615482279855637637e+00 -1.642812684812066548e+00 -1.549699150129125291e+00 -1.374034251910680737e+00 -1.167890112973393180e+00 -9.688988224673428240e-01 -7.925498977551067581e-01 -6.400121313885954732e-01 -5.072615506648860961e-01 -3.896699175586962882e-01 -2.832500159517683525e-01 -1.846844297743024665e-01 -9.112375992351971765e-02
-1.670136808024637320e-01 -3.382527868762349454e-01 -5.177717498764132786e-01 -7.085635736646497262e-01 -9.097311554796085886e-01 -1.110911423215265925e+00 -1.287021753148827719e+00 -1.401964092413424900e+00 -1.426392000602981325e+00 -1.357822873417256604e+00 -1.222761285955922039e+00 -1.058485102796637545e+00 -8.934963777858105916e-01 -7.413705443312318399e-01 -6.051787923775202582e-01 -4.834402013404617837e-01 -3.734698036386757680e-01 -2.725484270110049012e-01 -1.781722112802092695e-01 -8.804211760453857505e-02
-1.512445036502375051e-01 -3.048428308239866658e-01 -4.627096228347220008e-01 -6.254419863429138138e-01 -7.904136348619179575e-01 -9.486802451720340867e-01 -1.082676989411357038e+00 -1.169305468042901142e+00 -1.190597460530550045e+00 -1.145146671974453856e+00 -1.049299066142771242e+00 -9.268464157948026472e-01 -7.974663927932243990e-01 -6.722653946678396331e-01 -5.555050616446497447e-01 -4.477936389557016783e-01 -3.482143586278317327e-01 -2.553011942845511695e-01 -1.674138652997462229e-01 -8.287249572974988987e-02
-1.331048080663758404e-01 -2.670455812870727863e-01 -4.021400946110656460e-01 -5.374535445683763513e-01 -6.696467064867739349e-01 -7.915352365755898845e-01 -8.914895425603983625e-01 -9.557351692581844693e-01 -9.741519906952899044e-01 -9.460507638677215780e-01 -8.807617606227424734e-01 -7.924573146740557794e-01 -6.939825686456108089e-01 -5.938795774286675933e-01 -4.966191166647391797e-01 -4.039909180061828642e-01 -3.162901943764141466e-01 -2.330279361792134962e-01 -1.533095624608687146e-01 -7.603400155525720516e-02
-1.141238224362536718e-01 -2.280565809075270622e-01 -3.411464644573287686e-01 -4.517453277979708304e-01 -5.565773317256692554e-01 -6.501911641606762382e-01 -7.250730259175991455e-01 -7.732074467793467187e-01 -7.890720943346070104e-01 -7.723718706278499546e-01 -7.283084741029133280e-01 -6.651444252956975056e-01 -5.910800497711855561e-01 -5.123826929929751195e-01 -4.330487609186414732e-01 -3.552530894671234729e-01 -2.799267731230551948e-01 -2.072107535903156827e-01 -1.367624682528008062e-01 -6.795394299877942357e-02
-9.533259376353506176e-02 -1.899012426479730897e-01 -2.825941232889105925e-01 -3.716003970636090892e-01 -4.540943105826060755e-01 -5.260926500171575482e-01 -5.827531115745496759e-01 -6.193659593332705438e-01 -6.328847394380557878e-01 -6.232034396015211364e-01 -5.932759808842610338e-01 -5.479820299497024649e-01 -4.925568148007238301e-01 -4.314573534434653079e-01 -3.679275413967453834e-01 -3.040440899061040425e-01 -2.409528935670656735e-01 -1.791258492106162781e-01 -1.185756217544373520e-01 -5.901930170352652494e-02
-7.730509354291045798e-02 -1.536199970457225450e-01 -2.277192891575180733e-01 -2.979304548359917315e-01 -3.619908310995915146e-01 -4.170589780308259775e-01 -4.599938441473302997e-01 -4.879601965277521880e-01 -4.992228407398629497e-01 -4.937570959693606820e-01 -4.733014301466446083e-01 -4.408132100821712251e-01 -3.996612851688111090e-01 -3.529504600908712764e-01 -3.031577085452316633e-01 -2.520425279711923650e-01 -2.007148779852683806e-01 -1.497641371004361233e-01 -9.939487993448983816e-02 -4.954762284288114632e-02
-6.026779133750107681e-02 -1.195541503471899275e-01 -1.767313676554615465e-01 -2.304061464592335462e-01 -2.788634604241962411e-01 -3.201206205715688147e-01 -3.521353085242873160e-01 -3.731665125280710926e-01 -3.821954112938630854e-01 -3.792277291212185486e-01 -3.653165158573197790e-01 -3.422889664988754688e-01 -3.123182259618048628e-01 -2.775238721611600901e-01 -2.397100296549444232e-01 -2.002534214919242661e-01 -1.600999839067392405e-01 -1.198209514626970146e-01 -7.969214085503710521e-02 -3.977631230993672329e-02
-4.421192152757363186e-02 -8.759746593509804002e-02 -1.292457766095598259e-01 -1.680987979248538544e-01 -2.029345772674926995e-01 -2.324207686692718045e-01 -2.552531557454444378e-01 -2.703655060746851246e-01 -2.771547140298101786e-01 -2.756342305834125761e-01 -2.664434650184338005e-01 -2.507059332846945376e-01 -2.297981484318478429e-01 -2.051166458509660617e-01 -1.779051273505701247e-01 -1.491611694495516005e-01 -1.196107200414658206e-01 -8.972755722830959291e-02 -5.977643412555285612e-02 -2.986549687791680008e-02
-2.898244869259196041e-02 -5.737804879241534262e-02 -8.455547688630997427e-02 -1.098086742301804669e-01 -1.323551471699718762e-01 -1.513744205767356965e-01 -1.660905125842890295e-01 -1.758868894193078847e-01 -1.804229638354172272e-01 -1.797104376545732296e-01 -1.741168548881316391e-01 -1.642930160329143241e-01 -1.510517670663747147e-01 -1.352394422231029403e-01 -1.176326819241289706e-01 -9.887542789181512359e-02 -7.945420091354249426e-02 -5.970214213500825429e-02 -3.982055864594124389e-02 -1.990924248544379341e-02
-1.433981742095428308e-02 -2.837681143847168089e-02 -4.178938963488955383e-02 -5.422524250735204915e-02 -6.530291040520549983e-02 -7.463123128876844592e-02 -8.184757595548064479e-02 -8.666856560830231426e-02 -8.893979879008666323e-02 -8.866768453247687864e-02 -8.602050946884622074e-02 -8.129750010579801789e-02 -7.487648513869553379e-02 -6.715667026216276536e-02 -5.851075560111293483e-02 -4.925367701734660597e-02 -3.962853843291330724e-02 -2.980627636947736150e-02 -1.989443396131907252e-02 -9.950917559089217726e-03
