-3.360353640898752423e-03 -6.605089898181419616e-03 -9.624551955304601336e-03 -1.232073160062446653e-02 -1.461236319962757810e-02 -1.643897753963980204e-02 -1.776348535132811837e-02 -1.857289661041983814e-02 -1.887706970785456642e-02 -1.870559428624659140e-02 -1.810327203591773071e-02 -1.712488279578133418e-02 -1.582988742920285810e-02 -1.427768161046681639e-02 -1.252388765450145568e-02 -1.061780450072711580e-02 -8.601044579216104297e-03 -6.507303189053485412e-03 -4.362987283890521796e-03 -2.188493218151106676e-03
-6.836321948620108918e-03 -1.343545133487187779e-02 -1.957237659367119451e-02 -2.504600577223012672e-02 -2.968973644503344889e-02 -3.338005512699348393e-02 -3.604204714735608633e-02 -3.765100778847491059e-02 -3.822976967850626878e-02 -3.784200714424387768e-02 -3.658259536347851365e-02 -3.456637065047876711e-02 -3.191697653807052532e-02 -2.875694856741079636e-02 -2.520006839207140567e-02 -2.134627243894367254e-02 -1.727905160616806379e-02 -1.306517435558293173e-02 -8.756133812562265015e-03 -4.390974905488231016e-03
-1.054948672907223169e-02 -2.072801186707894094e-02 -3.018349581749247765e-02 -3.860116029185825526e-02 -4.572049990808102482e-02 -5.134943252471147607e-02 -5.537360850999423906e-02 -5.775929715129685810e-02 -5.854896734875489339e-02 -5.785005836804955892e-02 -5.581870121002362184e-02 -5.264101080649929293e-02 -4.851467005839381341e-02 -4.363304267101646150e-02 -3.817316844503396145e-02 -3.228816213487639003e-02 -2.610371265327712104e-02 -1.971818449368313228e-02 -1.320536570977305993e-02 -6.619240545809305064e-03
-1.463360761980228575e-02 -2.874359805830552922e-02 -4.183242714583167154e-02 -5.345461264316583860e-02 -6.324165620436772439e-02 -7.092354837942672907e-02 -7.634363140698574579e-02 -7.946356548786862040e-02 -8.035670589229856886e-02 -7.919051375170714502e-02 -7.620110652671514828e-02 -7.166426539068260215e-02 -6.586761460411927338e-02 -5.908734230540985122e-02 -5.157138183718985164e-02 -4.352947151681869215e-02 -3.512945042069236939e-02 -2.649846274252590228e-02 -1.772787356922198368e-02 -8.880611302315188568e-03
-1.924134081292234663e-02 -3.778033108566089537e-02 -5.494796812422936272e-02 -7.014318328289212423e-02 -8.286793080554068214e-02 -9.275945041288809201e-02 -9.961377729354847776e-02 -1.033945958765064982e-01 -1.042237251642191276e-01 -1.023541596971628276e-01 -9.813090704544540077e-02 -9.194728523530827646e-02 -8.420413431565416940e-02 -7.527728123190718934e-02 -6.549548571041585721e-02 -5.512887641621706802e-02 -4.438614270293875230e-02 -3.341833654983956264e-02 -2.232704692517350348e-02 -1.117532790361024445e-02
-2.455142852692680094e-02 -4.818840144528348246e-02 -7.003591107217745082e-02 -8.930217570810378147e-02 -1.053274016588105211e-01 -1.176324982604041447e-01 -1.259573880992348183e-01 -1.302772668650730159e-01 -1.307893826586653263e-01 -1.278714378422222409e-01 -1.220210377082190656e-01 -1.137897729776068956e-01 -1.037242928060359837e-01 -9.232208733272170842e-02 -8.000434925057761659e-02 -6.710436490957635836e-02 -5.386790480468813674e-02 -4.046167454416543796e-02 -2.698663276813586392e-02 -1.349362874449579197e-02
-3.077597121488186843e-02 -6.038591056011943098e-02 -8.770506018670361226e-02 -1.117021587053701887e-01 -1.315069558119166260e-01 -1.464857132063638601e-01 -1.563059607910548543e-01 -1.609676321498579865e-01 -1.607850154881903249e-01 -1.563211029170601951e-01 -1.482919866207041693e-01 -1.374664438089703566e-01 -1.245811263383518608e-01 -1.102823553844060195e-01 -9.509538494962531396e-02 -7.941628830627077418e-02 -6.351940004336197043e-02 -4.757381858481391640e-02 -3.166417507106841778e-02 -1.581253615495333345e-02
-3.816654491018334205e-02 -7.487421581734468590e-02 -1.086962278711425395e-01 -1.382943818986264728e-01 -1.625125041933741243e-01 -1.804973815804542248e-01 -1.918130537460504548e-01 -1.965021896678223190e-01 -1.950618624144279389e-01 -1.883358673872854439e-01 -1.773593164580546666e-01 -1.632028405575653707e-01 -1.468513626092727009e-01 -1.291307496370321106e-01 -1.106784758889995807e-01 -9.194594913570108830e-02 -7.321954437664833504e-02 -5.464999530829663110e-02 -3.628368298059524849e-02 -1.809232170940814136e-02
-4.701600137453824935e-02 -9.224816384773065758e-02 -1.339112067364950365e-01 -1.702665509247764941e-01 -1.997511809917748571e-01 -2.211781546608454496e-01 -2.339465646531920517e-01 -2.381660821733035671e-01 -2.346242591105912323e-01 -2.246010906012666786e-01 -2.096064819104808963e-01 -1.911341977823159399e-01 -1.704906722068486591e-01 -1.487107445712191611e-01 -1.265417572813860581e-01 -1.044694525534472507e-01 -8.276280070896262220e-02 -6.152290414528661239e-02 -4.072818822638865632e-02 -2.027303769131517941e-02
-5.764928315526991059e-02 -1.131911498649109116e-01 -1.644336340705996047e-01 -2.091088890463297378e-01 -2.450466683031156112e-01 -2.705163858809178645e-01 -2.846279150005099345e-01 -2.875904644032554192e-01 -2.806674783507603910e-01 -2.658374516315029634e-01 -2.453312049600189226e-01 -2.212367012424582280e-01 -1.952663262045046533e-01 -1.686797207883816985e-01 -1.423082766104205865e-01 -1.166272395748401136e-01 -9.183927791154865294e-02 -6.795060821538080609e-02 -4.483308348448458019e-02 -2.227162760840905795e-02
-7.038977431605208945e-02 -1.384326460683031612e-01 -2.015206682615129363e-01 -2.566828606830031112e-01 -3.008002558995552245e-01 -3.311999481757169628e-01 -3.464456324125579356e-01 -3.468909420576363756e-01 -3.346123660825965906e-01 -3.127476761551616913e-01 -2.846433640324724235e-01 -2.532148238376398797e-01 -2.206580890080945545e-01 -1.884334598791888582e-01 -1.573843164738923384e-01 -1.278919249150806126e-01 -1.000164185285704749e-01 -7.360715175975836300e-02 -4.838186304095815765e-02 -2.398036183679816760e-02
-8.547515328074488383e-02 -1.686210306635697043e-01 -2.465098499479444760e-01 -3.152482269509160884e-01 -3.701803137964621571e-01 -4.069192813350285820e-01 -4.229475786161714934e-01 -4.188287732647870132e-01 -3.980944759741620875e-01 -3.658765327075920726e-01 -3.272729064602291627e-01 -2.863193783491091438e-01 -2.457173467624929053e-01 -2.070115733552488624e-01 -1.709035303275266149e-01 -1.375396763452141069e-01 -1.067272990671881555e-01 -7.807969251022110757e-02 -5.110682270980026337e-02 -2.526793529214427930e-02
-1.028756432969014645e-01 -2.040108873457072147e-01 -3.004840687426271195e-01 -3.872468158664236215e-01 -4.571156807085498541e-01 -5.025226379442702118e-01 -5.187844282562391607e-01 -5.067771509404502828e-01 -4.727186541473606951e-01 -4.252448367928615136e-01 -3.722048606842322527e-01 -3.190607206541618557e-01 -2.688781142510787148e-01 -2.229915557852071850e-01 -1.816784350227254041e-01 -1.446359069805458752e-01 -1.112733486123370641e-01 -8.087748060501552538e-02 -5.269778095066213891e-02 -2.598452886557377217e-02
-1.219414554409187085e-01 -2.437680958365993356e-01 -3.632918295452215451e-01 -4.741614346945959291e-01 -5.651312743209335743e-01 -6.228881614648288378e-01 -6.385840203142882920e-01 -6.135693956812671157e-01 -5.589473250447652974e-01 -4.894042281451553844e-01 -4.169895038655083708e-01 -3.487786153962086910e-01 -2.877312463364002926e-01 -2.343964045763831106e-01 -1.881825120666850149e-01 -1.480521036164677007e-01 -1.128526786242444041e-01 -8.145906625719359639e-02 -5.282225424165853944e-02 -2.597238745332178939e-02
-1.408202730582251150e-01 -2.846436106666962451e-01 -4.312290604202309030e-01 -5.730259226840258568e-01 -6.927671906601784446e-01 -7.676972906912339356e-01 -7.817848082512351970e-01 -7.370773311093460345e-01 -6.528184738084144012e-01 -5.533201339008176900e-01 -4.565596292338983675e-01 -3.710843862872675314e-01 -2.988254515268156108e-01 -2.386736953028618102e-01 -1.886023391037500718e-01 -1.465372058525267751e-01 -1.106261422953669221e-01 -7.928381592448828508e-02 -5.115976659005240512e-02 -2.508275450394194597e-02
-1.557764382683775040e-01 -3.191475272133555419e-01 -4.932152616510522836e-01 -6.697227164234259567e-01 -8.237975952579026373e-01 -9.196687502882144871e-01 -9.310393592257303341e-01 -8.608555611198004387e-01 -7.397515581139203489e-01 -6.050065454148058075e-01 -4.817650811404488032e-01 -3.794164579980290330e-01 -2.976712570710851602e-01 -2.328505835531953505e-01 -1.810137711280227213e-01 -1.388680018772915081e-01 -1.038308349089987204e-01 -7.389025690758969922e-02 -4.745022226919139857e-02 -2.319886704083502435e-02
-1.610139056985134820e-01 -3.346177849669482729e-01 -5.279556660117015188e-01 -7.329017226396558060e-01 -9.173684968490695146e-01 -1.032151505608351449e+00 -1.040027941539769518e+00 -9.448236340271760625e-01 -7.891006259644801624e-01 -6.232659236638888878e-01 -4.789649720968707780e-01 -3.653957870202322322e-01 -2.792663463124667178e-01 -2.139974683975882641e-01 -1.637291863682352189e-01 -1.240897565379932288e-01 -9.193888144536062346e-02 -6.499612603062675242e-02 -4.155198682882788735e-02 -2.026248195286239201e-02
-1.499423944310544765e-01 -3.157566111030557510e-01 -5.076544644250448046e-01 -7.185953667931422872e-01 -9.131244248684106113e-01 -1.034445457097202370e+00 -1.038799436900604389e+00 -9.304487329227218995e-01 -7.588704286738291449e-01 -5.816053550003784656e-01 -4.329793573213971958e-01 -3.208725178086982432e-01 -2.394298475998571651e-01 -1.800630151502967957e-01 -1.358070940242845637e-01 -1.018222190131335275e-01 -7.483873983544818420e-02 -5.260334185564054937e-02 -3.349912740716713688e-02 -1.629906931774060402e-02
-1.180628999593395095e-01 -2.514369264798872461e-01 -4.106618059909019625e-01 -5.906740977792586111e-01 -7.597702280476061887e-01 -8.655595664441717574e-01 -8.671691307357221046e-01 -7.684471215333901206e-01 -6.152817791512906753e-01 -4.603563755458162654e-01 -3.339449699237387881e-01 -2.416198364311688274e-01 -1.767595857951438088e-01 -1.309105069081569483e-01 -9.760247048895026589e-02 -7.255231623025934495e-02 -5.299044044940447867e-02 -3.707935018889231549e-02 -2.354210435302306684e-02 -1.143466749740191905e-02
-6.590583524287084438e-02 -1.417725042987363349e-01 -2.348791444156077823e-01 -3.428433525486415667e-01 -4.460387055001964751e-01 -5.109360897005246205e-01 -5.110244689846473731e-01 -4.487390072760624737e-01 -3.536765490216325358e-01 -2.593310491597612399e-01 -1.841931863447205386e-01 -1.308120599345294066e-01 -9.431560753233757255e-02 -6.910918031224425051e-02 -5.112841093463682540e-02 -3.779318888693083967e-02 -2.749128996853279425e-02 -1.918148121281306601e-02 -1.215526812098914264e-02 -5.897481521534745502e-03
