-6.131568955882042704e-02 -1.112604810000055039e-01 -1.435852071205928615e-01 -1.569430710866389078e-01 -1.545513586118466842e-01 -1.420013512833120106e-01 -1.246902534920115990e-01 -1.064057585952381535e-01 -8.922422061998498688e-02 -7.401607161266872403e-02 -6.097159556036834543e-02 -4.995450960991423828e-02 -4.069982457639084727e-02 -3.291324814480298122e-02 -2.631588140413659155e-02 -2.066048357145346126e-02 -1.573399983434155269e-02 -1.135395543468716191e-02 -7.362604042050196682e-03 -3.620464806680295366e-03
-1.315589982989006923e-01 -2.367642715512943696e-01 -3.025995109101376479e-01 -3.268260747162151092e-01 -3.175695079725989745e-01 -2.879918251485065195e-01 -2.500868434700773690e-01 -2.116385232808436490e-01 -1.764611235351378205e-01 -1.458663671964105790e-01 -1.199155564877519148e-01 -9.814658489096506067e-02 -7.993152276860772398e-02 -6.463728515719890932e-02 -5.168979713763680733e-02 -4.059206307922335472e-02 -3.092154272895179801e-02 -2.231920402780059737e-02 -1.447599083827158691e-02 -7.119263910566699972e-03
-2.179475311368390678e-01 -3.875291793430543086e-01 -4.884408778287327446e-01 -5.184528065777442851e-01 -4.938412005314444242e-01 -4.390841491674955521e-01 -3.749108781332807783e-01 -3.133076949236202613e-01 -2.590571900839796493e-01 -2.130639507034114977e-01 -1.746766646207128793e-01 -1.427846747689160423e-01 -1.162423651407764463e-01 -9.401455378870295088e-02 -7.521394107647545735e-02 -5.909639854735519726e-02 -4.504089898905274530e-02 -3.252531912737274128e-02 -2.110287768621895918e-02 -1.038060096259831207e-02
-3.203686018587603157e-01 -5.622769749929377170e-01 -6.983642783210100013e-01 -7.275208500867228478e-01 -6.778733245975880894e-01 -5.893767742329611981e-01 -4.936305718573836265e-01 -4.066973106920201975e-01 -3.332117029654875218e-01 -2.726277848836580198e-01 -2.229392525214163590e-01 -1.820727461982672712e-01 -1.482386417285388169e-01 -1.199645932238929957e-01 -9.605498395501751996e-02 -7.553867686686031868e-02 -5.762031666268840197e-02 -4.163828346307144740e-02 -2.702958705483840540e-02 -1.330024408543369063e-02
-4.236188446965029053e-01 -7.355539088926379421e-01 -9.028108712474719466e-01 -9.261199050031779789e-01 -8.470088556053027018e-01 -7.223910342563928388e-01 -5.950517530409934475e-01 -4.844139042746054002e-01 -3.940221008699819616e-01 -3.212295403346175915e-01 -2.623721432701072720e-01 -2.143276987004045231e-01 -1.746747502618334613e-01 -1.415501569848778007e-01 -1.135026833931151169e-01 -8.938299136450217341e-02 -6.826335228295286883e-02 -4.937789165839013422e-02 -3.207692871441839011e-02 -1.579079577579097296e-02
-4.972609477825875590e-01 -8.582329505616504983e-01 -1.046618783692825350e+00 -1.064658107031088097e+00 -9.638318640594748521e-01 -8.134847553803195019e-01 -6.643274667069682948e-01 -5.378342549846115705e-01 -4.364280557200088673e-01 -3.557747350269535036e-01 -2.909781695566833193e-01 -2.381898824532689696e-01 -1.945823497494195142e-01 -1.580585378380232331e-01 -1.270225631267502819e-01 -1.002272170614454672e-01 -7.667217494666866973e-02 -5.553297138696587643e-02 -3.610942486182101840e-02 -1.778601220830185181e-02
-5.122542207670655046e-01 -8.840795567770372010e-01 -1.078508885488935976e+00 -1.097889976536077006e+00 -9.952162903982110231e-01 -8.417969310085209322e-01 -6.896312919222399307e-01 -5.605796404145398926e-01 -4.569702206535435907e-01 -3.742957343309041285e-01 -3.075567182706110403e-01 -2.528695773599317076e-01 -2.074060620442361724e-01 -1.690790438145157726e-01 -1.363017591293091413e-01 -1.078311258142803791e-01 -8.266510334015363115e-02 -5.997236769462948452e-02 -3.904175850154294192e-02 -1.924381186326265536e-02
-4.637978347508310839e-01 -8.055467530800886067e-01 -9.902369534922293992e-01 -1.018723125091339998e+00 -9.361970694573463758e-01 -8.044387673897387403e-01 -6.695360187508505589e-01 -5.520385094259722125e-01 -4.554156117432014983e-01 -3.767061057499664356e-01 -3.120633315094465399e-01 -2.583238371786043541e-01 -2.130930970754441323e-01 -1.745497782375633744e-01 -1.412742602262470615e-01 -1.121303587142166852e-01 -8.618467830289697207e-02 -6.264961424114411093e-02 -4.084139790848233947e-02 -2.014749423779426882e-02
-3.757521783871933807e-01 -6.606765858220058352e-01 -8.241215924943289250e-01 -8.646899994972034875e-01 -8.145046163882362356e-01 -7.191544890868569739e-01 -6.143675086566642296e-01 -5.179893129140593633e-01 -4.350264160971793470e-01 -3.649108678020921981e-01 -3.056507070459115183e-01 -2.552678748348982674e-01 -2.120925492883349583e-01 -1.747526518717775201e-01 -1.421150894222267813e-01 -1.132313305072114723e-01 -8.729357063894709057e-02 -6.359997390931265704e-02 -4.152671366803817321e-02 -2.050476619120749841e-02
-2.813909164584919020e-01 -5.030264051374664369e-01 -6.402220092228338988e-01 -6.896989847092536152e-01 -6.707225009084983869e-01 -6.126139686939999773e-01 -5.401718368673649184e-01 -4.677400947318702817e-01 -4.012362206695578304e-01 -3.421767103548558064e-01 -2.903511326122235614e-01 -2.450034998174735468e-01 -2.052564426481466031e-01 -1.702531155558682507e-01 -1.392020531642816361e-01 -1.113862322786386555e-01 -8.615823559205031124e-02 -6.292995911781722185e-02 -4.116069622275978640e-02 -2.034485712096003804e-02
-2.025283657029102458e-01 -3.686499722325649042e-01 -4.799585548241708244e-01 -5.322676424672533324e-01 -5.354325413004700218e-01 -5.064238161687280027e-01 -4.611282079099536246e-01 -4.102943008292867511e-01 -3.597493865509891475e-01 -3.121705303328009551e-01 -2.685691558995971784e-01 -2.291380814658558751e-01 -1.936764941960900654e-01 -1.618012561691349049e-01 -1.330536903399888449e-01 -1.069532461750469510e-01 -8.302310950331449890e-02 -6.080091133609733661e-02 -3.984125408207289665e-02 -1.971398269693322783e-02
-1.447883715800195037e-01 -2.679626561666385576e-01 -3.565635063814482364e-01 -4.064041269274076829e-01 -4.217346282557142834e-01 -4.116913548757837882e-01 -3.859521846660672884e-01 -3.521213273569060442e-01 -3.152093408447926848e-01 -2.781736650733662164e-01 -2.426153024170819850e-01 -2.093029550574261044e-01 -1.785101284594225179e-01 -1.502216573224800511e-01 -1.242581558369401928e-01 -1.003498751964804619e-01 -7.817999272737380378e-02 -5.740926734207866394e-02 -3.768942192702382649e-02 -1.866980492517887613e-02
-1.046611647324486305e-01 -1.963186548221829697e-01 -2.661349080040228410e-01 -3.104493369323092500e-01 -3.306402518279826230e-01 -3.313905090612483395e-01 -3.184304412081410129e-01 -2.969147274728550778e-01 -2.707701013116316502e-01 -2.426959730541957960e-01 -2.144149582710925817e-01 -1.869482155972876924e-01 -1.608393194773828638e-01 -1.363170373040459848e-01 -1.134073275996602126e-01 -9.200804323530130391e-02 -7.193768276756283553e-02 -5.296671162554948686e-02 -3.483733952054202804e-02 -1.727581872375499872e-02
-7.674354937359564865e-02 -1.454183951783097617e-01 -2.000583166118634626e-01 -2.377048516063547945e-01 -2.584367362636231236e-01 -2.645490329099892679e-01 -2.593774882019017070e-01 -2.463141967178321678e-01 -2.282557665055986729e-01 -2.074243893056792742e-01 -1.854001879280106346e-01 -1.632355485558814046e-01 -1.415818384667659469e-01 -1.207997807903066073e-01 -1.010460221416423776e-01 -8.233723456544203567e-02 -6.459592248933282432e-02 -4.768250975085643745e-02 -3.141738233382181805e-02 -1.559611042428265919e-02
-5.677518183360877324e-02 -1.083879526393155407e-01 -1.508021087083396827e-01 -1.817376088701442849e-01 -2.007700526982450495e-01 -2.089535795640499738e-01 -2.082031185543094243e-01 -2.007052960600782254e-01 -1.885136006468516867e-01 -1.733454529480852602e-01 -1.565257539226733441e-01 -1.390118673885251122e-01 -1.214526269302508843e-01 -1.042541630582272949e-01 -8.763969690206435681e-02 -7.169889496479904534e-02 -5.642623743825993937e-02 -4.174998158780407476e-02 -2.755354237891024377e-02 -1.369122878309429921e-02
-4.195559515888794277e-02 -8.053726728155059800e-02 -1.130047949201906654e-01 -1.376577037846703488e-01 -1.539427881715300650e-01 -1.622877521013538493e-01 -1.637745543472360343e-01 -1.597897952113929154e-01 -1.517477458337829210e-01 -1.409179845184631852e-01 -1.283454325711415600e-01 -1.148334718944813981e-01 -1.009625754098914252e-01 -8.712445752202779836e-02 -7.355965378049848791e-02 -6.039236808845128285e-02 -4.766011653109672452e-02 -3.533761007887609162e-02 -2.335555647944239158e-02 -1.161522861458064507e-02
-3.050872472991932732e-02 -5.879909363345832418e-02 -8.302036039308760551e-02 -1.019442411941547527e-01 -1.150547890758964603e-01 -1.224796746411417198e-01 -1.248173748635522662e-01 -1.229315200556144877e-01 -1.177695257759514419e-01 -1.102332630253800572e-01 -1.011044829187149191e-01 -9.101395538698388299e-02 -8.043968071952004029e-02 -6.972138996925050791e-02 -5.908203615629385036e-02 -4.865078692227230855e-02 -3.848422935714017334e-02 -2.858477324575652359e-02 -1.891581056575854583e-02 -9.414124768249385392e-03
-2.128012262741649924e-02 -4.112989852112813177e-02 -5.833318057406802759e-02 -7.204402407272503250e-02 -8.185237760365431103e-02 -8.775874324204585575e-02 -9.008371555994135194e-02 -8.934935049175216082e-02 -8.616555594635341708e-02 -8.114104431175313270e-02 -7.482525486090511879e-02 -6.767813493851183859e-02 -6.006075586704005820e-02 -5.223930963483413431e-02 -4.439628756389178699e-02 -3.664448147740829997e-02 -2.904122699878135608e-02 -2.160141908755537285e-02 -1.430878500071766993e-02 -7.125443534733703899e-03
-1.348185350214826592e-02 -2.610717916802594157e-02 -3.713839840445101043e-02 -4.604628520071589459e-02 -5.255193876785541757e-02 -5.661919629021300998e-02 -5.840934844666798714e-02 -5.821658414383427960e-02 -5.640226201047352644e-02 -5.334006697490770860e-02 -4.937733608690054316e-02 -4.481254842846020547e-02 -3.988586425659867984e-02 -3.477878707984903561e-02 -2.961928950686260401e-02 -2.448960441540775843e-02 -1.943477690896616705e-02 -1.447087548115508215e-02 -9.592434076472818039e-03 -4.778852377214861877e-03
-6.540107667315430209e-03 -1.267855921338966081e-02 -1.806693444304175236e-02 -2.245077378346046343e-02 -2.568986884722775088e-02 -2.775673539858893382e-02 -2.871786134964374876e-02 -2.870532157412950675e-02 -2.788680126979873816e-02 -2.643958554910077682e-02 -2.453144383939920292e-02 -2.230883766423962661e-02 -1.989134200269109670e-02 -1.737064664854172727e-02 -1.481244767203120614e-02 -1.225986130800739426e-02 -9.737378183777905746e-03 -7.254871332623392781e-03 -4.811207186931247028e-03 -2.397516186035529573e-03
