-1.629908131829755844e-02 -3.332773213334844220e-02 -5.184930535925930811e-02 -7.268591227955049916e-02 -9.671795893807741407e-02 -1.248217013320575830e-01 -1.576642102684210622e-01 -1.952075806458461738e-01 -2.357807363788253507e-01 -2.749550961388907422e-01 -3.053418978054346367e-01 -3.187896625921042282e-01 -3.106102439543188543e-01 -2.825457624654422184e-01 -2.415460758650559703e-01 -1.955986827759911562e-01 -1.503538439987763264e-01 -1.083551663332866510e-01 -6.992427647759059950e-02 -3.423763764179323793e-02
-3.186860161234695427e-02 -6.516251790501870200e-02 -1.013834868775945197e-01 -1.421753813278134326e-01 -1.893556814599639815e-01 -2.448496217701528477e-01 -3.103588149251135242e-01 -3.863897104797982540e-01 -4.701641463440807134e-01 -5.527452369344970640e-01 -6.180168468678228777e-01 -6.474553877125128754e-01 -6.302083817845471891e-01 -5.703664303867594931e-01 -4.839578469316023202e-01 -3.888458763471368540e-01 -2.969565884746868112e-01 -2.130253268781258091e-01 -1.370836703873717921e-01 -6.702351609596740589e-02
-4.601277934889275167e-02 -9.407020538172007618e-02 -1.463464174775704896e-01 -2.052731101270512393e-01 -2.736515098729970230e-01 -3.546801280730876305e-01 -4.516414867719768522e-01 -5.665303818987067475e-01 -6.964792762260867409e-01 -8.281283835738979526e-01 -9.347070972038500347e-01 -9.838836211497558049e-01 -9.563069811493974948e-01 -8.593807471902031869e-01 -7.215522754110488268e-01 -5.734087248718510166e-01 -4.339288614169704572e-01 -3.093176568938031390e-01 -1.982932354923976348e-01 -9.676363593405827579e-02
-5.811231337399868496e-02 -1.187590386142952509e-01 -1.846581202041742420e-01 -2.589107802863784835e-01 -3.452261511671229077e-01 -4.481205027302394006e-01 -5.727614003952840038e-01 -7.233303667001753645e-01 -8.978394737425625660e-01 -1.079076362215743323e+00 -1.228909189901739252e+00 -1.299334277476552835e+00 -1.261126614127838996e+00 -1.125589026300568785e+00 -9.355130647769077656e-01 -7.355944063117199061e-01 -5.518332479781612454e-01 -3.910484707674353744e-01 -2.498364578652510770e-01 -1.217149113016221390e-01
-6.767739719637086426e-02 -1.381954128849823826e-01 -2.146148192317842152e-01 -3.004698231505063544e-01 -4.000867768283517534e-01 -5.189437539180585812e-01 -6.636988009098840902e-01 -8.404291019623473247e-01 -1.048209726705278344e+00 -1.267201359618737255e+00 -1.450458808898824170e+00 -1.537400723856484852e+00 -1.490777255516080535e+00 -1.325075857241119426e+00 -1.094699912101202655e+00 -8.555209053653572981e-01 -6.387686302182640219e-01 -4.513512486083210984e-01 -2.879627422451224716e-01 -1.402160031859572831e-01
-7.440185082060446486e-02 -1.517302265361341607e-01 -2.351338735185553308e-01 -3.282440077052830030e-01 -4.355125280184283798e-01 -5.626128613234769871e-01 -7.165224969246416498e-01 -9.037367481070488484e-01 -1.123505770703381978e+00 -1.355106009065590200e+00 -1.548925397930702941e+00 -1.640639835672409452e+00 -1.590617506571076811e+00 -1.414278697510081173e+00 -1.169458345655801645e+00 -9.153601120979861783e-01 -6.848370181964587022e-01 -4.849482811060138454e-01 -3.099762211011813928e-01 -1.511235169666402256e-01
-7.819976632072994649e-02 -1.591896024801603138e-01 -2.459441790554156848e-01 -3.418347156375501905e-01 -4.508933338466215579e-01 -5.780988512488071107e-01 -7.293276975965534703e-01 -9.096171267265227289e-01 -1.117120735812392018e+00 -1.332092301807429102e+00 -1.509531454407347706e+00 -1.592063262007742619e+00 -1.544554540111083396e+00 -1.380603524595904075e+00 -1.151523424441951216e+00 -9.104331929377837973e-01 -6.876578824447521221e-01 -4.907008075483760834e-01 -3.153551202290160727e-01 -1.542331101028632800e-01
-7.920759797066551089e-02 -1.608840751004788350e-01 -2.476166484646225574e-01 -3.422365331287898216e-01 -4.479505325712715424e-01 -5.684224503061023892e-01 -7.075057981104346805e-01 -8.676612776262049298e-01 -1.045354568472276036e+00 -1.223323084544054806e+00 -1.366087218160083161e+00 -1.430140086770675056e+00 -1.389233968166037725e+00 -1.253399391884248093e+00 -1.061053303083314470e+00 -8.530394993114213120e-01 -6.542027965844008364e-01 -4.724144201861310566e-01 -3.060831669445083780e-01 -1.503967975289531855e-01
-7.774652442819299236e-02 -1.575223298526073901e-01 -2.414006074251895673e-01 -3.315311386376045277e-01 -4.301387006834255788e-01 -5.394187026340478974e-01 -6.611131390242032113e-01 -7.952065540656162446e-01 -9.369144646476151861e-01 -1.072271187649167290e+00 -1.176308390704143614e+00 -1.220205901794737535e+00 -1.186988322769556570e+00 -1.082989401147079089e+00 -9.331137144418987228e-01 -7.650040633801603596e-01 -5.971266331621690737e-01 -4.371451924855575544e-01 -2.858978414417788216e-01 -1.412350968780763383e-01
-7.425615527134628302e-02 -1.500580657206223023e-01 -2.289317190275158009e-01 -3.123424425010754568e-01 -4.016014791139040918e-01 -4.976593833621262841e-01 -6.006545996669401255e-01 -7.089621635527111332e-01 -8.174837952324391921e-01 -9.156210448364036081e-01 -9.870927390211673425e-01 -1.014506178474596121e+00 -9.879397313568195615e-01 -9.109471008427290073e-01 -7.980915538085668892e-01 -6.665098378799387824e-01 -5.290229782356881127e-01 -3.924149629838807884e-01 -2.590000148079824593e-01 -1.286286804104442849e-01
-6.922002686070684307e-02 -1.395220251925437249e-01 -2.119255236855426827e-01 -2.873031392519462268e-01 -3.662462246678704347e-01 -4.488394985372923807e-01 -5.342816355353408042e-01 -6.202734037008549306e-01 -7.021742715900675114e-01 -7.723031022940248791e-01 -8.204185069280691689e-01 -8.364645807008529443e-01 -8.149083908446126401e-01 -7.576091980778772994e-01 -6.726521549009486511e-01 -5.702272830910183332e-01 -4.589094921286611672e-01 -3.442291298954699430e-01 -2.290123884747113370e-01 -1.142734438248000223e-01
-6.310191337307875792e-02 -1.268844693197576368e-01 -1.919451419110600465e-01 -2.586977191175307000e-01 -3.272355148222282906e-01 -3.971369535215718560e-01 -4.671941530186216607e-01 -5.350648628506801119e-01 -5.969219839741863876e-01 -6.473481145505027845e-01 -6.799227006071612012e-01 -6.888188396348566833e-01 -6.709373729871159764e-01 -6.272314664852379762e-01 -5.621772852570269263e-01 -4.818264159155211668e-01 -3.918489144016827908e-01 -2.965077699631399888e-01 -1.985343198075918136e-01 -9.945102289528164052e-02
-5.630313723200097015e-02 -1.129687834336072921e-01 -1.702728055362763837e-01 -2.283069133831863717e-01 -2.868600233073361760e-01 -3.452715885954903974e-01 -4.022588931739968232e-01 -4.557431198723243537e-01 -5.027447250135090862e-01 -5.394870140158201099e-01 -5.618826827266386603e-01 -5.664550563055632537e-01 -5.514038458538239595e-01 -5.172270194708965541e-01 -4.664795216433325065e-01 -4.028422632775768286e-01 -3.300876517858331582e-01 -2.514037551838539386e-01 -1.691634578907083297e-01 -8.499596857407991368e-02
-4.914184984974897391e-02 -9.841469199456105710e-02 -1.478703589751917957e-01 -1.973970385006280082e-01 -2.466258648762241212e-01 -2.948293329840489529e-01 -3.408212825407723190e-01 -3.828839909917835516e-01 -4.187707541435344294e-01 -4.458532744984730067e-01 -4.614735710897016063e-01 -4.634795104346313144e-01 -4.507776775629624977e-01 -4.236397924340672416e-01 -3.835897301550412197e-01 -3.329423575582601824e-01 -2.742455105135250260e-01 -2.098537407488229589e-01 -1.417193217062801824e-01 -7.136931597874830724e-02
-4.184954623422412756e-02 -8.367773798963869247e-02 -1.253968481254167100e-01 -1.667849722278850200e-01 -2.074170025812331897e-01 -2.465984119390066120e-01 -2.833122201526848127e-01 -3.161983886151965017e-01 -3.435942868664616512e-01 -3.636674925427228477e-01 -3.746558167247672766e-01 -3.751836118265385878e-01 -3.645614804149031607e-01 -3.429463992800956262e-01 -3.112874413324042133e-01 -2.710879439711164074e-01 -2.240970289032483131e-01 -1.720460594159978207e-01 -1.164906887985150130e-01 -5.876195365692533229e-02
-3.457858758344570932e-02 -6.904984504937816681e-02 -1.032543008992569955e-01 -1.369289679075148536e-01 -1.696587134014334586e-01 -2.008350320773355790e-01 -2.296306865035623868e-01 -2.550027877470973370e-01 -2.757398613058517634e-01 -2.905652548165393312e-01 -2.982964593467178349e-01 -2.980350535494132869e-01 -2.893358236217629664e-01 -2.722951759382516435e-01 -2.475247749229398664e-01 -2.160245466121632207e-01 -1.790084614804035301e-01 -1.377427379446774791e-01 -9.343539285034155317e-02 -4.718782253610948052e-02
-2.741495378555860313e-02 -5.468873243598215694e-02 -8.164152092925984483e-02 -1.080178576921000805e-01 -1.334538030853999468e-01 -1.574522797580678590e-01 -1.793726431167709801e-01 -1.984421457862035054e-01 -2.137970073741482235e-01 -2.245570664036841413e-01 -2.299294967687831037e-01 -2.293240787906545564e-01 -2.224513554404430882e-01 -2.093735469952720252e-01 -1.904918353938271913e-01 -1.664769831856923177e-01 -1.381695194738079557e-01 -1.064810376644931417e-01 -7.232031263254630471e-02 -3.655393595421529973e-02
-2.039248712656048165e-02 -4.064861064528364071e-02 -6.060518396520742090e-02 -8.004712414565769152e-02 -9.868634339259854671e-02 -1.161476039774489988e-01 -1.319654087173857959e-01 -1.455960913462067685e-01 -1.564488940338262246e-01 -1.639364478753278787e-01 -1.675403196142741247e-01 -1.668803387657064041e-01 -1.617719226211274119e-01 -1.522557694556889163e-01 -1.385920016190904380e-01 -1.212220279302259757e-01 -1.007115750147749705e-01 -7.769158647918887606e-02 -5.281088616949553699e-02 -2.670759542483026883e-02
-1.350638363176541457e-02 -2.690802678342806009e-02 -4.008346562836922339e-02 -5.287910562585401708e-02 -6.509680459513181305e-02 -7.648636094422459064e-02 -8.674524993831132791e-02 -9.552789056253584155e-02 -1.024659965572772141e-01 -1.071994893616865230e-01 -1.094149587519046701e-01 -1.088850129033363673e-01 -1.055001784470813997e-01 -9.928557591989060904e-02 -9.039834303092884882e-02 -7.910752584457945991e-02 -6.576313376876885552e-02 -5.076283529699567726e-02 -3.452402624819489452e-02 -1.746555881760409462e-02
-6.725008169076954895e-03 -1.339364407770602880e-02 -1.994153338463745123e-02 -2.628901219334686332e-02 -3.233540031917835761e-02 -3.795576996787061036e-02 -4.300131343183939692e-02 -4.730422473106345865e-02 -5.068769104369232059e-02 -5.298054602206631741e-02 -5.403501138179345881e-02 -5.374455002451532237e-02 -5.205818316641705468e-02 -4.898800069927136680e-02 -4.460823983399341691e-02 -3.904659276226502690e-02 -3.247057539828458739e-02 -2.507255675682174695e-02 -1.705680105409226530e-02 -8.630589274012329462e-03
