-4.665266792719403519e-03 -9.600822425477783389e-03 -1.511073602632798454e-02 -2.157429053211982334e-02 -2.950540305376371519e-02 -3.964726640519718182e-02 -5.313369582070619213e-02 -7.177281765759627175e-02 -9.851570764011048642e-02 -1.379974023728840760e-01 -1.962660735317825478e-01 -2.774424449986049868e-01 -3.756055892089543713e-01 -4.669291835524175260e-01 -5.151433924269973597e-01 -4.947941499422789935e-01 -4.119483964911462293e-01 -2.982632647031154827e-01 -1.853997338687956298e-01 -8.718420435760300402e-02
-9.060262440748947238e-03 -1.862729476698339257e-02 -2.926783011399574502e-02 -4.168100343057881685e-02 -5.679995047165257299e-02 -7.594844957323307333e-02 -1.010973917875086781e-01 -1.352916128811822161e-01 -1.833027668420681988e-01 -2.522645210961890205e-01 -3.509103433366439484e-01 -4.841929175135808450e-01 -6.412191750466884610e-01 -7.843036756566260648e-01 -8.580049279036495724e-01 -8.238549749822535739e-01 -6.907891769271224947e-01 -5.064296092868395549e-01 -3.192998765711977383e-01 -1.518057874910140326e-01
-1.294849265957600387e-02 -2.658028728445877009e-02 -4.165227712383965525e-02 -5.908193715988886013e-02 -8.006478780644628312e-02 -1.062472510389621400e-01 -1.399941194532960120e-01 -1.848051068412444597e-01 -2.458983404347623303e-01 -3.306505670232998684e-01 -4.474575635088732239e-01 -5.998740827279807064e-01 -7.743128238917066364e-01 -9.295350000874319507e-01 -1.006790619107311269e+00 -9.657195484342784297e-01 -8.153974740595338888e-01 -6.054493273953406307e-01 -3.873667078897262694e-01 -1.862832637760335475e-01
-1.615340813831221342e-02 -3.309308980559538121e-02 -5.167904966041390186e-02 -7.292965506681778343e-02 -9.812985912883648298e-02 -1.289798178445133170e-01 -1.678060807916003094e-01 -2.178573453311424546e-01 -2.836556758046030469e-01 -3.710927890134529394e-01 -4.861009316083602094e-01 -6.295534987061917054e-01 -7.874404710444429245e-01 -9.232103456804182651e-01 -9.869817430099711020e-01 -9.449428042335721312e-01 -8.043202567101858103e-01 -6.062489936378551159e-01 -3.945327003875112037e-01 -1.922232135202280034e-01
-1.857205425073497201e-02 -3.795958937998389349e-02 -5.904115398960615296e-02 -8.282773951909329357e-02 -1.105450624541606947e-01 -1.437347626664659817e-01 -1.843781653897825779e-01 -2.350335161735385980e-01 -2.989246997030486908e-01 -3.797216290924200210e-01 -4.802396018515720510e-01 -5.987093390550832783e-01 -7.224218128333722566e-01 -8.235422683033696289e-01 -8.662928335336947949e-01 -8.268857493350454391e-01 -7.099945525480250152e-01 -5.440787573675663902e-01 -3.606663294148499954e-01 -1.781808639114235426e-01
-2.017520041075101037e-02 -4.113204911650462231e-02 -6.369819228758390184e-02 -8.879505794848194244e-02 -1.174878190943711709e-01 -1.510352820924198147e-01 -1.909301479883775410e-01 -2.389033930192397959e-01 -2.968240422082312202e-01 -3.663127543772263239e-01 -4.476563216581168070e-01 -5.374541717353599202e-01 -6.252435486749816640e-01 -6.919545755817878563e-01 -7.148925848025414753e-01 -6.793558966176559410e-01 -5.878618484951835255e-01 -4.575674500502526221e-01 -3.086029560897292634e-01 -1.544299112297133070e-01
-2.099668386171977749e-02 -4.269515737431510416e-02 -6.582448149375552671e-02 -9.116645563537005559e-02 -1.195758245913176587e-01 -1.519880903487233204e-01 -1.894003538169576339e-01 -2.327966569391689555e-01 -2.829632214155515801e-01 -3.400899832873011119e-01 -4.029882988915454156e-01 -4.677889827110738308e-01 -5.264790325557274775e-01 -5.667642564533785787e-01 -5.752445431458798053e-01 -5.435082391935980306e-01 -4.727248213599186122e-01 -3.724073936818166342e-01 -2.545991517648719671e-01 -1.286988333360071790e-01
-2.111636499852095200e-02 -4.282738510496840456e-02 -6.573808713645414026e-02 -9.047042262962029513e-02 -1.176608889283938392e-01 -1.479407848864588149e-01 -1.818854264608454063e-01 -2.199104557036278274e-01 -2.620818551990082290e-01 -3.077946808942113033e-01 -3.552786529406533611e-01 -4.009651352352319731e-01 -4.390072428123742987e-01 -4.616504957035083012e-01 -4.611516933072819513e-01 -4.328142871366558175e-01 -3.771415837661595272e-01 -2.993035349986501448e-01 -2.064440912138041928e-01 -1.050642913063639106e-01
-2.064138739752739704e-02 -4.175992723033124937e-02 -6.383001345606054144e-02 -8.731620288733639434e-02 -1.126564801979722391e-01 -1.402286481872603574e-01 -1.702898027236951495e-01 -2.028756241258094228e-01 -2.376446474244764961e-01 -2.736565744553408619e-01 -3.090954629130078790e-01 -3.410079296336097632e-01 -3.652424951138509845e-01 -3.768888736571090470e-01 -3.714098615329222697e-01 -3.461507180059421596e-01 -3.013496387438260871e-01 -2.399282995603952695e-01 -1.662757288797383493e-01 -8.494724675790459034e-02
-1.968926393543732334e-02 -3.974090449675566489e-02 -6.050580468478251178e-02 -8.230784741755464706e-02 -1.054201190312510777e-01 -1.300274784237045733e-01 -1.561693845719003271e-01 -1.836571299422858905e-01 -2.119618567653420160e-01 -2.400785185278670464e-01 -2.663897390818572575e-01 -2.885883193783402301e-01 -3.037608007684665101e-01 -3.087494889374646223e-01 -3.008191973293352639e-01 -2.784331026259188047e-01 -2.417498105941435771e-01 -1.925511734518821627e-01 -1.336870395076080464e-01 -6.841883217038134679e-02
-1.837475972940759081e-02 -3.700863469923502264e-02 -5.614442476216439243e-02 -7.598919284844640742e-02 -9.668861156870679763e-02 -1.182916787012924381e-01 -1.407030699626415360e-01 -1.636215335767753909e-01 -1.864667044579166322e-01 -2.083040399674708498e-01 -2.277899081167727435e-01 -2.431755540194914800e-01 -2.524211196774138743e-01 -2.534602324104081594e-01 -2.445983042420072084e-01 -2.249311749521345494e-01 -1.946067905435969747e-01 -1.548076358710163414e-01 -1.074892304324245595e-01 -5.503689746201317207e-02
-1.680114868285188801e-02 -3.377445421674598464e-02 -5.107403087174956086e-02 -6.881584224921695470e-02 -8.705337838157375940e-02 -1.057475057954322395e-01 -1.247296441232598890e-01 -1.436591635524369914e-01 -1.619792859657802897e-01 -1.788807748325144942e-01 -1.932895239689934042e-01 -2.039008072148469075e-01 -2.092834818348445758e-01 -2.080648133414477741e-01 -1.991736578784561729e-01 -1.820780428284649310e-01 -1.569324558253216984e-01 -1.245800374810139693e-01 -8.642394966605064510e-02 -4.423909455921933020e-02
-1.505539171262381369e-02 -3.021397730806694992e-02 -4.556137012570048161e-02 -6.114671485310727017e-02 -7.696150250074008936e-02 -9.291528295714325536e-02 -1.088087848069356628e-01 -1.243061293807550122e-01 -1.389104417922324419e-01 -1.519501598518465668e-01 -1.625865091467424695e-01 -1.698544443428311457e-01 -1.727467985858531785e-01 -1.703412747099376512e-01 -1.619527219908726834e-01 -1.472741754445334450e-01 -1.264644495735290919e-01 -1.001558225209297354e-01 -6.938729558239178918e-02 -3.549548187997249304e-02
-1.320643560085608091e-02 -2.646468562764951390e-02 -3.981070588186971099e-02 -5.324810214189663188e-02 -6.673057272437141196e-02 -8.014328475366079563e-02 -9.328403170705122649e-02 -1.058460618205335768e-01 -1.174061181871867143e-01 -1.274228418335693891e-01 -1.352518198728844268e-01 -1.401836095719969366e-01 -1.415079040499103158e-01 -1.386006829375887317e-01 -1.310216819919596820e-01 -1.186014107379695093e-01 -1.014952939719916819e-01 -8.019146885481344411e-02 -5.547388545994742792e-02 -2.835550251891514120e-02
-1.130565835572743677e-02 -2.262760047525517668e-02 -3.396863321800189933e-02 -4.530437288795164524e-02 -5.656934959472743885e-02 -6.764320675514348680e-02 -7.833795080807239020e-02 -8.838788719655370218e-02 -9.744505130006138327e-02 -1.050831784702065119e-01 -1.108142606915151068e-01 -1.141202157425452168e-01 -1.145004713116380135e-01 -1.115317800487656830e-01 -1.049318453745648333e-01 -9.461442595236889408e-02 -8.072379216544306457e-02 -6.364083277282231443e-02 -4.396124369855596015e-02 -2.245262564041320547e-02
-9.388577959491465827e-03 -1.877140337834656142e-02 -2.813181789872996538e-02 -3.743136024454882943e-02 -4.659920554077199434e-02 -5.552221879042876229e-02 -6.403659932161441526e-02 -7.192242774699580954e-02 -7.890291326242153402e-02 -8.465048618923295964e-02 -8.880177120974998284e-02 -9.098247288998781435e-02 -9.084192780333062711e-02 -8.809407047269192381e-02 -8.255941631233662537e-02 -7.420061155614658677e-02 -6.314456470092061346e-02 -4.968679408671212300e-02 -3.427762930171444899e-02 -1.749375318231390780e-02
-7.477248101264055008e-03 -1.493762170396936012e-02 -2.235584418205976628e-02 -2.969002046081273619e-02 -3.687386878880269392e-02 -4.380982903333685563e-02 -5.036377815880695857e-02 -5.636226510334282208e-02 -6.159363362362033079e-02 -6.581404486667283282e-02 -6.875979726277248183e-02 -7.016593380229053933e-02 -6.979064824730593641e-02 -6.744310389538085704e-02 -6.301108777943338624e-02 -5.648399280974837622e-02 -4.796705087551218771e-02 -3.768413542938763017e-02 -2.596872603845975722e-02 -1.324474045695404195e-02
-5.582794751063233606e-03 -1.114598425683130563e-02 -1.666389681588806640e-02 -2.209897940318517051e-02 -2.739638757674349792e-02 -3.247942961835160319e-02 -3.724637527011235433e-02 -4.156920806747978897e-02 -4.529525452660649459e-02 -4.825222373103847662e-02 -5.025740964537061400e-02 -5.113079487623988645e-02 -5.071160738914211319e-02 -4.887659030397110971e-02 -4.555780317607085322e-02 -4.075719552684077540e-02 -3.455550983391436626e-02 -2.711397503948843532e-02 -1.866839191884045457e-02 -9.516483746808560365e-03
-3.707957098427552573e-03 -7.399613540660359562e-03 -1.105477238433411231e-02 -1.464559273541507327e-02 -1.813324255282451614e-02 -2.146511634420807460e-02 -2.457306823988188171e-02 -2.737293115476354538e-02 -2.976591324864128613e-02 -3.164215977139839958e-02 -3.288679043921370615e-02 -3.338819923266923145e-02 -3.304836523393615139e-02 -3.179381382414078056e-02 -2.958632231208844360e-02 -2.643146570948939900e-02 -2.238380159359083452e-02 -1.754784143270631327e-02 -1.207438580967523135e-02 -6.152800888007082733e-03
-1.849426272948518106e-03 -3.689755763667244316e-03 -5.509969765282056453e-03 -7.295352091270470088e-03 -9.025826458768929778e-03 -1.067469192901594754e-02 -1.220782416645675543e-02 -1.358351311317536163e-02 -1.475328575501654374e-02 -1.566370286538082066e-02 -1.625933926041188762e-02 -1.648683945993278943e-02 -1.629979122076462630e-02 -1.566395810424305729e-02 -1.456220571151163080e-02 -1.299851817174482727e-02 -1.100037848609102496e-02 -8.619175546066460900e-03 -5.928475129083863281e-03 -3.020324297434998084e-03
