-1.197992269927969540e-02 -2.361542472919292771e-02 -3.456214039633402624e-02 -4.448046348675790268e-02 -5.304838040291368767e-02 -5.998303429367926598e-02 -6.506791571768121007e-02 -6.817902408182147100e-02 -6.930167818659939416e-02 -6.853147164477643716e-02 -6.605778415182456120e-02 -6.213421232761984214e-02 -5.704359342414219020e-02 -5.106559289815409963e-02 -4.445220691604521296e-02 -3.741301785787489592e-02 -3.010958042980221502e-02 -2.265686008977615268e-02 -1.512936473056137286e-02 -7.569953994249754500e-03
-2.430424195906838447e-02 -4.791962895416918694e-02 -7.015266174946968580e-02 -9.031130744441588643e-02 -1.077300108489622349e-01 -1.218158463790793289e-01 -1.321096166568934416e-01 -1.383465178615437274e-01 -1.404962387102914323e-01 -1.387664285111805396e-01 -1.335654666315643224e-01 -1.254354881473399574e-01 -1.149745620188282746e-01 -1.027665727053746342e-01 -8.933022452990926898e-02 -7.509028239850774888e-02 -6.036843239178279336e-02 -4.538848115896567531e-02 -3.029063134886071651e-02 -1.515044687908661571e-02
-3.731740656733055495e-02 -7.360617442514377773e-02 -1.078175566052286677e-01 -1.388820956044463373e-01 -1.657445109238950831e-01 -1.874407359371410009e-01 -2.032082093773696363e-01 -2.126011868454228682e-01 -2.155703627367870356e-01 -2.124725534996510790e-01 -2.040021896284187064e-01 -1.910677460464082489e-01 -1.746526194027245849e-01 -1.556959252360918255e-01 -1.350118473217102599e-01 -1.132494650376817680e-01 -9.088537557762921271e-02 -6.823801097822228268e-02 -4.549422200147087286e-02 -2.274119847780740541e-02
-5.135921336640316553e-02 -1.013701212790030504e-01 -1.486292910083651664e-01 -1.916550199403986021e-01 -2.289252241262742793e-01 -2.589943844234955939e-01 -2.806812994770576108e-01 -2.932796650493153523e-01 -2.967114944009220379e-01 -2.915512500165927667e-01 -2.789030240318660647e-01 -2.601807165701137681e-01 -2.368722651456973138e-01 -2.103527055058182493e-01 -1.817717900754210192e-01 -1.520103816952631803e-01 -1.216856170160073025e-01 -9.118398952887706022e-02 -6.070703826370978801e-02 -3.032013090252345250e-02
-6.674935740122785177e-02 -1.318858256939503815e-01 -1.936744804780397566e-01 -2.501834391013019743e-01 -2.993068104202864510e-01 -3.389299145349949915e-01 -3.672424467421537830e-01 -3.831241132630564539e-01 -3.864442607759921433e-01 -3.781176747123041193e-01 -3.598778542960282545e-01 -3.338798202798182735e-01 -3.023030590465058953e-01 -2.670708839447993310e-01 -2.297122658326565259e-01 -1.913347130385406603e-01 -1.526627642454972678e-01 -1.141053248083645222e-01 -7.582983911423259171e-02 -3.783229946311066766e-02
-8.375238053202019306e-02 -1.657493003089732242e-01 -2.439990666766914118e-01 -3.160963791239954634e-01 -3.791859880184315079e-01 -4.301710052464690626e-01 -4.662273920666048510e-01 -4.855225393596457883e-01 -4.878176655168621201e-01 -4.745936233904564094e-01 -4.486092148054299233e-01 -4.131570911539739765e-01 -3.713891372469097507e-01 -3.259155161556384628e-01 -2.786716962678664755e-01 -2.309534917829927925e-01 -1.835254318086081693e-01 -1.367447480209465493e-01 -9.067471291683383561e-02 -4.517924836258897792e-02
-1.025107352946326850e-01 -2.033591558621672402e-01 -3.004727660181229498e-01 -3.910061466771066474e-01 -4.711431271091970352e-01 -5.362912707747694574e-01 -5.819040003598363597e-01 -6.048467926924950833e-01 -6.046502879796809005e-01 -5.837932207454701317e-01 -5.467912653652738930e-01 -4.987442204255154721e-01 -4.441793309182238692e-01 -3.865300647320254468e-01 -3.281055020755966889e-01 -2.702821701739738791e-01 -2.137407561996892136e-01 -1.586735537549195663e-01 -1.049450371638199764e-01 -5.220997622584640230e-02
-1.229303665089728076e-01 -2.446979524017498520e-01 -3.635016855848575146e-01 -4.762315210472665705e-01 -5.778913297673010652e-01 -6.615799294579058909e-01 -7.197342152280984395e-01 -7.467597784169675013e-01 -7.416984418404291013e-01 -7.088650416483437411e-01 -6.558917729028866939e-01 -5.908046669799581485e-01 -5.200420509114814793e-01 -4.479175519256773930e-01 -3.769377433192371285e-01 -3.083289146043434181e-01 -2.424818778803821684e-01 -1.792636888817341345e-01 -1.182219144913438796e-01 -5.871561335251461455e-02
-1.445068992226726801e-01 -2.889675693715271221e-01 -4.324638237318282341e-01 -5.720725969856200743e-01 -7.014985700348671527e-01 -8.103390073770758706e-01 -8.857898587795968171e-01 -9.176637332512985745e-01 -9.040160843060820461e-01 -8.525432654295751478e-01 -7.763938694076933933e-01 -6.882898738632735602e-01 -5.971997725452223849e-01 -5.081468656148545593e-01 -4.233969925425062342e-01 -3.436136664799648299e-01 -2.685941762387037413e-01 -1.976774289345897828e-01 -1.299633227658583690e-01 -6.443058133647303065e-02
-1.661046329148872513e-01 -3.340608493599265816e-01 -5.047138245722226912e-01 -6.761600273857796273e-01 -8.409508329856295594e-01 -9.836907134969262723e-01 -1.083047703832899611e+00 -1.120893344789011925e+00 -1.093492054422806170e+00 -1.014361850697653056e+00 -9.058144723732359793e-01 -7.876921913418591936e-01 -6.720350103591319346e-01 -5.640154866561923885e-01 -4.648809093523597613e-01 -3.741336164199207670e-01 -2.906036794419349922e-01 -2.128885463997656491e-01 -1.395233808332201619e-01 -6.904339695260933163e-02
-1.857698725299222198e-01 -3.760025995638775487e-01 -5.742331499596797784e-01 -7.806460799613140766e-01 -9.871374247694660875e-01 -1.172002277047082153e+00 -1.301833971632055498e+00 -1.346733995369107983e+00 -1.300232371339381077e+00 -1.184478936811324212e+00 -1.035000266501566513e+00 -8.811752765721316827e-01 -7.383106645002376345e-01 -6.108126864952104773e-01 -4.979490022448608277e-01 -3.974329205013031885e-01 -3.067981616023062741e-01 -2.237497223632094190e-01 -1.461982949841814372e-01 -7.221965474144052821e-02
-2.007740674611235843e-01 -4.088326470362733667e-01 -6.308247431413913642e-01 -8.697292911949188188e-01 -1.117436308687561386e+00 -1.345731971678216565e+00 -1.507623863018660471e+00 -1.559550494883041871e+00 -1.491812280205132790e+00 -1.336596398632812877e+00 -1.144505880985693835e+00 -9.552378818128363092e-01 -7.869615424208177279e-01 -6.425187234612410592e-01 -5.185994619736622457e-01 -4.108428149936101392e-01 -3.154056361372676309e-01 -2.291138823123018975e-01 -1.493004607549471840e-01 -7.363693407857811735e-02
-2.081257415240692910e-01 -4.256610518583145431e-01 -6.616934065924775510e-01 -9.215579312875751272e-01 -1.197495945497110803e+00 -1.456614979937936205e+00 -1.641561367466984889e+00 -1.698150188283483075e+00 -1.614146320632690479e+00 -1.429553721273860489e+00 -1.206580310560221525e+00 -9.926013611281255811e-01 -8.075862687340611412e-01 -6.528529081120011401e-01 -5.229572389368423169e-01 -4.119181527713903779e-01 -3.148663897246919419e-01 -2.279996448873158610e-01 -1.482527653898336462e-01 -7.302764230502381548e-02
-2.055498892814005552e-01 -4.210816463551987354e-01 -6.563297632417066652e-01 -9.172688400861401803e-01 -1.196346453655880326e+00 -1.459760155797128034e+00 -1.647961524771630160e+00 -1.704468451290486852e+00 -1.616492265013382834e+00 -1.425730012399930358e+00 -1.196876843999321816e+00 -9.788938766025397920e-01 -7.920284239333691412e-01 -6.371554779302206484e-01 -5.082753352887098286e-01 -3.989849076778484993e-01 -3.041402630359729686e-01 -2.197654369071904978e-01 -1.426833386331514131e-01 -7.022088213970770210e-02
-1.924395738810333600e-01 -3.936803782199383428e-01 -6.120454879925463221e-01 -8.521181315649198895e-01 -1.106275002232538052e+00 -1.344037936327721949e+00 -1.513042650876353923e+00 -1.564141259379144833e+00 -1.486291558838627624e+00 -1.315793455542641821e+00 -1.109319736762047093e+00 -9.104828403121324465e-01 -7.381825002263441293e-01 -5.941914616427542706e-01 -4.738083866549945289e-01 -3.715832038672108317e-01 -2.829423517041144143e-01 -2.042383913024176101e-01 -1.324942707838849820e-01 -6.517255395323605371e-02
-1.700811073930570683e-01 -3.466432049327245468e-01 -5.353540700250725148e-01 -7.383305297807293277e-01 -9.480127134657140298e-01 -1.140110194663771059e+00 -1.275227709791431074e+00 -1.317309477221035641e+00 -1.258411744644569286e+00 -1.125206387133281805e+00 -9.599523183019464945e-01 -7.964598341961306449e-01 -6.509356566128677857e-01 -5.265893123181647484e-01 -4.210255722089344399e-01 -3.305788438567877074e-01 -2.518059634910466138e-01 -1.817514231423371929e-01 -1.178827976732543109e-01 -5.797508118716448305e-02
-1.409676576479981791e-01 -2.859174566111970517e-01 -4.378373804504981925e-01 -5.966537350550276120e-01 -7.554780369484496161e-01 -8.969313277721074895e-01 -9.950794766062167618e-01 -1.027106069457217830e+00 -9.881538493283676949e-01 -8.951670467492345296e-01 -7.756106990064350892e-01 -6.527737953858410158e-01 -5.393894371630789664e-01 -4.395729747863365011e-01 -3.530289297578381169e-01 -2.778894290599497885e-01 -2.119502722378848458e-01 -1.530784955781726020e-01 -9.931043436750143505e-02 -4.884498495248582040e-02
-1.077447200200436495e-01 -2.175059858988522277e-01 -3.303757137534034660e-01 -4.451241318113405288e-01 -5.562141754135190297e-01 -6.523348927720067358e-01 -7.181409715451334552e-01 -7.407953111465607199e-01 -7.177016815933211502e-01 -6.584676704112197854e-01 -5.791143218059733311e-01 -4.942001767123086475e-01 -4.128245952248061901e-01 -3.389907085963148048e-01 -2.735827551420025316e-01 -2.159944727636037010e-01 -1.650267590873273904e-01 -1.193018515471347685e-01 -7.743545747002926471e-02 -3.809443296515852700e-02
-7.246038355437652012e-02 -1.457339426546214733e-01 -2.199613670575489566e-01 -2.937845949343856899e-01 -3.634292055433679947e-01 -4.222973928238379360e-01 -4.621905290549318535e-01 -4.765982223950774310e-01 -4.642852224166059139e-01 -4.301809673066692152e-01 -3.827409396762334048e-01 -3.301732555543975822e-01 -2.782069996369160858e-01 -2.298791116710077187e-01 -1.863010688506364088e-01 -1.474771282345399281e-01 -1.128602863979300958e-01 -8.166671056777786986e-02 -5.303513158175286735e-02 -2.609728438057951419e-02
-3.635088101337645428e-02 -7.294071433110323188e-02 -1.096643938778412153e-01 -1.456974313109585251e-01 -1.791532285360463161e-01 -2.070272462429867122e-01 -2.258065360829340229e-01 -2.328101216220692937e-01 -2.275579781968837534e-01 -2.121037170647396830e-01 -1.900430476582630201e-01 -1.650335917287187870e-01 -1.398145692578194321e-01 -1.159900795237359949e-01 -9.426105049824726190e-02 -7.475219433560022220e-02 -5.727051486718290341e-02 -4.146957495550569056e-02 -2.694107282422365454e-02 -1.325958670738658016e-02
