-1.514902954527328101e-02 -3.039256540344896160e-02 -4.578834575785672295e-02 -6.131787884451982140e-02 -7.684323035170968763e-02 -9.206282467319866492e-02 -1.064756116961172588e-01 -1.193718589255171741e-01 -1.298759898051775885e-01 -1.370629250613009387e-01 -1.401426948393502681e-01 -1.386609914825301659e-01 -1.326282602910014707e-01 -1.225094588191074085e-01 -1.090804371816203738e-01 -9.322571848420847795e-02 -7.576317378661134860e-02 -5.734153892454056656e-02 -3.841146997692587717e-02 -1.924793213624828234e-02
-3.020356594281727036e-02 -6.063289653778098504e-02 -9.144292830544806239e-02 -1.226399235832499462e-01 -1.539921946635142425e-01 -1.849324056138868522e-01 -2.144675984780257116e-01 -2.411353838422420903e-01 -2.630681786522882093e-01 -2.782313267918398170e-01 -2.848446765160354555e-01 -2.818708683757818467e-01 -2.693410028267320122e-01 -2.483282320810281107e-01 -2.205861683044872124e-01 -1.880591312749172461e-01 -1.524854217954751401e-01 -1.151915180218072432e-01 -7.705642237748226708e-02 -3.858027862214556680e-02
-4.503235919896626804e-02 -9.049253977201661414e-02 -1.367105624181422785e-01 -1.838066446004516796e-01 -2.315531167085661812e-01 -2.792065452674094006e-01 -3.253253360538730932e-01 -3.676290097546348612e-01 -4.030190247075832732e-01 -4.279307935994965395e-01 -4.391095586186857247e-01 -4.346130415884242870e-01 -4.145189615640803016e-01 -3.808663325590879167e-01 -3.368725965695606450e-01 -2.859378142172993020e-01 -2.309275185949632991e-01 -1.738826171300828782e-01 -1.160424330048491076e-01 -5.801676711329858960e-02
-5.943334567728350559e-02 -1.195943378460510020e-01 -1.811001218281575176e-01 -2.443228327154714219e-01 -3.092063584115021802e-01 -3.750117262859579692e-01 -4.399842526247655927e-01 -5.009948610314016726e-01 -5.533547868297186145e-01 -5.912039362018380872e-01 -6.088435267415331920e-01 -6.027504876837751491e-01 -5.731050088923710373e-01 -5.236607132632614681e-01 -4.600637986688503878e-01 -3.878802270217915904e-01 -3.114013218298535279e-01 -2.333684525740068738e-01 -1.552138663660736217e-01 -7.744435580094323479e-02
-7.310669736876579394e-02 -1.473513500316197544e-01 -2.237726637751490943e-01 -3.031775115506121221e-01 -3.859332709015564356e-01 -4.716267575577279270e-01 -5.585150322625362929e-01 -6.427438921384924786e-01 -7.175988392235247426e-01 -7.736580251124568486e-01 -8.009788655021001791e-01 -7.931343254812278643e-01 -7.505185363269074594e-01 -6.800600902843467743e-01 -5.916076053678945845e-01 -4.940421156544779202e-01 -3.934104121391662767e-01 -2.929725087693748620e-01 -1.939997115042779718e-01 -9.654671644980511447e-02
-8.564210565588137314e-02 -1.729316469044036575e-01 -2.634612853628214846e-01 -3.586780267633825625e-01 -4.597006728524891672e-01 -5.669345198831620136e-01 -6.792645235136274273e-01 -7.925574587943144955e-01 -8.976896282279429595e-01 -9.798155393987556527e-01 -1.021763239510932175e+00 -1.011896303677854991e+00 -9.510200876942458414e-01 -8.517729707225283331e-01 -7.311188169242314183e-01 -6.028990511908352001e-01 -4.751345289762908264e-01 -3.510944457735405977e-01 -2.312633368418624547e-01 -1.147425347792741107e-01
-9.653005924787740055e-02 -1.952717286441687239e-01 -2.984614551881551447e-01 -4.083607552621290049e-01 -5.271761238182600673e-01 -6.567288744644393939e-01 -7.974157869746796301e-01 -9.456732198368217324e-01 -1.089843966861986368e+00 -1.207468587671806759e+00 -1.270182564388752766e+00 -1.257945143760306195e+00 -1.172249850387807379e+00 -1.034946439503962701e+00 -8.739448410670725975e-01 -7.099236197989700070e-01 -5.527959728683280449e-01 -4.049444219371000075e-01 -2.652077456513713405e-01 -1.311591249344917498e-01
-1.052063760242714086e-01 -2.131634256431816088e-01 -3.267483110593878415e-01 -4.490941095651227455e-01 -5.836871565137438100e-01 -7.342154569979871814e-01 -9.033967916218557104e-01 -1.089209319669257825e+00 -1.277764353509086570e+00 -1.437480876940165686e+00 -1.525539669649445651e+00 -1.510724344164043886e+00 -1.395461596338761989e+00 -1.213840300059739530e+00 -1.007833723919623781e+00 -8.061810335898433877e-01 -6.202300320561426883e-01 -4.505024229889609266e-01 -2.934390770632001044e-01 -1.446835450831668590e-01
-1.111319632813429770e-01 -2.254266068652805155e-01 -3.462663339597351619e-01 -4.775092202804243624e-01 -6.237789244296041424e-01 -7.905466196418013958e-01 -9.829387267922662375e-01 -1.200862600678326286e+00 -1.428891808322083845e+00 -1.627097016718389577e+00 -1.738747260792429250e+00 -1.721669747162839270e+00 -1.579215394883830559e+00 -1.357463182641581501e+00 -1.111873671766884453e+00 -8.784772761013052156e-01 -6.694123118001684691e-01 -4.830185581591498467e-01 -3.133093036113788754e-01 -1.541302633552117940e-01
-1.138947950932148456e-01 -2.311436114068686209e-01 -3.553684151798598423e-01 -4.907828026011820111e-01 -6.425903929840552919e-01 -8.172086041900417097e-01 -1.021095830481280942e+00 -1.255309145395898218e+00 -1.503758852591418504e+00 -1.722148020464029816e+00 -1.846271313106158107e+00 -1.828013400392579424e+00 -1.671228880979189757e+00 -1.428497009130601958e+00 -1.162511188390099370e+00 -9.130917385173737966e-01 -6.926447870776833993e-01 -4.982398225076418719e-01 -3.225631556090727270e-01 -1.585189770173133506e-01
-1.133034821514322527e-01 -2.298832846565381782e-01 -3.532652482625003865e-01 -4.875226164701809695e-01 -6.376326794521146590e-01 -8.096456270442140557e-01 -1.009502337382046866e+00 -1.237806752044644298e+00 -1.478702935230951532e+00 -1.689541394525126528e+00 -1.808956192360265947e+00 -1.791094644032906746e+00 -1.639619405909943817e+00 -1.404635139142097255e+00 -1.146089242191677737e+00 -9.023757697602776684e-01 -6.858180637686897008e-01 -4.939849240133619701e-01 -3.200789445149684886e-01 -1.573711747129672711e-01
-1.094357547434466060e-01 -2.218195217577608458e-01 -3.402721430782289502e-01 -4.682791625465050900e-01 -6.098817553541164838e-01 -7.696356417614145240e-01 -9.514192014484826876e-01 -1.154107743986179546e+00 -1.362972898443467473e+00 -1.542230497174838622e+00 -1.642140181868843918e+00 -1.626057090910463909e+00 -1.496864967767579824e+00 -1.294594657783074032e+00 -1.067935663801387269e+00 -8.493103655990233980e-01 -6.505354993650017681e-01 -4.711081847111256438e-01 -3.062984560948650570e-01 -1.508762537528448022e-01
-1.026199360273385430e-01 -2.076860044822018414e-01 -3.177143783283096212e-01 -4.353481841482006454e-01 -5.633526520868445964e-01 -7.043548552670239049e-01 -8.597278378592418946e-01 -1.026489283539032460e+00 -1.191843872186936215e+00 -1.329134142475399960e+00 -1.403480763898171668e+00 -1.389844390109723937e+00 -1.290134054916080908e+00 -1.131675448927662142e+00 -9.487269591837125260e-01 -7.656967717817352304e-01 -5.932782137022710733e-01 -4.331247559769539346e-01 -2.830613838939921578e-01 -1.398279649442625561e-01
-9.335795046793027296e-02 -1.885896847274962929e-01 -2.875457013549945762e-01 -3.919974567759084705e-01 -5.034912120693048054e-01 -6.229733492823377183e-01 -7.498677945927190169e-01 -8.801329049839070606e-01 -1.003408006962421162e+00 -1.101518362076612023e+00 -1.152549225832110835e+00 -1.141346340146702998e+00 -1.069000268314130864e+00 -9.520056135709228373e-01 -8.119751726040896900e-01 -6.657617427967140733e-01 -5.223536092528491270e-01 -3.847901692168839705e-01 -2.529574748054978506e-01 -1.253702475027227980e-01
-8.222216036446525211e-02 -1.657688792401597055e-01 -2.518790753658820547e-01 -3.415848403507675823e-01 -4.355059978833385470e-01 -5.334795772787617185e-01 -6.338937815411911370e-01 -7.326159584368361344e-01 -8.217797542088970397e-01 -8.896406177362624623e-01 -9.232883314757243109e-01 -9.141954504222368216e-01 -8.629181743475597965e-01 -7.786856914342576985e-01 -6.742753925850202279e-01 -5.607112386622081779e-01 -4.450169712052673976e-01 -3.306191950489335563e-01 -2.185931762261092426e-01 -1.086939327621583018e-01
-6.976179817077228507e-02 -1.403845277076752329e-01 -2.126161852143993725e-01 -2.869506973011988205e-01 -3.634268095068964866e-01 -4.413304645804841941e-01 -5.187703952496555138e-01 -5.921575311411038101e-01 -6.558241872624032132e-01 -7.023634187435270348e-01 -7.243270969502277890e-01 -7.170232697329069760e-01 -6.807137353834767923e-01 -6.204258939205536949e-01 -5.435423339602193371e-01 -4.570822702760335421e-01 -3.662098082667170629e-01 -2.740440398779392384e-01 -1.820975024868441983e-01 -9.081180410379373347e-02
-5.644050143340531567e-02 -1.133912259368147629e-01 -1.712502604262468586e-01 -2.301735114098358570e-01 -2.899103699063928508e-01 -3.495951310231431575e-01 -4.075041223071133034e-01 -4.608383401340171992e-01 -5.056869847753043823e-01 -5.374268389160562487e-01 -5.517408617125139081e-01 -5.460189820514739223e-01 -5.203770715276085923e-01 -4.775719418478029388e-01 -4.218772301574592043e-01 -3.577009309420202676e-01 -2.886554554825108698e-01 -2.172421126637326672e-01 -1.449398995360094700e-01 -7.245565534521061779e-02
-4.260897581950954388e-02 -8.548958216185215120e-02 -1.288200541142841549e-01 -1.725824346257882891e-01 -2.164442869911510081e-01 -2.596267186838884800e-01 -3.007781175155222475e-01 -3.379022498571277455e-01 -3.684278324299876117e-01 -3.895221667854680825e-01 -3.986807129443250552e-01 -3.944345543618594796e-01 -3.768316254739688120e-01 -3.473978323996678719e-01 -3.086040406606910258e-01 -2.631596903255234432e-01 -2.134618109530662389e-01 -1.613277059725232720e-01 -1.079641248881089977e-01 -5.407088938216224328e-02
-2.850581464167042597e-02 -5.713807090751635981e-02 -8.595790556536857252e-02 -1.148918444670360139e-01 -1.436573695758165958e-01 -1.716881415626518026e-01 -1.980747398323779440e-01 -2.215509859250819613e-01 -2.405690528693332497e-01 -2.535006115010920436e-01 -2.589571258945742582e-01 -2.561400545831459263e-01 -2.450673210531567892e-01 -2.265556881554658952e-01 -2.019694050791295270e-01 -1.728680824012368278e-01 -1.407034046536273786e-01 -1.066425827701245055e-01 -7.151796541985536160e-02 -3.586378447544285447e-02
-1.427620062122646888e-02 -2.859897468262314127e-02 -4.298163458524278946e-02 -5.736966098141436238e-02 -7.160516487276685771e-02 -8.539363511439834742e-02 -9.828122638477790329e-02 -1.096564917965381775e-01 -1.187936308150499831e-01 -1.249487202503074962e-01 -1.275002063097180338e-01 -1.260944139799767827e-01 -1.207368672647803898e-01 -1.117853348441503053e-01 -9.984856758308292835e-02 -8.563942705408220113e-02 -6.984102112676580931e-02 -5.302124380071526755e-02 -3.560137495508773620e-02 -1.786629222842127385e-02
