-1.726755447937812493e-02 -3.574146069986052637e-02 -5.678470749454930105e-02 -8.209355958393457775e-02 -1.138908487248947721e-01 -1.550149130533564623e-01 -2.084188716126464391e-01 -2.750605108391961928e-01 -3.496367841504256502e-01 -4.169098240368306896e-01 -4.551044979526205903e-01 -4.486021102593283350e-01 -3.997703308027883429e-01 -3.270267262299191291e-01 -2.513672566676465880e-01 -1.854602323072293280e-01 -1.325180335453061964e-01 -9.061537400544392162e-02 -5.648898926747913940e-02 -2.712529786881897470e-02
-3.332871163914306184e-02 -6.891310445009470043e-02 -1.092983202383986246e-01 -1.576499984504310392e-01 -2.181275944899998265e-01 -2.960815597405672683e-01 -3.971543259451031926e-01 -5.233087257073543164e-01 -6.646665269095195505e-01 -7.923655086149941074e-01 -8.649241385997952225e-01 -8.525138541127231795e-01 -7.596588514173293616e-01 -6.215179160308755835e-01 -4.780476947737267168e-01 -3.531865479008413633e-01 -2.528420643233671439e-01 -1.732426279871694119e-01 -1.081858063437748235e-01 -5.200908710725889866e-02
-4.713414230655012943e-02 -9.728300378626447698e-02 -1.538347802094421624e-01 -2.209855036806097628e-01 -3.042490433289901097e-01 -4.107730014927144513e-01 -5.482269397432009139e-01 -7.195069427312706933e-01 -9.115519964831305666e-01 -1.085291731740552379e+00 -1.184080353075272818e+00 -1.167019635023265556e+00 -1.040316870150986839e+00 -8.521420529800081134e-01 -6.569692162812553748e-01 -4.870875872006003582e-01 -3.501676851242140343e-01 -2.409137750560592928e-01 -1.509450106900313282e-01 -7.271917202077991804e-02
-5.792476073205137660e-02 -1.192486321578787450e-01 -1.877564443747820333e-01 -2.680675990605882464e-01 -3.661647454047669004e-01 -4.897162593408565523e-01 -6.468583182289322497e-01 -8.404216903631820390e-01 -1.055706453337171391e+00 -1.249471952431977950e+00 -1.359219155733541129e+00 -1.339855325157608634e+00 -1.198211594689125192e+00 -9.873808690435581514e-01 -7.674692623565056993e-01 -5.742538063175113283e-01 -4.164932435375682251e-01 -2.886879709829715535e-01 -1.818761821285711511e-01 -8.791361961309013262e-02
-6.531618090823232414e-02 -1.340288083019833265e-01 -2.098570075630178111e-01 -2.972060307815465596e-01 -4.015657642562801555e-01 -5.296648119863301973e-01 -6.881893545476690521e-01 -8.784664816538841903e-01 -1.085624267135721910e+00 -1.269201172052994320e+00 -1.371999025895025648e+00 -1.353095983151415771e+00 -1.218652532963588664e+00 -1.016866080547616180e+00 -8.028976674666215008e-01 -6.105170584046972770e-01 -4.491239602631484917e-01 -3.147824997589659946e-01 -1.998626809060240761e-01 -9.704905378401385008e-02
-6.931108720745164653e-02 -1.416921430022786976e-01 -2.204216520213194141e-01 -3.091996784728752168e-01 -4.123259454449524908e-01 -5.345930646561193322e-01 -6.800157046202991440e-01 -8.476398754556908610e-01 -1.023698331556301300e+00 -1.175456444441560500e+00 -1.258661361589795247e+00 -1.242216585791043437e+00 -1.130742902280096329e+00 -9.608967419576399660e-01 -7.756076641732647659e-01 -6.026582662418457081e-01 -4.515235744163810794e-01 -3.208719744860525358e-01 -2.056618362430591984e-01 -1.004113644693960666e-01
-7.023598277130405076e-02 -1.430062321111873758e-01 -2.209280439179176769e-01 -3.067586926602205999e-01 -4.033642193045010593e-01 -5.134043486317870775e-01 -6.381989582266907046e-01 -7.748698697566174243e-01 -9.116791920466628119e-01 -1.025064903840225305e+00 -1.085249317526252977e+00 -1.071900058594528637e+00 -9.879676582440179988e-01 -8.574416096385163444e-01 -7.094684997609147503e-01 -5.645193226455291757e-01 -4.313908746984406184e-01 -3.111439640430783693e-01 -2.014490241899112855e-01 -9.892904963375416527e-02
-6.862660963506068967e-02 -1.391683971887808513e-01 -2.135208797278795589e-01 -2.935006479004301783e-01 -3.806840441418485876e-01 -4.760142728735345385e-01 -5.789158471274321593e-01 -6.855896960117344729e-01 -7.867366749251764046e-01 -8.667047689345477313e-01 -9.073333918439806522e-01 -8.966980667627245660e-01 -8.364604989760165976e-01 -7.406880271853764075e-01 -6.273534844299392121e-01 -5.104236483750745901e-01 -3.973754754607941586e-01 -2.906802774604881345e-01 -1.900357075673153318e-01 -9.385312649981532307e-02
-6.510206924356758129e-02 -1.315197556189631467e-01 -2.004846859433925821e-01 -2.730233854511103231e-01 -3.497519363267135306e-01 -4.305170427444266479e-01 -5.137901368201579499e-01 -5.957729354126823917e-01 -6.695114203766836525e-01 -7.250289428992757745e-01 -7.517790521460513409e-01 -7.431474161043070126e-01 -6.999976449210236762e-01 -6.301095024342068251e-01 -5.440368746586801141e-01 -4.509145356367688096e-01 -3.566363324797594547e-01 -2.640979459782371586e-01 -1.741509586781859187e-01 -8.644674021276203824e-02
-6.026192466055648594e-02 -1.213238741930683512e-01 -1.838742687808848641e-01 -2.483519379404725558e-01 -3.147538467006000817e-01 -3.823614684350206683e-01 -4.493735713131869480e-01 -5.124982027228129899e-01 -5.667277964812615920e-01 -6.057600412485416586e-01 -6.234920701810821031e-01 -6.162676242538707161e-01 -5.845204164055723961e-01 -5.325185690400434657e-01 -4.664233046824310391e-01 -3.921312554311977561e-01 -3.140533294560347022e-01 -2.349051310018045180e-01 -1.560208172643822166e-01 -7.778259670108808588e-02
-5.462175393752042446e-02 -1.096395410526207620e-01 -1.653365021621949760e-01 -2.217553383830528635e-01 -2.785438049898101842e-01 -3.347694892061758853e-01 -3.887208440162961409e-01 -4.377563145747428441e-01 -4.783372495721476825e-01 -5.064377743263006604e-01 -5.184346896738745158e-01 -5.122405803901950438e-01 -4.880735497178197435e-01 -4.483407408138450068e-01 -3.967199398709627678e-01 -3.370423778363951794e-01 -2.725184805148122558e-01 -2.054444059297563518e-01 -1.372440650565901199e-01 -6.866278717383460239e-02
-4.858557375223589159e-02 -9.727604441765105858e-02 -1.460768838575586537e-01 -1.947890064808898147e-01 -2.428955743923112143e-01 -2.894467480921631419e-01 -3.329641185438054762e-01 -3.714105857225110663e-01 -4.022974225662700465e-01 -4.230007881233543987e-01 -4.312898008444561171e-01 -4.259170857423933421e-01 -4.069950377728224211e-01 -3.759411913207016953e-01 -3.350271610832567526e-01 -2.867851120274985677e-01 -2.335302798847732619e-01 -1.771093255254025667e-01 -1.188481902213117530e-01 -5.962449630302441711e-02
-4.244451423050674826e-02 -8.480219745032890888e-02 -1.269059903140853096e-01 -1.684282454876835922e-01 -2.088026519500724154e-01 -2.471572229735373716e-01 -2.822759068069011779e-01 -3.126174032905564282e-01 -3.364252647430701071e-01 -3.519515182987266733e-01 -3.577726408803435509e-01 -3.531100514188489359e-01 -3.380242329911196109e-01 -3.133884515607548438e-01 -2.806567884665271406e-01 -2.415388455721864946e-01 -1.977078139722640571e-01 -1.506143865196307441e-01 -1.014148971605157157e-01 -5.098704096956056808e-02
-3.639032560725390109e-02 -7.258227334188256663e-02 -1.083167051634444655e-01 -1.432153833041448776e-01 -1.767296177665765577e-01 -2.081035747431079774e-01 -2.363647187157363050e-01 -2.603572544202741312e-01 -2.788333164276681764e-01 -2.906049841126717159e-01 -2.947361217184192861e-01 -2.907232580633287711e-01 -2.786012400373244491e-01 -2.589304152662945668e-01 -2.326722509759129032e-01 -2.010055651307257052e-01 -1.651477524258453400e-01 -1.262255484569179131e-01 -8.521000808419437744e-02 -4.290878319074756947e-02
-3.053451538638796842e-02 -6.081991861009099221e-02 -9.056322124224411296e-02 -1.193870276293076960e-01 -1.467969185136155930e-01 -1.721628157349633648e-01 -1.947221960677694153e-01 -2.136136314637187006e-01 -2.279457353666241581e-01 -2.368988957490495983e-01 -2.398434576991411993e-01 -2.364454873954738856e-01 -2.267269649574312207e-01 -2.110597180351361790e-01 -1.900962779456500384e-01 -1.646634569988973951e-01 -1.356521174274382957e-01 -1.039300834190997058e-01 -7.029079636519931784e-02 -3.543809529170447586e-02
-2.492781473587421179e-02 -4.959969355503549004e-02 -7.372926429413033389e-02 -9.697262465517002272e-02 -1.189082780688135721e-01 -1.390286223082954353e-01 -1.567477040922841403e-01 -1.714294028719960394e-01 -1.824371955370889531e-01 -1.892014777647574864e-01 -1.912934009117180090e-01 -1.884883302517281201e-01 -1.808014966369662080e-01 -1.684852659899470639e-01 -1.519897648333197460e-01 -1.318999297321826469e-01 -1.088672333044496121e-01 -8.355190185662864089e-02 -5.658503169281331457e-02 -2.855280358355790846e-02
-1.957706116555845213e-02 -3.892177700601118923e-02 -5.778153789858041234e-02 -7.586595554155931009e-02 -9.283499846433493352e-02 -1.082957363690659203e-01 -1.218106389625706332e-01 -1.329191441263032070e-01 -1.411722242568946017e-01 -1.461764775241378156e-01 -1.476403784918791096e-01 -1.454129750733564874e-01 -1.395054614958652073e-01 -1.300901354015646105e-01 -1.174776259931272493e-01 -1.020793135269563029e-01 -8.436500735786967020e-02 -6.482525994259778768e-02 -4.394461000687739649e-02 -2.218808498841679314e-02
-1.445863983265547811e-02 -2.872879434080733915e-02 -4.260913244485625001e-02 -5.587467261513909267e-02 -6.827003075228495199e-02 -7.950870645475222043e-02 -8.928000972921350253e-02 -9.726434025007482664e-02 -1.031561258825920285e-01 -1.066918723248673484e-01 -1.076787004912757306e-01 -1.060177638491658636e-01 -1.017172694079345185e-01 -9.489222206924780023e-02 -8.575132560859222153e-02 -7.457472436050960329e-02 -6.168825031134139020e-02 -4.743954449424253594e-02 -3.218008098033359882e-02 -1.625493298631920658e-02
-9.528707165870923743e-03 -1.892564368618751894e-02 -2.805155807555429967e-02 -3.675361417072868508e-02 -4.486177282261494259e-02 -5.218906883658362000e-02 -5.853637594346910306e-02 -6.370209200240080361e-02 -6.749608261771189444e-02 -6.975621757451289096e-02 -7.036483312967985182e-02 -6.926214261569386965e-02 -6.645364965124082868e-02 -6.201018446471916190e-02 -5.606073467597305626e-02 -4.878001648781460364e-02 -4.037374092039427292e-02 -3.106460079890606060e-02 -2.108125912668147584e-02 -1.065156846537785272e-02
-4.730551738325964976e-03 -9.393508984786013219e-03 -1.391787797414963113e-02 -1.822646612155714649e-02 -2.223441417833387987e-02 -2.584945185640437695e-02 -2.897435476182563113e-02 -3.151159349497573148e-02 -3.336994145330048067e-02 -3.447211325333349174e-02 -3.476232077408990956e-02 -3.421236410589772320e-02 -3.282503757107792935e-02 -3.063416228339180952e-02 -2.770144771478808693e-02 -2.411089427810008193e-02 -1.996212629154430623e-02 -1.536387893487685397e-02 -1.042880130876269046e-02 -5.270088454874528698e-03
