-1.801678070233398571e-02 -3.540966915855087160e-02 -5.155000566094309483e-02 -6.581562698771795117e-02 -7.762871767756521213e-02 -8.651957013343883340e-02 -9.220004119700946077e-02 -9.461879815006621341e-02 -9.397195670523474098e-02 -9.066088474681024967e-02 -8.521205021063235630e-02 -7.818727407002744323e-02 -7.010939503427880692e-02 -6.141562131835349297e-02 -5.243821238762133574e-02 -4.340546087276055814e-02 -3.445437638945298559e-02 -2.564832198076181374e-02 -1.699521492594946101e-02 -8.464177851230951857e-03
-3.665745714381381248e-02 -7.207189363446790675e-02 -1.049747369195575264e-01 -1.340837681176269003e-01 -1.581796405683411066e-01 -1.762494711430900030e-01 -1.876617771604967011e-01 -1.923031767416712445e-01 -1.906081474850363222e-01 -1.834595282710061726e-01 -1.720000412124531308e-01 -1.574276487571824867e-01 -1.408346970355031924e-01 -1.231148750731395902e-01 -1.049317730831598044e-01 -8.672924779194544909e-02 -6.876371510967868583e-02 -5.114369790574348207e-02 -3.386837832121308844e-02 -1.686150863095448385e-02
-5.654115692277579541e-02 -1.112456893672692237e-01 -1.621932111554998390e-01 -2.073648965264223709e-01 -2.447562572474593356e-01 -2.726364118048178464e-01 -2.898938830482045148e-01 -2.963235504769649586e-01 -2.926976656976043589e-01 -2.805689277504931911e-01 -2.619009028237843095e-01 -2.386885823425099751e-01 -2.126868753323294114e-01 -1.852774327217671102e-01 -1.574447609789292046e-01 -1.298160608022052576e-01 -1.027275489640572526e-01 -7.629438169846200490e-02 -5.047312384711519911e-02 -2.511348271519713363e-02
-7.826142992653457864e-02 -1.541762337091564794e-01 -2.251866080013645577e-01 -2.884240284109416685e-01 -3.408396451725783094e-01 -3.796396181998431540e-01 -4.029467770063888676e-01 -4.103936657611299554e-01 -4.032864129355120952e-01 -3.842159019458729063e-01 -3.563454525761037273e-01 -3.227387577714541100e-01 -2.859467872597082905e-01 -2.478632544115833003e-01 -2.097538106180337480e-01 -1.723626936580813784e-01 -1.360360501719406201e-01 -1.008331699530754105e-01 -6.661627842158533708e-02 -3.311931617279843115e-02
-1.023276906640181311e-01 -2.020084477137125412e-01 -2.959437940855110805e-01 -3.802818869869545315e-01 -4.504946922746169702e-01 -5.020720764232760036e-01 -5.317903734519396908e-01 -5.389602058491197445e-01 -5.258021247584854230e-01 -4.966455188783500674e-01 -4.565200134056015546e-01 -4.099725271795343073e-01 -3.604979600500150538e-01 -3.104750037635160553e-01 -2.613445873402208686e-01 -2.138448835450832419e-01 -1.682208096860550728e-01 -1.243859883071834621e-01 -8.203952455847059178e-02 -4.074753016172997372e-02
-1.290361284494653538e-01 -2.555653183350419244e-01 -3.762294518445021274e-01 -4.860921154358733287e-01 -5.784556762384399642e-01 -6.458877263777061950e-01 -6.826614099313461637e-01 -6.874222519069937976e-01 -6.640443625455375587e-01 -6.199143344710376091e-01 -5.630697077277596607e-01 -5.001205784158337941e-01 -4.355949047628784876e-01 -3.721938499500511144e-01 -3.113046613196289170e-01 -2.534514715405192242e-01 -1.986163352018424644e-01 -1.464504537576366283e-01 -9.640831355911147482e-02 -4.783128784610517908e-02
-1.582245745511183799e-01 -3.148694969740378213e-01 -4.669261392621157358e-01 -6.084201352629822201e-01 -7.294784881243593366e-01 -8.176613983808037611e-01 -8.625888743939066350e-01 -8.615694504277431331e-01 -8.214951387180957632e-01 -7.551616508271994377e-01 -6.754578038940737272e-01 -5.917722932730287155e-01 -5.095521263440572213e-01 -4.313985164064415567e-01 -3.582285063564418226e-01 -2.900400236321715730e-01 -2.263426224585788071e-01 -1.663912018463755971e-01 -1.093119942573713421e-01 -5.416932966893162060e-02
-1.888768715496988437e-01 -3.782554516525898358e-01 -5.665061844066486829e-01 -7.469630960414028742e-01 -9.053352484867354111e-01 -1.021076406059330033e+00 -1.075747868014787834e+00 -1.064218700439624410e+00 -9.985660866626039356e-01 -9.006131682471691935e-01 -7.906829735477081122e-01 -6.816450155902719077e-01 -5.793776968999585497e-01 -4.856093700197171570e-01 -4.001696580601136199e-01 -3.221374239739702716e-01 -2.503229350358254779e-01 -1.834597569198147260e-01 -1.202791571748198785e-01 -5.953404194369828900e-02
-2.186499041792232811e-01 -4.411179092805881941e-01 -6.684049611635765054e-01 -8.938299561080627065e-01 -1.097605154216672485e+00 -1.247695563083064618e+00 -1.313651416828071961e+00 -1.286585867911720582e+00 -1.186291970183737332e+00 -1.047719185727253199e+00 -9.012840788109005574e-01 -7.637244414976337437e-01 -6.404918564481599796e-01 -5.314582144725069623e-01 -4.346993812191800588e-01 -3.480167795888286508e-01 -2.693519636884524338e-01 -1.968457773394267918e-01 -1.288108686988656271e-01 -6.368770768527920456e-02
-2.436717266788044345e-01 -4.950801037103976787e-01 -7.586342392235269072e-01 -1.028336997858924740e+00 -1.278763247495423583e+00 -1.464865773494918422e+00 -1.542119022319194510e+00 -1.497149167018876570e+00 -1.358800826338625756e+00 -1.177174981162969924e+00 -9.937864899162207610e-01 -8.289492538172299474e-01 -6.868820443855944147e-01 -5.649496214927731685e-01 -4.591430786130696884e-01 -3.658775272949967294e-01 -2.822223419895590890e-01 -2.057605580503123754e-01 -1.344308720914555444e-01 -6.640593603358943553e-02
-2.592087283047899704e-01 -5.292503711959855028e-01 -8.173635881200971287e-01 -1.118403769557491323e+00 -1.402849131568383978e+00 -1.615557335480700907e+00 -1.700856721171619901e+00 -1.641783767760173651e+00 -1.474362978627385079e+00 -1.260595793274516874e+00 -1.050457938391526236e+00 -8.666686099995266623e-01 -7.121537394780326213e-01 -5.821603173065447168e-01 -4.710273522301652305e-01 -3.741262868298566580e-01 -2.878992530108339110e-01 -2.095432794981566815e-01 -1.367461531771330951e-01 -6.750519819209382932e-02
-2.614300625878171469e-01 -5.344900144629219918e-01 -8.271621239960793570e-01 -1.134574967306774651e+00 -1.426266051758337872e+00 -1.644657509663548733e+00 -1.731355692405743829e+00 -1.668518566148957216e+00 -1.493933373686737287e+00 -1.272505152397163330e+00 -1.056240234671915523e+00 -8.683882294390699030e-01 -7.115069325402718636e-01 -5.802906084194708880e-01 -4.686535394311069358e-01 -3.716986818315690111e-01 -2.857049805054541203e-01 -2.077671642756345194e-01 -1.355052862874701891e-01 -6.686870498724988010e-02
-2.493486343799886373e-01 -5.084268851997419958e-01 -7.834589473205100241e-01 -1.069047981012660076e+00 -1.337373973788264392e+00 -1.537382906985261588e+00 -1.617902996499521295e+00 -1.563428311240350865e+00 -1.407108677580316547e+00 -1.206170846544302622e+00 -1.007189694842944183e+00 -8.318968595434772517e-01 -6.836910913726592653e-01 -5.586048673293968481e-01 -4.515693002893998442e-01 -3.583074047947786278e-01 -2.754546673302883941e-01 -2.003151110251204514e-01 -1.306391249893180395e-01 -6.446435317149139255e-02
-2.253562858070947972e-01 -4.568692732450330696e-01 -6.975660944140334996e-01 -9.412798478676143166e-01 -1.165324194788700751e+00 -1.330827418891066261e+00 -1.399931018974553076e+00 -1.361403508713482147e+00 -1.239844919195784767e+00 -1.078239123208505124e+00 -9.128896244952404704e-01 -7.624096550615268031e-01 -6.315282834485730357e-01 -5.186752382958862428e-01 -4.206883909494850693e-01 -3.345049197045283362e-01 -2.574910571451231589e-01 -1.873995031782522969e-01 -1.222717886201713650e-01 -6.034960039928896625e-02
-1.938577918110171439e-01 -3.902255809949277676e-01 -5.890869979185067162e-01 -7.839965470005267889e-01 -9.581069959766255195e-01 -1.085331554743542037e+00 -1.141416872201019617e+00 -1.119436599502913632e+00 -1.035262801243951092e+00 -9.171549206014905087e-01 -7.903814013695423801e-01 -6.696684725030678242e-01 -5.605778469081483806e-01 -4.637599002669607895e-01 -3.779898806065468131e-01 -3.015315768975785904e-01 -2.326050863039489380e-01 -1.695200780010538699e-01 -1.106989593606923922e-01 -5.466226852848581758e-02
-1.592164852966945210e-01 -3.183203722867631869e-01 -4.753825776961564387e-01 -6.244467613549574692e-01 -7.538301413140564566e-01 -8.475059195055716366e-01 -8.914809991983123627e-01 -8.819937408699048964e-01 -8.283334571957663428e-01 -7.474335471295361355e-01 -6.555573360514810322e-01 -5.635907928886564333e-01 -4.769986682482254547e-01 -3.977405981928610057e-01 -3.259730140909950502e-01 -2.610258553337094223e-01 -2.018776438994674405e-01 -1.473768164620333221e-01 -9.634175236786761409e-02 -4.760053947411604230e-02
-1.244628178584825939e-01 -2.474728779077995655e-01 -3.664137521272560760e-01 -4.763781072584031273e-01 -5.696385097479870208e-01 -6.368181396710848041e-01 -6.703051432507739493e-01 -6.682227883815284875e-01 -6.357459720168489037e-01 -5.825374703748096294e-01 -5.185999519505410937e-01 -4.515293438459546116e-01 -3.859588753438934483e-01 -3.242109148184684209e-01 -2.671333560051465938e-01 -2.147209966477708343e-01 -1.665028271169892715e-01 -1.217678153861387891e-01 -7.969071703312821664e-02 -3.939815879757629924e-02
-9.110128451385700321e-02 -1.804294065744480313e-01 -2.655422935814781837e-01 -3.428037485068711754e-01 -4.073177428377985909e-01 -4.537427215747776854e-01 -4.780418675955886987e-01 -4.793216294996829885e-01 -4.604145016112213828e-01 -4.267128336403528954e-01 -3.841764539989366845e-01 -3.378035443106407465e-01 -2.910624864961700031e-01 -2.460054629644325974e-01 -2.036278893311829208e-01 -1.642219180707935045e-01 -1.276448904427856801e-01 -9.350092586337299672e-02 -6.125515691482475572e-02 -3.030138083163939205e-02
-5.950054150657129587e-02 -1.175470099112388561e-01 -1.723426812086320536e-01 -2.215254793951993428e-01 -2.622260054642156502e-01 -2.915510749633864473e-01 -3.074381372823985492e-01 -3.094787932337196845e-01 -2.991675760482846447e-01 -2.793843306735548926e-01 -2.534671088605374156e-01 -2.244123874293074694e-01 -1.944751250103282925e-01 -1.651194962392172894e-01 -1.371507136440510422e-01 -1.108939018268689097e-01 -8.635390625441199952e-02 -6.333584723213619982e-02 -4.152757748594766013e-02 -2.055220078915388077e-02
-2.935194671997486474e-02 -5.790701804000653041e-02 -8.472813637949076770e-02 -1.086595986909770911e-01 -1.283765856568346297e-01 -1.426051247169982383e-01 -1.504702595619243077e-01 -1.518130777288728972e-01 -1.472827322808351047e-01 -1.381373833878385415e-01 -1.258763231162204066e-01 -1.118985965329455934e-01 -9.730509068982903798e-02 -8.284654365199756176e-02 -6.896158446791783581e-02 -5.584911607109008247e-02 -4.354099953053233024e-02 -3.196098807516836032e-02 -2.096710252721784018e-02 -1.037982818417339248e-02
