-1.278970489944328097e-02 -2.523980297072721604e-02 -3.700531647858299605e-02 -4.773616739135554121e-02 -5.708755060525530500e-02 -6.474212201201834382e-02 -7.044150892952694143e-02 -7.401997069011183317e-02 -7.542991741623225610e-02 -7.474981687268547614e-02 -7.217066033872296393e-02 -6.796442640280132841e-02 -6.244377226309955758e-02 -5.592301741664006814e-02 -4.868786060741975286e-02 -4.097669988522589790e-02 -3.297318690746228742e-02 -2.480741031836480176e-02 -1.656278721202176021e-02 -8.286257266319114329e-03
-2.591901680452849896e-02 -5.116420166363164213e-02 -7.504530355669000730e-02 -9.685180065051900156e-02 -1.158719129997774072e-01 -1.314394355222447408e-01 -1.430039501600012253e-01 -1.502084757617650479e-01 -1.529498805977173026e-01 -1.513986880302389815e-01 -1.459683860004866440e-01 -1.372432781795963619e-01 -1.258876445440620939e-01 -1.125604668811188147e-01 -9.785173833669019716e-02 -8.224575494136300569e-02 -6.610866356112306275e-02 -4.969368724694704642e-02 -3.315749314053343527e-02 -1.658224797316770055e-02
-3.972218440734182759e-02 -7.845270856073484345e-02 -1.151599218770038846e-01 -1.487538385612798553e-01 -1.781088869088712223e-01 -2.021397718357451356e-01 -2.199263980700898458e-01 -2.308601113277102268e-01 -2.347624324158312237e-01 -2.319266715143178115e-01 -2.230609349619477044e-01 -2.091526660289713957e-01 -1.913031016010894592e-01 -1.705794996759314452e-01 -1.479128869413617875e-01 -1.240459569092680209e-01 -9.952203819104975258e-02 -7.470119947832634666e-02 -4.979128278947132086e-02 -2.488524638313610940e-02
-5.451701903578069774e-02 -1.077645436722027977e-01 -1.583878326250807433e-01 -2.048947180687983594e-01 -2.456700076383279696e-01 -2.790843417378550129e-01 -3.037017065307806574e-01 -3.185430959301548959e-01 -3.233130185032377368e-01 -3.184845956524079980e-01 -3.051960091888059057e-01 -2.850033846805581361e-01 -2.595926132781959383e-01 -2.305415825660946660e-01 -1.991743793416939079e-01 -1.665031680975273820e-01 -1.332323460710941321e-01 -9.979780016046715940e-02 -6.642120370604609469e-02 -3.316747394512908897e-02
-7.058137988885636316e-02 -1.397006294306738505e-01 -2.057321303233681509e-01 -2.667670511898722063e-01 -3.205916532303993982e-01 -3.648250236366529786e-01 -3.972517023798289859e-01 -4.162960456100586737e-01 -4.214606447288295477e-01 -4.135018432982833780e-01 -3.942347068377333730e-01 -3.660721465134938457e-01 -3.315224061038117842e-01 -2.928198813386401755e-01 -2.517399072671072102e-01 -2.095600021827463133e-01 -1.671063844395855036e-01 -1.248364608663423830e-01 -8.292828130045606927e-02 -4.136345015517713108e-02
-8.810785658237495210e-02 -1.747243619391612435e-01 -2.580724463255782419e-01 -3.358477234651593979e-01 -4.050993168627377572e-01 -4.623619913333515408e-01 -5.041682515956992239e-01 -5.279106161436210032e-01 -5.327158824793487568e-01 -5.198170231471274105e-01 -4.921636490909976347e-01 -4.535261680045656885e-01 -4.076044735937308094e-01 -3.574755675003053468e-01 -3.054053692582745505e-01 -2.528905650099134150e-01 -2.007967307436310245e-01 -1.495134038365094065e-01 -9.909202088038497613e-02 -4.935805414709168448e-02
-1.071255454825761483e-01 -2.130154511201386158e-01 -3.159805610104069462e-01 -4.134345739407139786e-01 -5.015496828268527496e-01 -5.752629614059628915e-01 -6.290086681370724575e-01 -6.583013746168862035e-01 -6.615351427077239554e-01 -6.407942326317423998e-01 -6.010304507440670241e-01 -5.482469058317951394e-01 -4.878887662527180424e-01 -4.240715113131487968e-01 -3.595153201040366397e-01 -2.958001649173243042e-01 -2.336766087313384421e-01 -1.733284363783469673e-01 -1.145683605867924837e-01 -5.697678198982707165e-02
-1.273776809271283117e-01 -2.542240189329095790e-01 -3.793660104517589948e-01 -5.002427909695258412e-01 -6.120918660841327963e-01 -7.075117244447390874e-01 -7.773628240932681788e-01 -8.136720785635127573e-01 -8.133894505792081953e-01 -7.801740550798647034e-01 -7.226066472423542386e-01 -6.504245724811580365e-01 -5.715983888822910863e-01 -4.913990831193790765e-01 -4.127830679672859771e-01 -3.371180680154001741e-01 -2.647811166354431256e-01 -1.955554150124339807e-01 -1.288762507635640153e-01 -6.398073804889507776e-02
-1.481549891981573108e-01 -2.970995532588800447e-01 -4.468449809786373406e-01 -5.954813180697976494e-01 -7.374877760161407947e-01 -8.621795737111438429e-01 -9.544856712252066666e-01 -1.000151368842889132e+00 -9.934015225273958860e-01 -9.407537611849894343e-01 -8.572202059103745109e-01 -7.586480455613135998e-01 -6.565091561761057237e-01 -5.571059384288506999e-01 -4.630936683312590896e-01 -3.751072052087526809e-01 -2.927743614481428946e-01 -2.152359066469505533e-01 -1.414005161365917140e-01 -7.006994156658463702e-02
-1.681189381252416182e-01 -3.390301181834488586e-01 -5.147715734039479685e-01 -6.950484107062795402e-01 -8.741292196015996163e-01 -1.037100115788646582e+00 -1.159862041740141736e+00 -1.217923766125535989e+00 -1.200917520651874515e+00 -1.120076879869575937e+00 -1.000796230167202872e+00 -8.681334203186772402e-01 -7.380215437941606282e-01 -6.172774442958527397e-01 -5.073546460080087250e-01 -4.074397926084301069e-01 -3.159729603264073150e-01 -2.312133547431257652e-01 -1.514199936343237074e-01 -7.489851579316351982e-02
-1.852211328966049675e-01 -3.757095260580048390e-01 -5.762311546326208678e-01 -7.890914288265620247e-01 -1.009158226051153351e+00 -1.216800187731877259e+00 -1.376247405681722880e+00 -1.449084926094272419e+00 -1.418555913935488411e+00 -1.302383160063260270e+00 -1.140011517696416288e+00 -9.683373869329031658e-01 -8.082308469899615044e-01 -6.662058506056673934e-01 -5.415380173278266929e-01 -4.313156791108932464e-01 -3.324635478599786698e-01 -2.422245099725974793e-01 -1.581676103901297203e-01 -7.810414029790707646e-02
-1.969021898621007571e-01 -4.014240182311407668e-01 -6.210762911813915155e-01 -8.610525822471334356e-01 -1.117382495107311469e+00 -1.366269814418148432e+00 -1.560393722397158900e+00 -1.647081963504538615e+00 -1.602943336300528321e+00 -1.452402442337625388e+00 -1.249254198127012661e+00 -1.042075419276803361e+00 -8.560745690235670446e-01 -6.968433068092275695e-01 -5.611216405108431227e-01 -4.438020964727477091e-01 -3.403392376122210683e-01 -2.470534293478889309e-01 -1.609217902808540157e-01 -7.935043077841225090e-02
-2.007053859796518736e-01 -4.104447282957749965e-01 -6.384226761915247073e-01 -8.916994711014168962e-01 -1.167222768054443804e+00 -1.438906571082947616e+00 -1.652549379405835683e+00 -1.746809535211403919e+00 -1.694229525032380668e+00 -1.523330920401049893e+00 -1.296624383338766728e+00 -1.069636242515366042e+00 -8.699600960759978907e-01 -7.024042394625492625e-01 -5.620442737595431337e-01 -4.423994469801888485e-01 -3.380348682532496873e-01 -2.447280019948226137e-01 -1.591156924886001078e-01 -7.837579741217226559e-02
-1.951461562921695259e-01 -3.992382731786727756e-01 -6.213439862659846380e-01 -8.683500836895763353e-01 -1.137171570682811605e+00 -1.402194827536597632e+00 -1.610418835906928248e+00 -1.701968413670467362e+00 -1.650067281792173546e+00 -1.482548244789751113e+00 -1.260447946696662713e+00 -1.038086157465724746e+00 -8.425814475980557550e-01 -6.787761486020736923e-01 -5.419224859109426085e-01 -4.256753773562737542e-01 -3.246689269321968996e-01 -2.347077823545866138e-01 -1.524371851394006883e-01 -7.503706183516699324e-02
-1.803242562243330127e-01 -3.681007909927381250e-01 -5.705651182484494655e-01 -7.925711984040937352e-01 -1.030182542054234540e+00 -1.260880036295544127e+00 -1.440367151977466564e+00 -1.519592297965814298e+00 -1.476832723303987738e+00 -1.334819592760482010e+00 -1.143703177999244813e+00 -9.490174522696150916e-01 -7.746865488501770702e-01 -6.262745573589677539e-01 -5.008766319197255346e-01 -3.936709366012092204e-01 -3.002539870709279857e-01 -2.169967963077114037e-01 -1.408881854315303384e-01 -6.933528231447703971e-02
-1.578185569138591260e-01 -3.208739969672013137e-01 -4.938124081686166567e-01 -6.788101546738658509e-01 -8.710946502061556185e-01 -1.052801188430934509e+00 -1.191794209294650519e+00 -1.253818903763380455e+00 -1.223999297016505228e+00 -1.118128501368169658e+00 -9.714464715427053587e-01 -8.171823911303959243e-01 -6.744282379377016801e-01 -5.493541600044739015e-01 -4.414064572024405941e-01 -3.478487520952684986e-01 -2.656765781626785894e-01 -1.921370603692997003e-01 -1.247834679359025312e-01 -6.141585724345757086e-02
-1.299477062760414359e-01 -2.629876718567384919e-01 -4.014364666374337087e-01 -5.453637098938283190e-01 -6.898867758844742237e-01 -8.220682082960538706e-01 -9.211288094307608088e-01 -9.660910839855981758e-01 -9.481179428333874615e-01 -8.768304283422833079e-01 -7.740359168007028279e-01 -6.614195520045701437e-01 -5.529190603783099567e-01 -4.545290469662164323e-01 -3.674177039340440487e-01 -2.906249726040449621e-01 -2.224650332886173587e-01 -1.610913056521735831e-01 -1.046927502093290968e-01 -5.154466158570777945e-02
-9.893070280929053273e-02 -1.993663516040927453e-01 -3.020851629346689160e-01 -4.061137659145638290e-01 -5.072866965052856836e-01 -5.970002566909330399e-01 -6.629540423383253334e-01 -6.935007451812155166e-01 -6.839272106866214340e-01 -6.395623325269566006e-01 -5.726974697337560150e-01 -4.963251225712393966e-01 -4.197996076619389116e-01 -3.480983534261795631e-01 -2.830563449017756139e-01 -2.247616935241171787e-01 -1.724666523188226330e-01 -1.250703491901248021e-01 -8.135154774041712666e-02 -4.007001301452551428e-02
-6.639157960950810289e-02 -1.333580147928551674e-01 -2.009474648164533139e-01 -2.680614024739622625e-01 -3.317732137835977535e-01 -3.869502561589413525e-01 -4.269386159797513014e-01 -4.458119485051396103e-01 -4.412749627806950015e-01 -4.160456258165107224e-01 -3.764886534721884614e-01 -3.297231922970077500e-01 -2.813783720097279284e-01 -2.349043372874283497e-01 -1.919304456066251996e-01 -1.528967052177780950e-01 -1.175693730326317354e-01 -8.537188807994677830e-02 -5.557307074449991530e-02 -2.738382337458562452e-02
-3.327348246223640893e-02 -6.670158968231743035e-02 -1.001702738370907342e-01 -1.330109880988817883e-01 -1.637390781092251946e-01 -1.899790232557648229e-01 -2.088407348944259501e-01 -2.178602800433473985e-01 -2.161163765136860648e-01 -2.047450099976428073e-01 -1.864317015620062801e-01 -1.642998332394921546e-01 -1.409710926435883416e-01 -1.181850698877874722e-01 -9.686027061988593256e-02 -7.732482018369991883e-02 -5.954223984368013645e-02 -4.327478227483699119e-02 -2.818501562233533680e-02 -1.389220941998807295e-02
