-6.290273799206011485e-02 -1.351190836839234743e-01 -2.239330739481889265e-01 -3.284899094696728805e-01 -4.320127652717494771e-01 -5.028151718552672511e-01 -5.125456555827184735e-01 -4.589278834005811603e-01 -3.680325465596899215e-01 -2.734109633593277411e-01 -1.957596049905473146e-01 -1.395621229828900856e-01 -1.007615933652220436e-01 -7.385157276939906257e-02 -5.462926175521120448e-02 -4.037037187757763074e-02 -2.935787103855207539e-02 -2.047890053787396539e-02 -1.297506808876658195e-02 -6.294522931120979242e-03
-1.136139540155521183e-01 -2.418854906092104962e-01 -3.957261803442417847e-01 -5.725842589837808472e-01 -7.447452103159791781e-01 -8.616897383903763252e-01 -8.788296257801678779e-01 -7.926756819227813722e-01 -6.443436555890642570e-01 -4.873420804261053840e-01 -3.557135372461699974e-01 -2.580542927841130707e-01 -1.889201065066411778e-01 -1.399106396914900352e-01 -1.042833988048682964e-01 -7.749333762161546291e-02 -5.658214066379745055e-02 -3.958266264415986196e-02 -2.512683931331189530e-02 -1.220300646013530201e-02
-1.457701529170569721e-01 -3.071634230981315494e-01 -4.952107390339050563e-01 -7.056820124152269891e-01 -9.068456699998628245e-01 -1.042728888094694328e+00 -1.064541293291477286e+00 -9.685918235481500993e-01 -8.000634490861883164e-01 -6.183311171244382232e-01 -4.622621248962331952e-01 -3.430472080951471048e-01 -2.559888617162674462e-01 -1.924455402248821390e-01 -1.450845055132669037e-01 -1.087360797672102392e-01 -7.989458716050472364e-02 -5.614277928431901654e-02 -3.574661644748854811e-02 -1.739068033005416319e-02
-1.583021881396319552e-01 -3.294446338561319854e-01 -5.216693825563039066e-01 -7.293169730508476389e-01 -9.229039408814028178e-01 -1.052815352790040127e+00 -1.076599674433616816e+00 -9.912262618851254148e-01 -8.362887767662182670e-01 -6.645567568129411296e-01 -5.120036876632773071e-01 -3.907770448075852388e-01 -2.985518870192398477e-01 -2.286524125408282981e-01 -1.748567136288822765e-01 -1.324704890783035549e-01 -9.811722211266121763e-02 -6.934721847953700946e-02 -4.432614687415388499e-02 -2.161310241730507106e-02
-1.548803257079819362e-01 -3.179255616475348822e-01 -4.933263870253762340e-01 -6.745845407273051153e-01 -8.381849188404801865e-01 -9.472215097933814887e-01 -9.710343253386309881e-01 -9.076583803454512100e-01 -7.860417259317253880e-01 -6.456113241743189901e-01 -5.148912520831440132e-01 -4.055314691380580983e-01 -3.180182230142359900e-01 -2.486420853152764843e-01 -1.932067538426621156e-01 -1.481708484237970747e-01 -1.107565150179759261e-01 -7.880272842834289138e-02 -5.059763287064961146e-02 -2.473556970323431345e-02
-1.414567666037880311e-01 -2.865483402558615666e-01 -4.358957631947611988e-01 -5.829848593845798899e-01 -7.110158377782004324e-01 -7.960030694075428404e-01 -8.188751047252266213e-01 -7.786432655042935247e-01 -6.936893079733125189e-01 -5.898239122998798489e-01 -4.872584997104684734e-01 -3.960950033630205591e-01 -3.188925894725329058e-01 -2.546240070983506465e-01 -2.011498418680889022e-01 -1.562489691688459803e-01 -1.179351869764579258e-01 -8.450953452293874513e-02 -5.452605419559067995e-02 -2.673151310524326391e-02
-1.235770072365837968e-01 -2.475602024450097582e-01 -3.703351603863991315e-01 -4.860603741600886263e-01 -5.835071511598615146e-01 -6.483861452632803113e-01 -6.699938752801073427e-01 -6.479823513974060090e-01 -5.930060612997813951e-01 -5.206035710398014826e-01 -4.441275637179260549e-01 -3.716490742947643477e-01 -3.066296724898365800e-01 -2.497815558441469352e-01 -2.005162600837413489e-01 -1.577397100618400383e-01 -1.202256754957828494e-01 -8.677414506976524611e-02 -5.626549940328944011e-02 -2.766440457646995518e-02
-1.050126109716326139e-01 -2.086429329894420315e-01 -3.083027358421883135e-01 -3.991487266535977407e-01 -4.738597116520498753e-01 -5.242049154728383176e-01 -5.444515378521067595e-01 -5.345679477928708678e-01 -5.005141588697206156e-01 -4.513437709011496879e-01 -3.956104824564019573e-01 -3.393886179644918788e-01 -2.861264396929292242e-01 -2.373460561902345778e-01 -1.933927273753581755e-01 -1.539677997261676146e-01 -1.184536339726696003e-01 -8.609582580363363269e-02 -5.609735290436159566e-02 -2.766058491194946234e-02
-8.775891998378693160e-02 -1.734039027240193431e-01 -2.541791355310222267e-01 -3.262480493688240668e-01 -3.847988740494496240e-01 -4.250250636464772414e-01 -4.438279057965429653e-01 -4.412845575798235442e-01 -4.207657180039063860e-01 -3.875898957602714745e-01 -3.472250783371995664e-01 -3.040770969265033097e-01 -2.611236180754559211e-01 -2.200808290749967366e-01 -1.817404224820942937e-01 -1.462850698995152854e-01 -1.135251865635235474e-01 -8.305814265240499261e-02 -5.436745601943236694e-02 -2.688054699031858230e-02
-7.260520331788160309e-02 -1.429776457723601346e-01 -2.085855419563912017e-01 -2.664516726097780341e-01 -3.133264870777090483e-01 -3.462756015674945398e-01 -3.635352377537818813e-01 -3.651897572636795819e-01 -3.532119215219557962e-01 -3.308190455013123588e-01 -3.015532738108818722e-01 -2.685531797862669712e-01 -2.342065548572552502e-01 -2.001126291204312901e-01 -1.672029389609267502e-01 -1.359067940723963641e-01 -1.063038628406210301e-01 -7.824406774383356467e-02 -5.143374498644687903e-02 -2.549413440867994915e-02
-5.968216609352923474e-02 -1.173075113198670666e-01 -1.707076660087568643e-01 -2.175854967513702054e-01 -2.556710623194300425e-01 -2.830689363213279575e-01 -2.986977031271365046e-01 -3.026110147690873609e-01 -2.960047905792330125e-01 -2.808906157332672349e-01 -2.596054282865421503e-01 -2.343730835124242795e-01 -2.070361836799227140e-01 -1.789600333644604524e-01 -1.510518304122490940e-01 -1.238352531684158847e-01 -9.753934781579810809e-02 -7.218048392972054028e-02 -4.762931710969550703e-02 -2.366222859707093479e-02
-4.881568454955175634e-02 -9.586159470280147810e-02 -1.393491735764710859e-01 -1.775047271482344535e-01 -2.086911386856261652e-01 -2.316148882488860139e-01 -2.455587715533282811e-01 -2.505386929817474129e-01 -2.472978895830303947e-01 -2.371296824087736899e-01 -2.216035121841764821e-01 -2.022971689997085654e-01 -1.806049492305135118e-01 -1.576394126075112423e-01 -1.342090345730050371e-01 -1.108429797503973080e-01 -8.783775302427387910e-02 -6.530916705021495849e-02 -4.324078450439058224e-02 -2.152546407361324507e-02
-3.971894350319326444e-02 -7.797386830697840276e-02 -1.133224240522791859e-01 -1.443924751778342952e-01 -1.699727883867763745e-01 -1.891392363655367281e-01 -2.013822823248615779e-01 -2.066859052336271207e-01 -2.055176766305827907e-01 -1.987263475879909036e-01 -1.873815777932077709e-01 -1.726070202695901279e-01 -1.554469500412226646e-01 -1.367835506456722139e-01 -1.173018462027389242e-01 -9.748982206427120323e-02 -7.765945838152943370e-02 -5.797761469882910246e-02 -3.849917659610022080e-02 -1.919883862688746834e-02
-3.208620685809203399e-02 -6.299247124697310296e-02 -9.157413349914952927e-02 -1.167698528402033586e-01 -1.376681912214420267e-01 -1.535868044554895839e-01 -1.641450555953798962e-01 -1.693048228544197786e-01 -1.693604637392197021e-01 -1.648763768204155322e-01 -1.565893665943953461e-01 -1.453022930946631652e-01 -1.317922143481976005e-01 -1.167459368817588689e-01 -1.007249450125754647e-01 -8.415493332688210593e-02 -6.733259077300751683e-02 -5.044260125439518211e-02 -3.357945633027092924e-02 -1.677070454662301160e-02
-2.563339015933049567e-02 -5.033563719128993086e-02 -7.321175282314183741e-02 -9.344455160627306023e-02 -1.103432401222317061e-01 -1.233946669741271956e-01 -1.323062476598518000e-01 -1.370278189765970767e-01 -1.377429234980105943e-01 -1.348292505760549098e-01 -1.287971314961419145e-01 -1.202204711315344177e-01 -1.096735802410907928e-01 -9.768297979685132415e-02 -8.469700723747226878e-02 -7.107230683663987025e-02 -5.707330590100521267e-02 -4.288070686308694673e-02 -2.860530389937682161e-02 -1.430452419093490753e-02
-2.011172237895403683e-02 -3.950491765159331453e-02 -5.749269624178707933e-02 -7.345331983733890957e-02 -8.686550038663520823e-02 -9.734229326440706209e-02 -1.046573939088622229e-01 -1.087572378566423192e-01 -1.097541266592607506e-01 -1.079005023519421513e-01 -1.035493629915788805e-01 -9.710877970459158570e-02 -8.899861703536851576e-02 -7.961533464328469922e-02 -6.930775685747714299e-02 -5.836394229235441350e-02 -4.700757431903278966e-02 -3.540157640621876406e-02 -2.365652166877229776e-02 -1.184207819053308131e-02
-1.530858418530170635e-02 -3.007962343654528581e-02 -4.380078024085434785e-02 -5.601049158142144824e-02 -6.632312502402534782e-02 -7.445155441250682349e-02 -8.022373454179297647e-02 -8.358956767489682249e-02 -8.461578296787194975e-02 -8.346919262142936391e-02 -8.039094234097148017e-02 -7.566659011010949676e-02 -6.959670953532845483e-02 -6.247195626969463678e-02 -5.455471273534635845e-02 -4.606807901701219510e-02 -3.719143702186209627e-02 -2.806145845357641000e-02 -1.877711515164406930e-02 -9.407281458977699573e-03
-1.104300372265193050e-02 -2.170419571538911158e-02 -3.162029209289208415e-02 -4.046472466385446498e-02 -4.796490706058824383e-02 -5.391703051382885914e-02 -5.819640148120159423e-02 -6.076145342617123024e-02 -6.165020708506867980e-02 -6.096948652777191280e-02 -5.887856175898394107e-02 -5.556987254107902813e-02 -5.124965597084926022e-02 -4.612103550189176893e-02 -4.037104375741962237e-02 -3.416220080036105194e-02 -2.762858562475865171e-02 -2.087569602395668647e-02 -1.398321923350595922e-02 -7.009935528703340780e-03
-7.159208257217781167e-03 -1.407386893029962879e-02 -2.051146077083032884e-02 -2.626318318713216290e-02 -3.115472346768239850e-02 -3.505521318875288311e-02 -3.788334562118987614e-02 -3.960961149019918276e-02 -4.025405389487743402e-02 -3.987992626525331541e-02 -3.858391674367849661e-02 -3.648464758797417828e-02 -3.371097864530317456e-02 -3.039147919139846901e-02 -2.664618604243456160e-02 -2.258103781607791183e-02 -1.828497338382227208e-02 -1.382950714891479152e-02 -9.270134251523410793e-03 -4.649252438728892177e-03
-3.519945167501160963e-03 -6.920569356693887647e-03 -1.008846665770288253e-02 -1.292180886011079846e-02 -1.533556790363594692e-02 -1.726573747093775729e-02 -1.867216719174229558e-02 -1.953956248104297272e-02 -1.987646210353867168e-02 -1.971222335482777921e-02 -1.909248875117678171e-02 -1.807381784514356868e-02 -1.671812504835861954e-02 -1.508769392549611128e-02 -1.324116380516807828e-02 -1.123074041598682085e-02 -9.100736309242796196e-03 -6.887207641294433580e-03 -4.618573986645763303e-03 -2.316950840992096621e-03
