-2.539723158468438352e-02 -5.082661338250935718e-02 -7.618986046868378437e-02 -1.011256942260540942e-01 -1.248885341914162950e-01 -1.462836754435892506e-01 -1.637412426723160452e-01 -1.756089287216995865e-01 -1.806395514188092466e-01 -1.784661272779881902e-01 -1.697732021393215107e-01 -1.560451626150148874e-01 -1.390649341970351949e-01 -1.204552564138733767e-01 -1.014315777085029041e-01 -8.275771508762518047e-02 -6.481473582241289999e-02 -4.770371755535215974e-02 -3.134009490673337478e-02 -1.552581842555878465e-02
-5.076230678344131886e-02 -1.017192780312191208e-01 -1.528065647827312745e-01 -2.034218148916718261e-01 -2.521360525683282727e-01 -2.964825633376680925e-01 -3.330289588822452629e-01 -3.579910115031229578e-01 -3.684118247995993856e-01 -3.633914125584793986e-01 -3.445428215204990874e-01 -3.153237218499019834e-01 -2.797523963404222602e-01 -2.413225904564983149e-01 -2.025129428476970250e-01 -1.647844766984447595e-01 -1.287974961687578801e-01 -9.466003481481097270e-02 -6.213083672664954787e-02 -3.076318797423107862e-02
-7.593265704957997964e-02 -1.524809046204518015e-01 -2.298910089415018843e-01 -3.075996900132705880e-01 -3.836861996615132386e-01 -4.543147915652382962e-01 -5.135770634278624680e-01 -5.544373045124988408e-01 -5.710928719477318394e-01 -5.616943322396339422e-01 -5.293939935899395488e-01 -4.808140157090833866e-01 -4.232465910314391899e-01 -3.625553130271952362e-01 -3.025100807284664128e-01 -2.450692701759386583e-01 -1.909306817305469195e-01 -1.400080821829824962e-01 -9.176003896597460796e-02 -4.539608776213795160e-02
-1.004868956986842143e-01 -2.023765618468348626e-01 -3.066524722620945220e-01 -4.132908050551177825e-01 -5.203260257216193452e-01 -6.225697150066231700e-01 -7.106942446097220811e-01 -7.723892646025130038e-01 -7.968153710768769438e-01 -7.803499206525673637e-01 -7.288897722799746459e-01 -6.544967800903472854e-01 -5.695716490998533610e-01 -4.830601469912150225e-01 -3.998854805414033264e-01 -3.220490583886391756e-01 -2.498475607660229358e-01 -1.826815580197445055e-01 -1.195051487397362083e-01 -5.906113502684470079e-02
-1.236360744270015438e-01 -2.498681737557246485e-01 -3.809467590756767663e-01 -5.181178211468816519e-01 -6.601780215689333486e-01 -8.008966981860902168e-01 -9.263795937454185614e-01 -1.016034417947118351e+00 -1.050508484479790505e+00 -1.023067249798573997e+00 -9.443058201122568329e-01 -8.353020024481484507e-01 -7.162263666362385095e-01 -5.998770261517057945e-01 -4.918483036933384844e-01 -3.933820166732932555e-01 -3.037275189532719355e-01 -2.213653341857390877e-01 -1.445178792657074440e-01 -7.134331505732982581e-02
-1.441817827690119458e-01 -2.924554064014548427e-01 -4.488079406887871547e-01 -6.165366766516733321e-01 -7.962367140445336666e-01 -9.813016559300986597e-01 -1.152334396308189124e+00 -1.277225741004324178e+00 -1.324108706114677014e+00 -1.281559864021578399e+00 -1.167165197860422055e+00 -1.015093589198871049e+00 -8.560689236733601826e-01 -7.072317174818414376e-01 -5.740069340371561912e-01 -4.558644131779593933e-01 -3.503104844803127116e-01 -2.545339761055961381e-01 -1.658577087997298027e-01 -8.179425900256674653e-02
-1.606172583764580719e-01 -3.268210179406104698e-01 -5.044533815848220026e-01 -6.992405175899426562e-01 -9.142754745581841425e-01 -1.143310798000297668e+00 -1.361440339038154201e+00 -1.523673434774458713e+00 -1.583609888737426363e+00 -1.524296497780409210e+00 -1.371512311055685274e+00 -1.174517683417417135e+00 -9.756542082990919962e-01 -7.961604700392121980e-01 -6.404874445540469363e-01 -5.056625814066343372e-01 -3.871044304956076654e-01 -2.806013351367042663e-01 -1.825846620330623393e-01 -8.997600697175220374e-02
-1.714318673634094570e-01 -3.494913877675943081e-01 -5.413756013244355181e-01 -7.547023806330590556e-01 -9.946711991607939396e-01 -1.255642420375444379e+00 -1.508761798587373582e+00 -1.699134842071647888e+00 -1.768940519101376063e+00 -1.696842818230378303e+00 -1.515094953871549688e+00 -1.284769276944164540e+00 -1.057056879623466727e+00 -8.560121952084818187e-01 -6.850065358416891348e-01 -5.390153537116529892e-01 -4.118216024913333162e-01 -2.981802949689872917e-01 -1.939034634126739209e-01 -9.552509290300689737e-02
-1.755701648559370720e-01 -3.579594688279750248e-01 -5.546339960898580834e-01 -7.736169405345817429e-01 -1.020581386887906117e+00 -1.290026858729841353e+00 -1.552168055723099904e+00 -1.749757681545174526e+00 -1.822249633649396960e+00 -1.747259932097580126e+00 -1.558588362473526390e+00 -1.320122051396766638e+00 -1.085148748813667519e+00 -8.783807834957267913e-01 -7.029345139171045975e-01 -5.533175925119799832e-01 -4.229555591247479152e-01 -3.063919457440487104e-01 -1.993236011471191393e-01 -9.822088440712077595e-02
-1.728370915668957786e-01 -3.517369739585685107e-01 -5.431993137492653334e-01 -7.539161537034414495e-01 -9.880644317049724901e-01 -1.239605232697504444e+00 -1.481204859407930119e+00 -1.662020374761630448e+00 -1.728965774565587976e+00 -1.662530048390303161e+00 -1.492273592287407080e+00 -1.274379014090901929e+00 -1.056432330719209611e+00 -8.614359676118088505e-01 -6.933405320717254128e-01 -5.480932483622549256e-01 -4.202580757386331078e-01 -3.051053087899083249e-01 -1.987779083141336667e-01 -9.803482804387668448e-02
-1.639987192745080147e-01 -3.326221396427161969e-01 -5.105694939902273299e-01 -7.021299993942017315e-01 -9.089016819336008801e-01 -1.124164503096471979e+00 -1.325418110774202685e+00 -1.473748698746539576e+00 -1.529742304819722731e+00 -1.479121571692619597e+00 -1.343710588034358278e+00 -1.165534166441763109e+00 -9.814882357211131003e-01 -8.110865106230500388e-01 -6.595209468959836174e-01 -5.252356808690830103e-01 -4.048513321747350679e-01 -2.949908552814866081e-01 -1.926477258424915129e-01 -9.514051153037202113e-02
-1.505094370335405829e-01 -3.039798885849843146e-01 -4.631293458746066349e-01 -6.297940426156706240e-01 -8.032012627903684088e-01 -9.764895143296258295e-01 -1.132728047118283454e+00 -1.245546427336197803e+00 -1.289494567637090583e+00 -1.255580166421710775e+00 -1.157785235318080419e+00 -1.023598779785839463e+00 -8.785399981967852989e-01 -7.378887290678083355e-01 -6.075713311125859883e-01 -4.883408389707735164e-01 -3.789041733461411821e-01 -2.773575864060978668e-01 -1.816815556421867428e-01 -8.987949000409256595e-02
-1.340468639373447735e-01 -2.695634797988455955e-01 -4.076140980406673386e-01 -5.482189702943435217e-01 -6.891804728010282322e-01 -8.242387306500267297e-01 -9.414513328526421532e-01 -1.024360146524305737e+00 -1.058066942587359227e+00 -1.037499610945547657e+00 -9.707800902060400583e-01 -8.743162731622856620e-01 -7.644689195435636631e-01 -6.524808166896415296e-01 -5.441374702204043734e-01 -4.415884145363950242e-01 -3.450592391101078293e-01 -2.538530800479323890e-01 -1.668413836518927718e-01 -8.269589613975109055e-02
-1.161102021461016404e-01 -2.325793313043373611e-01 -3.493461547706495640e-01 -4.654022530730712037e-01 -5.780712168610566692e-01 -6.821674572023140870e-01 -7.695871147308771532e-01 -8.304487582228451403e-01 -8.564381085861487719e-01 -8.448616652551612649e-01 -8.002357821429335605e-01 -7.319585991698737137e-01 -6.501580663531854043e-01 -5.627630622492437729e-01 -4.747684984952313392e-01 -3.887935608393118803e-01 -3.058885791033836288e-01 -2.261538898810571130e-01 -1.491349972855126882e-01 -7.406271415602763697e-02
-9.781345897245175003e-02 -1.952884242321840935e-01 -2.917356116712700453e-01 -3.857348431787024357e-01 -4.747307511913380074e-01 -5.547126951101271075e-01 -6.202792773877313648e-01 -6.655173145566485315e-01 -6.857979482946310323e-01 -6.797079856622658678e-01 -6.497732001651115308e-01 -6.013886840616549101e-01 -5.408020268387810914e-01 -4.734661783384776501e-01 -4.033420889578728241e-01 -3.329227012313660250e-01 -2.635469115573899623e-01 -1.957388462569963627e-01 -1.294820050582865811e-01 -6.441996520181957064e-02
-7.985499646911403682e-02 -1.590234773642424382e-01 -2.365621909871762907e-01 -3.110223329292076677e-01 -3.802405115691333548e-01 -4.412536870682626788e-01 -4.904848611262611624e-01 -5.243430032044290590e-01 -5.401886049397125467e-01 -5.372654851932867626e-01 -5.170332425443152635e-01 -4.826674094403725079e-01 -4.380649241538198679e-01 -3.869212008268422265e-01 -3.322033248442965991e-01 -2.760070400264355572e-01 -2.196374021171782487e-01 -1.637725824147767129e-01 -1.086342185980775782e-01 -5.413514677625763660e-02
-6.258305301780910102e-02 -1.243880282964320017e-01 -1.844657203330034856e-01 -2.415443376337695069e-01 -2.939300173623297652e-01 -3.395119232701684919e-01 -3.759376570182226263e-01 -4.009959203287843943e-01 -4.131411332550963267e-01 -4.119570696161150014e-01 -3.983146401703812067e-01 -3.741282292292299472e-01 -3.418490141401879789e-01 -3.039448052926022048e-01 -2.625418276372056825e-01 -2.192645743450948592e-01 -1.752230636701931910e-01 -1.310798738965519017e-01 -8.714716602999236783e-02 -4.348640885147536661e-02
-4.608919339488219691e-02 -9.147988327435414846e-02 -1.353681576821826327e-01 -1.767584261747495167e-01 -2.144203772338803271e-01 -2.469187895412116585e-01 -2.727432450764485927e-01 -2.905402460610985171e-01 -2.993987701107890254e-01 -2.990865468589647413e-01 -2.901269125828003781e-01 -2.736755196771148979e-01 -2.512557986270371746e-01 -2.244665899052623037e-01 -1.947545034072527270e-01 -1.632863658600570977e-01 -1.309104259874840637e-01 -9.817671532670603496e-02 -6.538819607825591129e-02 -3.266335676768406665e-02
-3.029385785156234190e-02 -6.007417345494760891e-02 -8.876859006930919171e-02 -1.157007682583151703e-01 -1.400740278365150415e-01 -1.609989591782488849e-01 -1.775750424597521970e-01 -1.890211382882359403e-01 -1.948250535908412073e-01 -1.948616391356751132e-01 -1.894298011083627720e-01 -1.791906056134984770e-01 -1.650319168621358634e-01 -1.479112167866613314e-01 -1.287232371342528492e-01 -1.082159641339837247e-01 -8.695556369000727315e-02 -6.532838320734066229e-02 -4.356558008646033153e-02 -2.177883691907239738e-02
-1.501205808469369130e-02 -2.975436893789611473e-02 -4.393124616801767635e-02 -5.720200344723205127e-02 -6.917599553416164948e-02 -7.942793471591372279e-02 -8.753676648230561408e-02 -9.314411509250722365e-02 -9.601855274340971580e-02 -9.610504843395885344e-02 -9.354000341782042760e-02 -8.862516216518577516e-02 -8.177005138062884426e-02 -7.342313218518900508e-02 -6.401126388863535854e-02 -5.389868227700964076e-02 -4.336748843531837427e-02 -3.261569801827804427e-02 -2.176692552025605298e-02 -1.088643777134942758e-02
