-4.799271318308782897e-03 -9.638523355807180129e-03 -1.455270714713624049e-02 -1.956623008102655395e-02 -2.468665713808361473e-02 -2.989724084215771363e-02 -3.514827941389498528e-02 -4.034752184703949834e-02 -4.535062320441052286e-02 -4.995339186174672930e-02 -5.388872976121279745e-02 -5.683225010593349197e-02 -5.842067744963529846e-02 -5.828618895732325805e-02 -5.610584542444980310e-02 -5.165976442456839124e-02 -4.488568358786239332e-02 -3.591525693642756700e-02 -2.508156921410767404e-02 -1.289588076604400273e-02
-9.558558725183121871e-03 -1.920213036352970762e-02 -2.900608492810482011e-02 -3.902556752109023752e-02 -4.928315466636735281e-02 -5.975402831079414806e-02 -7.034834783215690446e-02 -8.089118665764206961e-02 -9.110160187964137790e-02 -1.005742341244153099e-01 -1.087693158634350232e-01 -1.150195974628215878e-01 -1.185642785926418197e-01 -1.186182307971311994e-01 -1.144774139845117222e-01 -1.056475317199075670e-01 -9.196770588795218082e-02 -7.369377112601802060e-02 -5.151513269095549241e-02 -2.650194061998912762e-02
-1.423283445687958254e-02 -2.860536349269250309e-02 -4.324394862947184698e-02 -5.824681636396450424e-02 -7.366638727549895682e-02 -8.948738836915043349e-02 -1.055999085891023564e-01 -1.217672858966444421e-01 -1.375903855947279986e-01 -1.524726730112096473e-01 -1.655947449627324930e-01 -1.759125905647587751e-01 -1.821986163161900540e-01 -1.831450305996510652e-01 -1.775380246913238480e-01 -1.644852205508804399e-01 -1.436438352594132106e-01 -1.153769702536372871e-01 -8.078326193622396845e-02 -4.159673253625388589e-02
-1.876742150726553454e-02 -3.774255072102791764e-02 -5.711754314281109607e-02 -7.705139301115693229e-02 -9.764822491580792130e-02 -1.189292546635951076e-01 -1.407966349199466505e-01 -1.629876840606267752e-01 -1.850200177511626132e-01 -2.061313662463248875e-01 -2.252244602877975233e-01 -2.408374175234815340e-01 -2.511725220180180407e-01 -2.542250953394899482e-01 -2.480441737004931424e-01 -2.311111521091486209e-01 -2.027451295899021511e-01 -1.633867537780513413e-01 -1.146440699645306788e-01 -5.910165625220172025e-02
-2.309429743744263047e-02 -4.647987949479939068e-02 -7.043229014883176098e-02 -9.519303769806383708e-02 -1.209459058830115313e-01 -1.477848291130993696e-01 -1.756697297175527639e-01 -2.043668384213664646e-01 -2.333706783384905115e-01 -2.618083459848382089e-01 -2.883342855049679798e-01 -3.110398063526676471e-01 -3.274279986187825231e-01 -3.345364438678062879e-01 -3.292986420715463547e-01 -3.091652033403045619e-01 -2.728339796060769706e-01 -2.207772822567982685e-01 -1.553025801525690919e-01 -8.016495274107095226e-02
-2.712988440801084034e-02 -5.465036884980500193e-02 -8.293871593510936113e-02 -1.123425886758344094e-01 -1.431575913877022599e-01 -1.755944784553204185e-01 -2.097306775838114479e-01 -2.454392841214845244e-01 -2.822875176650614937e-01 -3.193969318314706651e-01 -3.552637086865336746e-01 -3.875561463656268524e-01 -4.129530708631249381e-01 -4.271710960539798485e-01 -4.254095944623297321e-01 -4.033663364135549600e-01 -3.585986147558418713e-01 -2.915488509224373193e-01 -2.056031705469230086e-01 -1.062466657334908554e-01
-3.077487107098362054e-02 -6.205301151064314402e-02 -9.432963794179191619e-02 -1.280810419164354064e-01 -1.637474423347957675e-01 -2.017048871375709818e-01 -2.422192678709031155e-01 -2.853721398163532319e-01 -3.309430273616771334e-01 -3.782269034102078153e-01 -4.257607154293873153e-01 -4.709413527436601687e-01 -5.095777642065721924e-01 -5.356067048575520184e-01 -5.414975342092903654e-01 -5.198976228719029979e-01 -4.662585771147776392e-01 -3.809288352799481969e-01 -2.691525387344065878e-01 -1.391493044848689797e-01
-3.391660325281258687e-02 -6.845718442284245975e-02 -1.042458074540997259e-01 -1.419045337880152358e-01 -1.820462944540565675e-01 -2.252584087015664649e-01 -2.720694172296780344e-01 -3.228869079198063985e-01 -3.778844847386820804e-01 -4.367992315944622117e-01 -4.985708232051158095e-01 -5.607134686033212745e-01 -6.183425897081953337e-01 -6.631281251569000057e-01 -6.832802864079318139e-01 -6.661445769209978218e-01 -6.033305708996787864e-01 -4.950613475705972211e-01 -3.499741503886896199e-01 -1.807901646301246779e-01
-3.643438383812428599e-02 -7.361335698980002451e-02 -1.122919168049175132e-01 -1.532450297485232760e-01 -1.972748563780919728e-01 -2.452130977151902591e-01 -2.979131073833612975e-01 -3.562211126645341563e-01 -4.209037507175193982e-01 -4.924801000734683742e-01 -5.708305587607476195e-01 -6.542963367095668836e-01 -7.378635200125240878e-01 -8.105830919018678360e-01 -8.543298295315736590e-01 -8.476926881572004469e-01 -7.756808062160058803e-01 -6.384459979922586514e-01 -4.506288056493283345e-01 -2.322157236173054695e-01
-3.820761844390594547e-02 -7.726998637766324673e-02 -1.180635206056132452e-01 -1.615088413662179034e-01 -2.085950425458154289e-01 -2.604060610787874430e-01 -3.181487302791551897e-01 -3.831788523683526404e-01 -4.570121636273279386e-01 -5.412694297810419775e-01 -6.373677044297114680e-01 -7.453982090533869398e-01 -8.611646040317817441e-01 -9.710991659318811697e-01 -1.048607265122343923e+00 -1.059482957436959971e+00 -9.787990584145150885e-01 -8.067983310323075807e-01 -5.674441294362372323e-01 -2.912771746249733229e-01
-3.912612763747896211e-02 -7.919550006338103854e-02 -1.211833743736377422e-01 -1.661318159533505256e-01 -2.151904429264969720e-01 -2.696674281539644391e-01 -3.310965624646747818e-01 -4.013285714770751800e-01 -4.826524667099225674e-01 -5.779162288824613025e-01 -6.904139175424887087e-01 -8.226570780706423669e-01 -9.721593046843406416e-01 -1.123205449264049083e+00 -1.239823324750572553e+00 -1.272667737658511600e+00 -1.184808224409059418e+00 -9.767660043223266308e-01 -6.840252861799843709e-01 -3.496224007334043926e-01
-3.910141756678053859e-02 -7.920253708727799380e-02 -1.213426898434697698e-01 -1.666446200547735124e-01 -2.163675345740247169e-01 -2.719766482656539863e-01 -3.352408138248478831e-01 -4.083769078611059200e-01 -4.942669152015668477e-01 -5.967424113533708052e-01 -7.206821493697513903e-01 -8.707755783453847709e-01 -1.046322655708213922e+00 -1.230294119288126709e+00 -1.379225518940508710e+00 -1.431142741082624514e+00 -1.338969921847303235e+00 -1.103540397795972572e+00 -7.701948402674911875e-01 -3.923972014896136562e-01
-3.807703226494355692e-02 -7.717057616402052400e-02 -1.183402492507041742e-01 -1.627364660721847545e-01 -2.116584592976368528e-01 -2.666308189099571013e-01 -3.295120169801395993e-01 -4.026573143572005908e-01 -4.891690231784731613e-01 -5.932390978738776299e-01 -7.203244306399043673e-01 -8.759183112072574939e-01 -1.060021037193263682e+00 -1.255259134622309869e+00 -1.415682937216163895e+00 -1.475014464606704934e+00 -1.382684860060394927e+00 -1.139620983764664697e+00 -7.945248324107659910e-01 -4.043637407058142674e-01
-3.603614753070286808e-02 -7.306251071111539985e-02 -1.121112855347883297e-01 -1.543025783375098214e-01 -2.008990700037210919e-01 -2.533761454248399381e-01 -3.135178855475334037e-01 -3.835556061772710246e-01 -4.663709566228230186e-01 -5.657532239864381252e-01 -6.864584730133359569e-01 -8.329634991774945707e-01 -1.004405800324871478e+00 -1.184056385046297288e+00 -1.329690475501968061e+00 -1.381343626042618844e+00 -1.293508746959348255e+00 -1.066879317059483023e+00 -7.450920440446308080e-01 -3.797696948604117329e-01
-3.300506068724526343e-02 -6.693206237261339897e-02 -1.027398414167888241e-01 -1.414635306180379859e-01 -1.842591500040193508e-01 -2.324568064796933009e-01 -2.876267246813780099e-01 -3.516629870216879117e-01 -4.268857761556982267e-01 -5.161246684777854865e-01 -6.225557318212046054e-01 -7.484709491910117585e-01 -8.912789812016971291e-01 -1.035869089742299964e+00 -1.148237606485679407e+00 -1.182074468738023798e+00 -1.102768233042358048e+00 -9.106063286637168241e-01 -6.384935152067985342e-01 -3.266035727430843805e-01
-2.905205570440645355e-02 -5.892085897345279710e-02 -9.045252753837618176e-02 -1.245525885832431540e-01 -1.622172332543405926e-01 -2.045652205710996041e-01 -2.528685535663471873e-01 -3.085753291002107934e-01 -3.733073252532508879e-01 -4.487773703163084882e-01 -5.364469855452794755e-01 -6.364212843689559529e-01 -7.446971718911370441e-01 -8.485952139399791649e-01 -9.236174153174877555e-01 -9.385025378999894974e-01 -8.704744612855871422e-01 -7.194925781033485457e-01 -5.069809183229513350e-01 -2.605149869981835398e-01
-2.428230556988917460e-02 -4.924681082293645012e-02 -7.559682642216140891e-02 -1.040771121665214627e-01 -1.354920042665376800e-01 -1.707183126755020541e-01 -2.107066060439020949e-01 -2.564583078942348493e-01 -3.089532445919445092e-01 -3.689741012536000286e-01 -4.367080886584177590e-01 -5.108767886563878591e-01 -5.870692312229230936e-01 -6.554717179041991137e-01 -6.998696511811485221e-01 -7.011712539667557254e-01 -6.459408438055511681e-01 -5.340076919258616162e-01 -3.779194601631909456e-01 -1.950173217941437442e-01
-1.883035758346707916e-02 -3.818726064068739962e-02 -5.861087698179866246e-02 -8.066703902580499297e-02 -1.049553918158259436e-01 -1.321094368591775592e-01 -1.627811433082484993e-01 -1.975965483070636353e-01 -2.370594022429083625e-01 -2.813630775612231405e-01 -3.300452051820313426e-01 -3.813914669903096799e-01 -4.315374369127126797e-01 -4.735337984620746066e-01 -4.973405415019629960e-01 -4.920681347220069446e-01 -4.503520744412727317e-01 -3.720419278196728796e-01 -2.640424558622410656e-01 -1.366667222265500747e-01
-1.285186704817291303e-02 -2.606100391759802459e-02 -3.999240090260221259e-02 -5.502480878122651548e-02 -7.155309111033081315e-02 -8.998292980100662530e-02 -1.107119615073888647e-01 -1.340869303803435830e-01 -1.603208832833611375e-01 -1.893471530565045413e-01 -2.205812927752959784e-01 -2.525699966044221423e-01 -2.825619297164445043e-01 -3.061983252977171777e-01 -3.177684652663262388e-01 -3.114882920559534085e-01 -2.835897737042907818e-01 -2.339908279275846603e-01 -1.662873706415352593e-01 -8.621683544839869873e-02
-6.516086961219101636e-03 -1.321249951207762938e-02 -2.027290703958547352e-02 -2.788674263999597544e-02 -3.624926984482812475e-02 -4.555726283325828990e-02 -5.599686777490392453e-02 -6.771826192725466376e-02 -8.078925620036525590e-02 -9.511777389016191908e-02 -1.103338122160544138e-01 -1.256315187435468606e-01 -1.396039913190905424e-01 -1.501681717752370304e-01 -1.547480302179655154e-01 -1.508466598074864606e-01 -1.368801597324180441e-01 -1.128192480297201261e-01 -8.020899214188689785e-02 -4.161831737729240061e-02
