-5.710291233265284844e-02 -1.219737059590443595e-01 -2.014030417372281168e-01 -2.969357175781095481e-01 -3.976337394174295770e-01 -4.773139758932751775e-01 -5.063703720753977011e-01 -4.735514437099730412e-01 -3.956984862740935416e-01 -3.039833073685830889e-01 -2.227271414478145251e-01 -1.609106135999875120e-01 -1.169439843261364936e-01 -8.597222772748863706e-02 -6.368071953792017736e-02 -4.708526415277279609e-02 -3.424680635345846852e-02 -2.388909845714352539e-02 -1.513473403091432183e-02 -7.341789041125192268e-03
-1.049733011621856449e-01 -2.228489234921061657e-01 -3.645657121680937474e-01 -5.319043403933195746e-01 -7.058008926002133920e-01 -8.423459154223873480e-01 -8.925330543101134273e-01 -8.378607175897982984e-01 -7.061702506528061418e-01 -5.492630366089231719e-01 -4.082085516517188761e-01 -2.989895100632704583e-01 -2.198364997607312465e-01 -1.630943234380339835e-01 -1.216446711749355619e-01 -9.041159569737260149e-02 -6.601270702147632452e-02 -4.617484861316282357e-02 -2.930803668755841904e-02 -1.423241315011920111e-02
-1.377776302024850685e-01 -2.902212934067313066e-01 -4.694027969347669971e-01 -6.763999558186862826e-01 -8.880974313380097795e-01 -1.053069613500148050e+00 -1.114558081666568112e+00 -1.051270945431892256e+00 -8.954714708270568035e-01 -7.074168100753795985e-01 -5.355490014272212829e-01 -3.996425771675756744e-01 -2.987572236253847047e-01 -2.246729151588373885e-01 -1.693614432053463792e-01 -1.269008990808313808e-01 -9.321735803911448959e-02 -6.548954242915344670e-02 -4.169014634157560545e-02 -2.027984430533648352e-02
-1.534927528012414999e-01 -3.200357730112978749e-01 -5.097996132381170664e-01 -7.222196640964331227e-01 -9.343285648416758127e-01 -1.097757650352606307e+00 -1.160111767143580108e+00 -1.101951526044679719e+00 -9.530903455321284579e-01 -7.695656008812296056e-01 -5.974687974673574820e-01 -4.570324259926867860e-01 -3.491288289164846681e-01 -2.671976113875477177e-01 -2.041930293179881617e-01 -1.546100260615643207e-01 -1.144660214483883554e-01 -8.087577382037999807e-02 -5.168314637798172156e-02 -2.519683021637611139e-02
-1.541004868864795374e-01 -3.174439599732263306e-01 -4.964484682511687286e-01 -6.885718318588508469e-01 -8.740630010720433773e-01 -1.014717582490268777e+00 -1.070442262372733211e+00 -1.026650501493307388e+00 -9.062013172081955226e-01 -7.525264612114910268e-01 -6.027192974544471893e-01 -4.748924762598832339e-01 -3.720440506838262884e-01 -2.905570856695874893e-01 -2.255739399119294220e-01 -1.728774612823493761e-01 -1.291607039916798649e-01 -9.186436314934025293e-02 -5.896982546813712284e-02 -2.882434263240833683e-02
-1.441414122350567761e-01 -2.932799667667581600e-01 -4.499700140260275427e-01 -6.102162113675793087e-01 -7.587733049102659555e-01 -8.693658098864888162e-01 -9.157144552139544480e-01 -8.885652040645082295e-01 -8.029769637676610339e-01 -6.880140296934549315e-01 -5.698954673142244687e-01 -4.632713000368388623e-01 -3.726427819428176358e-01 -2.972591852964240888e-01 -2.346494500723095566e-01 -1.821634008644117952e-01 -1.374347870170584962e-01 -9.845111189607666513e-02 -6.350744134993306644e-02 -3.113070881463939413e-02
-1.285393755755746825e-01 -2.586808614178747190e-01 -3.901747377038108366e-01 -5.185047039254514489e-01 -6.327334832192963443e-01 -7.164295209422604227e-01 -7.542005874928994213e-01 -7.408955040611843179e-01 -6.854370290878207816e-01 -6.053852208635934762e-01 -5.177261118377045612e-01 -4.334578379386070379e-01 -3.575306460431524891e-01 -2.911125071733918213e-01 -2.335920996930470339e-01 -1.836910153752238928e-01 -1.399638018000547435e-01 -1.009978100018293773e-01 -6.547811228616932933e-02 -3.219106111697284112e-02
-1.110964062446824080e-01 -2.216630197261999224e-01 -3.299339130751741123e-01 -4.316328360735828262e-01 -5.192118691999911828e-01 -5.828563038750186331e-01 -6.140741351721509256e-01 -6.102243708546558620e-01 -5.763339263404992918e-01 -5.224973463502321502e-01 -4.592625488258947897e-01 -3.944909202815523597e-01 -3.327371001581010956e-01 -2.760403380650239824e-01 -2.249119895255309032e-01 -1.790443878753605611e-01 -1.377315075520809118e-01 -1.000981729577407331e-01 -6.521613575467140322e-02 -3.215544062319788954e-02
-9.411627713267670114e-02 -1.866419521701369044e-01 -2.752532205967591072e-01 -3.562846026131973320e-01 -4.245749163748941957e-01 -4.742637252436436857e-01 -5.006927725881689106e-01 -5.025423993456137328e-01 -4.826478530890826457e-01 -4.468025126791180801e-01 -4.015218604100369015e-01 -3.522784248602733870e-01 -3.028381342043968139e-01 -2.553919659043089041e-01 -2.109701216983463079e-01 -1.698428911865825786e-01 -1.318196071907785094e-01 -9.644720461461982197e-02 -6.313280530134138258e-02 -3.121458101659957060e-02
-7.871250060691684092e-02 -1.554717458026632915e-01 -2.279373620665668676e-01 -2.931256862826795984e-01 -3.474663105099802252e-01 -3.873485792645677273e-01 -4.101222608895797039e-01 -4.151060950692930795e-01 -4.039500913077512800e-01 -3.800743416718220802e-01 -3.475709352358670734e-01 -3.102143160894613172e-01 -2.709347224556403200e-01 -2.317175701733157622e-01 -1.937333888862550479e-01 -1.575373769721277739e-01 -1.232567736718382378e-01 -9.073820822901346173e-02 -5.965330835299383072e-02 -2.957007316568206409e-02
-6.525967737528960699e-02 -1.285849200919172153e-01 -1.878641183888651867e-01 -2.407255417836031142e-01 -2.846431094471155165e-01 -3.172870700124257315e-01 -3.370566356383203344e-01 -3.435681944824123812e-01 -3.378169654620672424e-01 -3.218982789634496355e-01 -2.984452873482012492e-01 -2.700653131341287372e-01 -2.389671403556821727e-01 -2.068098872544332500e-01 -1.747083960078191500e-01 -1.433164004730150543e-01 -1.129318399069334511e-01 -8.359551774531097379e-02 -5.517211379154791234e-02 -2.741240205688201190e-02
-5.374100632528328730e-02 -1.057428577134314901e-01 -1.542043922331028383e-01 -1.972583451779160446e-01 -2.330723645551626144e-01 -2.600687762795955704e-01 -2.772141807563281435e-01 -2.842635445054476073e-01 -2.818322887568757151e-01 -2.712472130465712339e-01 -2.542431248230887508e-01 -2.326334732516518455e-01 -2.080583816008265419e-01 -1.818463215435380531e-01 -1.549738437675566849e-01 -1.280879348663134243e-01 -1.015586152524333152e-01 -7.553986453094328757e-02 -5.002720470804588454e-02 -2.490739772757424864e-02
-4.396146305933899823e-02 -8.644099379510901404e-02 -1.259518257843394440e-01 -1.610300445487078957e-01 -1.903172329421005393e-01 -2.126985616062397888e-01 -2.274644784258609553e-01 -2.344367281479928233e-01 -2.339995933247117910e-01 -2.270142304891110130e-01 -2.146461111701137014e-01 -1.981669090335535788e-01 -1.787864776872259420e-01 -1.575430900699407999e-01 -1.352526406334702835e-01 -1.125028210748972579e-01 -8.967477790969759222e-02 -6.697807975294815808e-02 -4.448939568467639993e-02 -2.218996672121533245e-02
-3.566385216893853960e-02 -7.010779775814776626e-02 -1.021318201683757421e-01 -1.305926564847344762e-01 -1.544677704756918790e-01 -1.729435141391813813e-01 -1.855081645937987078e-01 -1.920190249197588350e-01 -1.927149313132428265e-01 -1.881638557120696997e-01 -1.791600955469127565e-01 -1.666014902046381585e-01 -1.513774615071337426e-01 -1.342868465199060224e-01 -1.159907620882291990e-01 -9.699587693757312501e-02 -7.765956523791217592e-02 -5.820825767147731755e-02 -3.876229662807318538e-02 -1.936305921361126253e-02
-2.858613355639778170e-02 -5.619449771327355431e-02 -8.187496447434064462e-02 -1.047409368327477247e-01 -1.240176222907862918e-01 -1.390994997425600843e-01 -1.496055698115977550e-01 -1.554161934182993754e-01 -1.566771400874421294e-01 -1.537660910862854724e-01 -1.472288598354134226e-01 -1.377014427866978530e-01 -1.258349662048812712e-01 -1.122360146881562215e-01 -9.742762203491731055e-02 -8.183031893334605233e-02 -6.575932800506306686e-02 -4.943306786422142080e-02 -3.298846030010146868e-02 -1.649995218626552906e-02
-2.248616914783927584e-02 -4.420906912161361169e-02 -6.443256090908117129e-02 -8.247844542672930213e-02 -9.776223108474293988e-02 -1.098312238635222038e-01 -1.183983570579403288e-01 -1.233629650417253643e-01 -1.248112929891691952e-01 -1.229944452230202212e-01 -1.182877756776935518e-01 -1.111404224030417831e-01 -1.020248936706148607e-01 -9.139456460530989701e-02 -7.965334461569754942e-02 -6.713840511481268536e-02 -5.411435741365296787e-02 -4.077620408362041260e-02 -2.725850453158399841e-02 -1.364827578249249752e-02
-1.714947976177468719e-02 -3.372303161236654689e-02 -4.916773599831415070e-02 -6.297803693415063298e-02 -7.472160154098654583e-02 -8.406478137451194044e-02 -9.079362457886977489e-02 -9.482595609055312347e-02 -9.621055587199976722e-02 -9.511256556147279495e-02 -9.178731495356326486e-02 -8.654752472565667432e-02 -7.972957696127952465e-02 -7.166393716507730993e-02 -6.265271864621917153e-02 -5.295557661473204031e-02 -4.278344988464206217e-02 -3.229886264133250556e-02 -2.162106803750254644e-02 -1.083462564452877114e-02
-1.238870414998667971e-02 -2.436583582855429697e-02 -3.553729519577474710e-02 -4.554431953456004878e-02 -5.408134985451314158e-02 -6.091264167393872081e-02 -6.588537726621968016e-02 -6.893664003392634132e-02 -7.009236518393760496e-02 -6.945789997108610392e-02 -6.720137276278617677e-02 -6.353274014229548516e-02 -5.868190009799034018e-02 -5.287883410592585098e-02 -4.633796754002959817e-02 -3.924768536298465366e-02 -3.176498750926583930e-02 -2.401469481191694649e-02 -1.609225573683178284e-02 -8.069139002590588680e-03
-8.039511557939254746e-03 -1.581430649441481484e-02 -2.307129595174653783e-02 -2.958060087303063593e-02 -3.514680494605665340e-02 -3.961903854087522187e-02 -4.289859003748082433e-02 -4.494281565099145226e-02 -4.576432698238205171e-02 -4.542526753667897044e-02 -4.402748482740930641e-02 -4.170012497088804171e-02 -3.858640160203465064e-02 -3.483148282427701858e-02 -3.057260362070734691e-02 -2.593219286966008674e-02 -2.101410050639871199e-02 -1.590266447595567456e-02 -1.066410073098336339e-02 -5.349651044567175877e-03
-3.955017296303211909e-03 -7.780572025189932961e-03 -1.135295623285916336e-02 -1.455994666717700531e-02 -1.730621512414677945e-02 -1.951809288593100294e-02 -2.114709833886874168e-02 -2.217169426346980374e-02 -2.259683733664121300e-02 -2.245132013224159298e-02 -2.178316755945551922e-02 -2.065384439083946255e-02 -1.913208603283247239e-02 -1.728808623282115237e-02 -1.518876430499749644e-02 -1.289437638341121677e-02 -1.045655510007670146e-02 -7.917757246759995343e-03 -5.311807764566060623e-03 -2.665364939714076446e-03
