-1.775845306420215444e-02 -3.616850196880666557e-02 -5.588441412675521081e-02 -7.755049776783662363e-02 -1.017516235605922525e-01 -1.288916092993734053e-01 -1.589453571826966727e-01 -1.910298792012145308e-01 -2.228400672531832827e-01 -2.503062587507638437e-01 -2.681822888731714705e-01 -2.719608995974590604e-01 -2.601878160868185685e-01 -2.352854411246910193e-01 -2.021105344474702081e-01 -1.655670801742697429e-01 -1.290518538270024329e-01 -9.421135107317091251e-02 -6.140674208854619148e-02 -3.025396084367077895e-02
-3.486531786879625699e-02 -7.103116294500745609e-02 -1.098186013971881453e-01 -1.525652438583471326e-01 -2.005588835543621329e-01 -2.548373954205581104e-01 -3.157186889656595219e-01 -3.818624357350764442e-01 -4.488302621129127146e-01 -5.079119908994554899e-01 -5.471301754519054539e-01 -5.557999566852237505e-01 -5.304345627448195932e-01 -4.768981284595387726e-01 -4.066553521239759661e-01 -3.307658194232614979e-01 -2.563351264227226589e-01 -1.863671812891379842e-01 -1.211585523561729272e-01 -5.960872897755523092e-02
-5.067166497781317586e-02 -1.032722119780351555e-01 -1.597933050465658589e-01 -2.223300353788622563e-01 -2.930584451354309450e-01 -3.740476218950843368e-01 -4.666446553013358645e-01 -5.699177695132093824e-01 -6.777628617716301429e-01 -7.758956817550981544e-01 -8.428297961514285008e-01 -8.584623902650795335e-01 -8.161383206311504379e-01 -7.271618366285336199e-01 -6.129781083663130570e-01 -4.930972170830614787e-01 -3.787669417321787302e-01 -2.736823889391981623e-01 -1.772386887694558100e-01 -8.702084427934161925e-02
-6.454912756788347417e-02 -1.315926768826713167e-01 -2.037514655381618967e-01 -2.838937939431068758e-01 -3.752255301433421453e-01 -4.812331633660534291e-01 -6.050584282619052567e-01 -7.472702449551316128e-01 -9.008895194885887525e-01 -1.045302835923020535e+00 -1.146523195301909048e+00 -1.171331638785538143e+00 -1.108585029378739151e+00 -9.773470554154760626e-01 -8.128537221745585351e-01 -6.454565463012869042e-01 -4.907327798809964503e-01 -3.521014603285219646e-01 -2.270524677249045054e-01 -1.112310846278023041e-01
-7.593217612639964476e-02 -1.547977338026523542e-01 -2.397238961022674919e-01 -3.342458943488343937e-01 -4.425460332019993115e-01 -5.696091895602796162e-01 -7.207165659553659287e-01 -8.986266672894177576e-01 -1.096296284382775488e+00 -1.287052333902029444e+00 -1.423577154991461091e+00 -1.458134482098171869e+00 -1.374558015006693168e+00 -1.200619837713534421e+00 -9.867356122766343107e-01 -7.746215198028534310e-01 -5.837025251477468979e-01 -4.163307302088459783e-01 -2.675422943374947682e-01 -1.308394529684454854e-01
-8.438182272661676198e-02 -1.719418963230622543e-01 -2.660965341173982535e-01 -3.707797034447878892e-01 -4.907956495777264228e-01 -6.321518710992338752e-01 -8.016910451435146356e-01 -1.003908868233103657e+00 -1.232010294066637757e+00 -1.455233686544976646e+00 -1.616716057202742363e+00 -1.658122347377954720e+00 -1.559596047201810665e+00 -1.355308829364811007e+00 -1.106722328819199852e+00 -8.636138498274412711e-01 -6.478874919172659119e-01 -4.608808892103082311e-01 -2.957727497136221073e-01 -1.445635481230959363e-01
-8.965322467911260307e-02 -1.824911046537782411e-01 -2.819352463286556310e-01 -3.919258504946604993e-01 -5.172840023335718573e-01 -6.640651700772012278e-01 -8.392108334809142978e-01 -1.047325826385560488e+00 -1.281527721427716981e+00 -1.510408735089404431e+00 -1.675763293557625211e+00 -1.717804735737656907e+00 -1.616171425046596388e+00 -1.405898127308274237e+00 -1.149957554121643799e+00 -8.992750274029970292e-01 -6.761911164169973620e-01 -4.820343294591512007e-01 -3.098666651111368076e-01 -1.516134365100872683e-01
-9.173994973031120159e-02 -1.864336536036214909e-01 -2.872219087807195148e-01 -3.976475715924140397e-01 -5.219130045006875607e-01 -6.650782461315069005e-01 -8.325916725350345216e-01 -1.027360142802477005e+00 -1.241965158893477694e+00 -1.447980777813036912e+00 -1.594673144469447301e+00 -1.630688941710572770e+00 -1.538608874741655308e+00 -1.348335895903615800e+00 -1.114058214458535145e+00 -8.804408670625771816e-01 -6.681444542463645941e-01 -4.796456837150253061e-01 -3.097998890480053724e-01 -1.519939297746186468e-01
-9.087291827786762866e-02 -1.842813453750900554e-01 -2.828667770769625611e-01 -3.894848396395661494e-01 -5.072993651201339604e-01 -6.397507182073828291e-01 -7.899411442372097358e-01 -9.582533876031160691e-01 -1.136818055198526523e+00 -1.302556537370080258e+00 -1.417257673159732612e+00 -1.443434611856105665e+00 -1.368480477870158918e+00 -1.213917766902601558e+00 -1.019451307060398992e+00 -8.191521235700340853e-01 -6.304675602931881784e-01 -4.573838447667280538e-01 -2.974997812697380284e-01 -1.465391404456393432e-01
-8.747038154122471765e-02 -1.769518701812515526e-01 -2.704764130157580326e-01 -3.700990457535245359e-01 -4.778447188600315476e-01 -5.954974264012239393e-01 -7.239414517915742087e-01 -8.614397851555439800e-01 -1.000317412143303164e+00 -1.123400757484678270e+00 -1.205071112857297067e+00 -1.221369514412586010e+00 -1.164340163855448695e+00 -1.047415921484421197e+00 -8.961028092636026399e-01 -7.336610656235387218e-01 -5.737157894800266611e-01 -4.211955758180068177e-01 -2.761609771721090234e-01 -1.366489907379991320e-01
-8.205674082553986171e-02 -1.655792560111197242e-01 -2.519867883600619973e-01 -3.425782085318496706e-01 -4.383908808053519901e-01 -5.399170359908395112e-01 -6.465272895606952730e-01 -7.553660667100884352e-01 -8.596634406481897805e-01 -9.473838757630405061e-01 -1.002587314487780379e+00 -1.011252875729964806e+00 -9.687938175274681818e-01 -8.827998043911863268e-01 -7.682722589676489466e-01 -6.399900625347852978e-01 -5.079704247167502462e-01 -3.771935357690215374e-01 -2.492475106182591438e-01 -1.238895923478133543e-01
-7.517734605533449299e-02 -1.513216358557770702e-01 -2.293129063127410383e-01 -3.098320501144977701e-01 -3.931920321878821789e-01 -4.790692363662898967e-01 -5.660768494322040434e-01 -6.511364706521894918e-01 -7.287590727489667852e-01 -7.907840899852504046e-01 -8.275876886091919626e-01 -8.312527830158519260e-01 -7.992238208408128930e-01 -7.355924828224464918e-01 -6.488533754304302015e-01 -5.481112705302823018e-01 -4.404454724414140210e-01 -3.302483376920644642e-01 -2.197281327894202996e-01 -1.096597288305934254e-01
-6.733103380100040336e-02 -1.352170621809265783e-01 -2.041110813462874429e-01 -2.742440168354584595e-01 -3.454678163347714714e-01 -4.170434964545534640e-01 -4.873649012693073157e-01 -5.536441151696968044e-01 -6.116809690758931994e-01 -6.560069455000906435e-01 -6.807830579294389395e-01 -6.814961550784753852e-01 -6.567005988818005457e-01 -6.086066119517234974e-01 -5.420512855900786464e-01 -4.626515186725248530e-01 -3.753126245417385265e-01 -2.835971133648396703e-01 -1.897523669301399429e-01 -9.502064186515035704e-02
-5.892975245243255167e-02 -1.181045486460966937e-01 -1.776703734091744091e-01 -2.375649664644791659e-01 -2.973901737715209381e-01 -3.562627451771352427e-01 -4.126539781667856177e-01 -4.642565578797162029e-01 -5.079653886172983412e-01 -5.401112477558845937e-01 -5.570691958107010233e-01 -5.561762382976491725e-01 -5.365798703108385359e-01 -4.995144782542143558e-01 -4.478210405428815766e-01 -3.850317061736828750e-01 -3.145290521517958848e-01 -2.390694508568968202e-01 -1.606627225875656151e-01 -8.067036956257951641e-02
-5.028345723535680017e-02 -1.006010433535770854e-01 -1.509009231696270270e-01 -2.009553146761418052e-01 -2.502649647838888214e-01 -2.979619863675052605e-01 -3.427256291299716207e-01 -3.827422870032395341e-01 -4.157608968196169763e-01 -4.393038402333604986e-01 -4.510613352182562541e-01 -4.493999627602711100e-01 -4.337946516509194606e-01 -4.049658214980836890e-01 -3.646461047749302575e-01 -3.151104615037583767e-01 -2.586984033740605260e-01 -1.974881019991079345e-01 -1.331586086803030478e-01 -6.699812756116160783e-02
-4.160304035414257029e-02 -8.311527981995558978e-02 -1.243769809744086213e-01 -1.650904272395711525e-01 -2.047524127115098735e-01 -2.425945173126579646e-01 -2.775436447347133795e-01 -3.082238165958074427e-01 -3.330262372083363509e-01 -3.502706714606810268e-01 -3.584560075119955225e-01 -3.565496385202236995e-01 -3.442179183298820222e-01 -3.218985688477714047e-01 -2.906825343768223435e-01 -2.520640009012946603e-01 -2.076655597265832931e-01 -1.590258719216799677e-01 -1.074854862307747239e-01 -5.416355359950322107e-02
-3.301343627700305261e-02 -6.588004715684915580e-02 -9.840131427147773280e-02 -1.302770025677042753e-01 -1.610597691254113950e-01 -1.901200710316726383e-01 -2.166306370448329854e-01 -2.395829700010067287e-01 -2.578491298679542743e-01 -2.702957008727223109e-01 -2.759410388021094063e-01 -2.741231945585453356e-01 -2.646275840994131157e-01 -2.477272435225507941e-01 -2.241210975177292397e-01 -1.947973218598635925e-01 -1.608739312231950713e-01 -1.234643485324369849e-01 -8.359391793860659892e-02 -4.217060845417726356e-02
-2.457067123388883764e-02 -4.899017372182842139e-02 -7.307123664150340370e-02 -9.655651974444458274e-02 -1.190896050047238058e-01 -1.401954138881330025e-01 -1.592759190519948409e-01 -1.756283614590303521e-01 -1.884916476667969909e-01 -1.971219625611319304e-01 -2.008892051228678144e-01 -1.993744941929411763e-01 -1.924419527477532477e-01 -1.802617254960906246e-01 -1.632773015172566400e-01 -1.421302660716664834e-01 -1.175684904073697745e-01 -9.036369853050223167e-02 -6.125523842735556418e-02 -3.092497318421176533e-02
-1.627909432843103327e-02 -3.243875821189563802e-02 -4.833695404544361557e-02 -6.378823782614966020e-02 -7.854675008872939734e-02 -9.229608251207968572e-02 -1.046493102238135603e-01 -1.151629554156487628e-01 -1.233671686760290515e-01 -1.288113248834248104e-01 -1.311193559991644664e-01 -1.300436630453186415e-01 -1.255040529804580529e-01 -1.176004392997203746e-01 -1.065961452851334340e-01 -9.287798272622725670e-02 -7.690606881292363917e-02 -5.916673723606001578e-02 -4.013838503225606452e-02 -2.027405622824953596e-02
-8.106981926314019496e-03 -1.614883377219029567e-02 -2.404962651736376397e-02 -3.171273467147656816e-02 -3.901308603193950897e-02 -4.579286602715099824e-02 -5.186229318521398679e-02 -5.700699942733867404e-02 -6.100275275761556093e-02 -6.363683031496465692e-02 -6.473323979660444705e-02 -6.417677119331598179e-02 -6.193016719383235419e-02 -5.803986464152895847e-02 -5.262887134099186043e-02 -4.587948322681462132e-02 -3.801109159934638881e-02 -2.925883398074554179e-02 -1.985752420172871846e-02 -1.003289215260322678e-02
