-8.785538912682393925e-03 -1.726565903412988212e-02 -2.514697771917494967e-02 -3.216138437969776748e-02 -3.808060509443176450e-02 -4.273101134599532891e-02 -4.600601925630497246e-02 -4.787298039925605431e-02 -4.837214114489060690e-02 -4.760706320251560653e-02 -4.572836955772070777e-02 -4.291396730779017954e-02 -3.934953976586256369e-02 -3.521221149256404531e-02 -3.065885818003379060e-02 -2.581959419713459464e-02 -2.079565684995977534e-02 -1.566068950674125507e-02 -1.046450406447172951e-02 -5.238170946676774624e-03
-1.787651087005290990e-02 -3.513011484014538777e-02 -5.116086954503511197e-02 -6.541794772826187154e-02 -7.743002146066535474e-02 -8.683740156022300150e-02 -9.342004748666216107e-02 -9.711373863343387980e-02 -9.800847955045535742e-02 -9.632771682128343782e-02 -9.239242407935072121e-02 -8.657793576580528894e-02 -7.927199461035126793e-02 -7.084044434959974046e-02 -6.160362338817832600e-02 -5.182387842814723672e-02 -4.170232388180537819e-02 -3.138259207208074497e-02 -2.095913566251812049e-02 -1.048817926109995788e-02
-2.759039178174167370e-02 -5.421742063717480131e-02 -7.894843270866966356e-02 -1.009195158361792799e-01 -1.193841006236385366e-01 -1.337684911100242569e-01 -1.437229985667069776e-01 -1.491534057793336976e-01 -1.502202976827205771e-01 -1.473028704440395298e-01 -1.409356353134677553e-01 -1.317333155148933677e-01 -1.203200327531209340e-01 -1.072739106129388248e-01 -9.309130646576760371e-02 -7.816997110597541376e-02 -6.280717387698279974e-02 -4.720822039824324606e-02 -3.150128065052645865e-02 -1.575540771869768028e-02
-3.826762717451089729e-02 -7.520073641526192620e-02 -1.094959311358641024e-01 -1.399275716469888520e-01 -1.654183587190116989e-01 -1.851294475702566777e-01 -1.985500119855443391e-01 -2.055565736822610179e-01 -2.064163884718352160e-01 -2.017278045019310073e-01 -1.923139163638314941e-01 -1.790996166101892217e-01 -1.630008957062537289e-01 -1.448438479429525472e-01 -1.253177070436691243e-01 -1.049575059082918510e-01 -8.414814307344585520e-02 -6.314181116336625710e-02 -4.208232626964793915e-02 -2.103215774836600729e-02
-5.027936852060110873e-02 -9.882193655922591469e-02 -1.439069636728699253e-01 -1.838764397253457583e-01 -2.172322863528083070e-01 -2.427809025078384586e-01 -2.597909947831076316e-01 -2.681064658943461687e-01 -2.681608624922016682e-01 -2.608780151615077147e-01 -2.474925769351041527e-01 -2.293502864207382363e-01 -2.077400304223133154e-01 -1.837828193580843261e-01 -1.583781325780717619e-01 -1.321941650718161942e-01 -1.056860543604866698e-01 -7.912856031723183858e-02 -5.265404723347031496e-02 -2.629090349691012851e-02
-6.402789422396426566e-02 -1.259006546508850133e-01 -1.834334836526758661e-01 -2.344388557696420461e-01 -2.768532890360799747e-01 -3.089706743496588581e-01 -3.297263656540468935e-01 -3.389172488907976066e-01 -3.372424593466354925e-01 -3.261307407527002655e-01 -3.074280286937828288e-01 -2.830688937273583283e-01 -2.548260611434678968e-01 -2.241692317870642992e-01 -1.922177872968615364e-01 -1.597549133920908582e-01 -1.272733262934306886e-01 -9.503227907196924729e-02 -6.311437700512978477e-02 -3.147739989806647154e-02
-7.993151077815469074e-02 -1.573191502512628070e-01 -2.294870607658284212e-01 -2.935912506761937935e-01 -3.467695769799278849e-01 -3.865196289453873280e-01 -4.112238219890868574e-01 -4.205914550046422895e-01 -4.157595580529969692e-01 -3.989737454943705353e-01 -3.730196014344703270e-01 -3.406710712612832648e-01 -3.043260251069855871e-01 -2.658501955576340614e-01 -2.265688285181560457e-01 -1.873343310793962047e-01 -1.486200242377660741e-01 -1.106128173761678490e-01 -7.329377323204022687e-02 -3.650431278075706720e-02
-9.837871167332909450e-02 -1.939561417609971250e-01 -2.836003059137511828e-01 -3.636594601862946363e-01 -4.300951764821843715e-01 -4.790873482644421588e-01 -5.080284733344858639e-01 -5.164410307508475739e-01 -5.062154797259426076e-01 -4.809779457213401166e-01 -4.450029379849458899e-01 -4.022690289408917819e-01 -3.559565545244279261e-01 -3.083366350914000797e-01 -2.608729475024153532e-01 -2.143935189004838038e-01 -1.692595893329877643e-01 -1.255051755832888583e-01 -8.294357566591627207e-02 -4.124607447392596160e-02
-1.196248204826243222e-01 -2.365161634651969935e-01 -3.472649326660469660e-01 -4.472674663342954826e-01 -5.307065652579316950e-01 -5.914805484402876345e-01 -6.251172102119093577e-01 -6.307278016006255816e-01 -6.115582087150426283e-01 -5.736604780373920631e-01 -5.237239527446424514e-01 -4.674397521153647594e-01 -4.088932899195915072e-01 -3.506666163333335140e-01 -2.941927411984074925e-01 -2.401071553195195385e-01 -1.885196102711259869e-01 -1.392046683935283247e-01 -9.172927694030415247e-02 -4.553637064422252911e-02
-1.435894520743818403e-01 -2.851540094217898114e-01 -4.214632667423847678e-01 -5.469101162108901404e-01 -6.529856890318868068e-01 -7.295849984100171159e-01 -7.686862960416158685e-01 -7.685247611044009330e-01 -7.348380053115292077e-01 -6.780082818647176213e-01 -6.086588914857555821e-01 -5.348364078456724346e-01 -4.615027123350629035e-01 -3.912425742386912986e-01 -3.251240472808355486e-01 -2.633226957212798092e-01 -2.055069916548779296e-01 -1.510645974702531091e-01 -9.923247611343737062e-02 -4.917013590147181756e-02
-1.695073059615600508e-01 -3.387368063784748640e-01 -5.055053117963981268e-01 -6.633893347250456873e-01 -7.999601441266376289e-01 -8.983515385344675863e-01 -9.441088743162180386e-01 -9.337591396748718964e-01 -8.774690192872182104e-01 -7.930854675837214485e-01 -6.974261277703238671e-01 -6.015703819761248905e-01 -5.110027607038580832e-01 -4.276712679115552973e-01 -3.517374477662116861e-01 -2.825524659865772947e-01 -2.191210009536507797e-01 -1.603142049088384924e-01 -1.049658631011460425e-01 -5.191168836843560591e-02
-1.954425188290752902e-01 -3.936528800405622586e-01 -5.947302113351041752e-01 -7.919713059825560508e-01 -9.677412204738248258e-01 -1.094911986510940682e+00 -1.148714631395218344e+00 -1.122812266610642151e+00 -1.034415158370857180e+00 -9.129330800889818853e-01 -7.840614043588270965e-01 -6.623844718280447186e-01 -5.531366779592217231e-01 -4.566819742848787778e-01 -3.715995392487002058e-01 -2.960284469569989252e-01 -2.281102897955827047e-01 -1.661053278206933437e-01 -1.084050635848075456e-01 -5.351074211788941354e-02
-2.178925186891211285e-01 -4.425956305354789011e-01 -6.775950267981252217e-01 -9.166535644851097064e-01 -1.136266707101094786e+00 -1.296416198279096044e+00 -1.358861291513597802e+00 -1.313424170250057976e+00 -1.186492857527825739e+00 -1.022250818434814024e+00 -8.570883907818018788e-01 -7.090292978914746191e-01 -5.821195926067721516e-01 -4.742645303678337809e-01 -3.819436372933897039e-01 -3.018508289884611062e-01 -2.311862870891698007e-01 -1.675917352537172611e-01 -1.090382844732889767e-01 -5.372620254567479076e-02
-2.320339681650204211e-01 -4.747557606994971535e-01 -7.351096815599085232e-01 -1.007804077699672618e+00 -1.264329976479344309e+00 -1.452747253835164898e+00 -1.522027366811201210e+00 -1.458289289122377097e+00 -1.296630433521840375e+00 -1.095071167638424603e+00 -8.996199068880994520e-01 -7.308912698237509664e-01 -5.913005196044621714e-01 -4.761963682636713435e-01 -3.800458249135282851e-01 -2.982436858161806592e-01 -2.271921840965536177e-01 -1.640370188973113152e-01 -1.064301152813162399e-01 -5.235577589148149996e-02
-2.331165009741986704e-01 -4.790166119308265635e-01 -7.465825880178768026e-01 -1.031266199841341269e+00 -1.302330410070355216e+00 -1.502056265583998407e+00 -1.573081142826019185e+00 -1.499666956229632531e+00 -1.321223235715508038e+00 -1.102555409972225009e+00 -8.942306127570637253e-01 -7.178640146828298985e-01 -5.748119530723645454e-01 -4.589901208035025992e-01 -3.637777709073511390e-01 -2.838839215626972057e-01 -2.153015939273129065e-01 -1.549339948564576186e-01 -1.002893630324758201e-01 -4.926676586606686808e-02
-2.185703041948953151e-01 -4.492919727529989804e-01 -7.004994990824303658e-01 -9.677273482073898148e-01 -1.221878341661494893e+00 -1.408696491108991644e+00 -1.474440483058532259e+00 -1.404403267600090377e+00 -1.235517745471806261e+00 -1.028628526595155357e+00 -8.314472976109935631e-01 -6.646211742907935927e-01 -5.296738020921732959e-01 -4.209530519886001687e-01 -3.321650179026288119e-01 -2.582102610087170791e-01 -1.951960947871943519e-01 -1.401079906246601170e-01 -9.052654539362059438e-02 -4.442191070071068587e-02
-1.892848395844682063e-01 -3.878756910241590306e-01 -6.016138784559847963e-01 -8.257423961132738244e-01 -1.036127920355101262e+00 -1.189576597043131789e+00 -1.244041195561322199e+00 -1.188167299544114153e+00 -1.050902846772841626e+00 -8.803510705639493450e-01 -7.151728312250530406e-01 -5.732224848199184430e-01 -4.570179843312154322e-01 -3.627819517912097558e-01 -2.856951409862070190e-01 -2.215938388424952554e-01 -1.671643682135691422e-01 -1.197752792614191347e-01 -7.728689163959315267e-02 -3.789429249133023647e-02
-1.489089888053496957e-01 -3.035855367007184724e-01 -4.669761873743699110e-01 -6.343943915775135389e-01 -7.882833145393947083e-01 -8.992459742008102053e-01 -9.395088822518034011e-01 -9.017533047335455354e-01 -8.051722313877014425e-01 -6.821283595934126698e-01 -5.597179039425865810e-01 -4.517498224918373162e-01 -3.615034963109950983e-01 -2.873227812973280226e-01 -2.262233059845880911e-01 -1.753040933184496220e-01 -1.320921409082625730e-01 -9.454184145691467422e-02 -6.095143301052818874e-02 -2.986834672154740564e-02
-1.018329169568502751e-01 -2.065427642732976521e-01 -3.150548320474717001e-01 -4.235912714208555085e-01 -5.211496056383027042e-01 -5.906573053117598615e-01 -6.165750688218302189e-01 -5.949426010946373689e-01 -5.365616253038628658e-01 -4.599753664042204870e-01 -3.814824831119866255e-01 -3.102931721618821803e-01 -2.494581045428495847e-01 -1.987097890446887505e-01 -1.565626091478090898e-01 -1.213062932256230159e-01 -9.135820287857571165e-02 -6.534849439515842684e-02 -4.210861802907332752e-02 -2.062765456795322139e-02
-5.151038329353303802e-02 -1.040976352695064805e-01 -1.578568100947312369e-01 -2.106972631520350192e-01 -2.574156701508272249e-01 -2.904118811780960763e-01 -3.029881320825172919e-01 -2.934910950816468911e-01 -2.666057836359742583e-01 -2.304983392936360009e-01 -1.926397587070234341e-01 -1.575859331182100642e-01 -1.271415804737430488e-01 -1.014669089678557623e-01 -8.000762480934189846e-02 -6.199997265852193185e-02 -4.668587173149826158e-02 -3.338531296151624889e-02 -2.150689532447040697e-02 -1.053363647611766166e-02
