-7.053780282727083011e-03 -1.367392479614977854e-02 -1.948391131540403581e-02 -2.420827388612989753e-02 -2.769488306652408832e-02 -2.991380301990235677e-02 -3.093726467835260577e-02 -3.090900614058087956e-02 -3.001154247173938236e-02 -2.843773809464458097e-02 -2.636986121124651125e-02 -2.396671129912695750e-02 -2.135762637090344793e-02 -1.864144162232475241e-02 -1.588866279801752490e-02 -1.314527166737131797e-02 -1.043707490873367269e-02 -7.774099434829834926e-03 -5.154554802177912197e-03 -2.568317750183285800e-03
-1.454118457360147054e-02 -2.815800085852866036e-02 -4.005343654166713258e-02 -4.965428584007572366e-02 -5.665744491934947280e-02 -6.102306700986987603e-02 -6.292625627507239527e-02 -6.268721729197940240e-02 -6.069943337196575389e-02 -5.736953567568914975e-02 -5.307496807471887013e-02 -4.813934320285608026e-02 -4.282233255161075475e-02 -3.731946713507437036e-02 -3.176795141101299708e-02 -2.625533467568339635e-02 -2.082891714562458071e-02 -1.550476038386267366e-02 -1.027578246131636078e-02 -5.118694750132417141e-03
-2.295295796612464856e-02 -4.436346028029003463e-02 -6.291753767332129710e-02 -7.769796183564361969e-02 -8.825753347112999525e-02 -9.459475898537077210e-02 -9.705747695124443408e-02 -9.621417282262989534e-02 -9.272941054715681808e-02 -8.726598350510986202e-02 -8.042108418325817631e-02 -7.269332858449854828e-02 -6.447286582475153516e-02 -5.604611105148907257e-02 -4.760832802582102424e-02 -3.927920023471613564e-02 -3.111847139168705950e-02 -2.314022250720832591e-02 -1.532509775956582623e-02 -7.630644718614672771e-03
-3.290718875709225388e-02 -6.342531846801899298e-02 -8.955525282517992625e-02 -1.099624374143441663e-01 -1.240799223823511321e-01 -1.320409205602253722e-01 -1.344946986594047211e-01 -1.323825602822415737e-01 -1.267380211796408640e-01 -1.185438654692116123e-01 -1.086500196251871109e-01 -9.773999456900279992e-02 -8.632965909200306098e-02 -7.478375809523077344e-02 -6.334003981604592604e-02 -5.213464967794279037e-02 -4.122554940915885979e-02 -3.061253701336881516e-02 -2.025370621175936678e-02 -1.007878830969985255e-02
-4.525037530089898175e-02 -8.687522044102422014e-02 -1.219155260118363199e-01 -1.485164503737383124e-01 -1.660586691696542272e-01 -1.749942098700046911e-01 -1.764977783302348890e-01 -1.720832978615785269e-01 -1.632961800241249928e-01 -1.515213963562867527e-01 -1.378950766603651290e-01 -1.232869259108476390e-01 -1.083219752793195267e-01 -9.341918175353505771e-02 -7.883337618742308761e-02 -6.469378193710831337e-02 -5.103652295173626008e-02 -3.783065004540656084e-02 -2.499838926238250048e-02 -1.243079804358193305e-02
-6.121746713197925849e-02 -1.169073027647782315e-01 -1.627125924927024514e-01 -1.961269899361888780e-01 -2.166427099819368540e-01 -2.253787800904095973e-01 -2.244186203676599711e-01 -2.161565503266878463e-01 -2.028419228170743882e-01 -1.863504049860872924e-01 -1.681219367824595134e-01 -1.491906160540949766e-01 -1.302520926044400951e-01 -1.117375737725833096e-01 -9.388044059446677692e-02 -7.677052821032645524e-02 -6.039609700029874295e-02 -4.467514789433008060e-02 -2.947840089693565604e-02 -1.464601169712795303e-02
-8.269415527589585313e-02 -1.567979131997855324e-01 -2.158720911521574970e-01 -2.566125964539900384e-01 -2.789915479599994752e-01 -2.854525072799286578e-01 -2.796387671084076820e-01 -2.652815973314233133e-01 -2.455643336937060883e-01 -2.229162668572799710e-01 -1.990515810722413848e-01 -1.751014751560509564e-01 -1.517581320633647202e-01 -1.293985083907961409e-01 -1.081802097440268673e-01 -8.811173148380067877e-02 -6.910213884096119696e-02 -5.099543245118474261e-02 -3.359405102362161832e-02 -1.667483825468979441e-02
-1.126098065719962071e-01 -2.114996767860813920e-01 -2.871264133112539363e-01 -3.352617772255871431e-01 -3.571339763055964567e-01 -3.577416534954183658e-01 -3.433809124364853860e-01 -3.197608193643510233e-01 -2.912162676846559717e-01 -2.606984806820089040e-01 -2.300665671715598215e-01 -2.004055127707046191e-01 -1.722804040166071582e-01 -1.459180415343347970e-01 -1.213300897889971336e-01 -9.839399964730591308e-02 -7.690524692597487666e-02 -5.661035432451575616e-02 -3.722753386385808938e-02 -1.845927906223119100e-02
-1.552819290638991212e-01 -2.880748449109125642e-01 -3.843525622634181849e-01 -4.389146245545636482e-01 -4.557495378794494956e-01 -4.446222835306744003e-01 -4.162462620452346829e-01 -3.791271933209761080e-01 -3.388336285969058004e-01 -2.985935156139656876e-01 -2.601104628229334303e-01 -2.241735345303105809e-01 -1.910398557157684807e-01 -1.606631087592305940e-01 -1.328280327053704690e-01 -1.072288825369896031e-01 -8.351444840650439072e-02 -6.131317060068667418e-02 -4.024641476600874374e-02 -1.993473140127977050e-02
-2.157958654635753759e-01 -3.944620448880553631e-01 -5.159650329634193344e-01 -5.742196316769077047e-01 -5.785102355658592321e-01 -5.469336174436213449e-01 -4.971982282537313891e-01 -4.414883296345007424e-01 -3.863601751783159455e-01 -3.347255473574204387e-01 -2.876074584716156179e-01 -2.451381488725756508e-01 -2.070423170237397914e-01 -1.728664471023869109e-01 -1.420899982020178143e-01 -1.141790077349412874e-01 -8.861046413628929919e-02 -6.488142579671486720e-02 -4.251017994619462476e-02 -2.103320270409592130e-02
-2.964473357896235672e-01 -5.335029245440305878e-01 -6.840268822385660030e-01 -7.412760351005236448e-01 -7.231816219185918104e-01 -6.607562871653442915e-01 -5.817245717604014876e-01 -5.026107663127675762e-01 -4.302568206487764058e-01 -3.663195263033215410e-01 -3.104530362133426369e-01 -2.617289662276969242e-01 -2.191247006666898478e-01 -1.816703055967664460e-01 -1.484864573089999806e-01 -1.187866495817113677e-01 -9.186693832818530747e-02 -6.709185314098398134e-02 -4.387962908138101636e-02 -2.168787784421512266e-02
-3.893926339960398497e-01 -6.911412236675406051e-01 -8.710835185224141686e-01 -9.221083621069111613e-01 -8.735000501568789266e-01 -7.727604371937878414e-01 -6.596805927229222322e-01 -5.551525468799308749e-01 -4.653590010299168411e-01 -3.897832021365622013e-01 -3.261490346543071683e-01 -2.721992469907625334e-01 -2.260570828322054915e-01 -1.862035214014595152e-01 -1.513988235240710800e-01 -1.206141536728750768e-01 -9.297874914583850736e-02 -6.773938251217262452e-02 -4.422856580759960965e-02 -2.183866009435567537e-02
-4.710235986910242256e-01 -8.278479625810359899e-01 -1.030986404732564310e+00 -1.073212899088020311e+00 -9.946703939751559975e-01 -8.583919886714481695e-01 -7.151073721860263799e-01 -5.891342239831748318e-01 -4.854496688510087088e-01 -4.011803590902798256e-01 -3.321456908999809166e-01 -2.748604893207303168e-01 -2.267006806356822446e-01 -1.856877668820032246e-01 -1.502910904359953947e-01 -1.192923500541422238e-01 -9.169447934665694855e-02 -6.665834195888960256e-02 -4.345655742522002568e-02 -2.143817436255991693e-02
-5.092378894466691452e-01 -8.908949054290977720e-01 -1.103218903141483409e+00 -1.139046875225226740e+00 -1.044118949632328652e+00 -8.893699524660096944e-01 -7.309601875069100529e-01 -5.947340852509451770e-01 -4.848608682143653592e-01 -3.971439907296154259e-01 -3.263691307558655441e-01 -2.683941129984313556e-01 -2.201971626365317181e-01 -1.795556809273811116e-01 -1.447853584451567477e-01 -1.145696108850173395e-01 -8.784844704507811797e-02 -6.374291837033560504e-02 -4.150112838594471193e-02 -2.045747016898257983e-02
-4.847305711722627031e-01 -8.487819284699485989e-01 -1.051813805633186050e+00 -1.086868483767292837e+00 -9.970838108250760223e-01 -8.495618330869956214e-01 -6.977500432472785175e-01 -5.666242657310776032e-01 -4.605893139060762698e-01 -3.759254994025014174e-01 -3.077640555091016306e-01 -2.521470188231274001e-01 -2.061379428076438869e-01 -1.675523685078612046e-01 -1.347249879856311505e-01 -1.063522413475895406e-01 -8.138672655822994095e-02 -5.896372949195111124e-02 -3.834755965216078699e-02 -1.889057213602949453e-02
-4.067275500798729349e-01 -7.164579632904167772e-01 -8.936877079592012718e-01 -9.318435408494378791e-01 -8.647276010297066939e-01 -7.459058135132494716e-01 -6.192525475850489958e-01 -5.066902910524563319e-01 -4.135495607156279840e-01 -3.379848370284040948e-01 -2.765883272714365071e-01 -2.262895326391473616e-01 -1.846550231431059175e-01 -1.497908037559831373e-01 -1.202099405837405016e-01 -9.472758108972530178e-02 -7.238246668853062782e-02 -5.237768127524919382e-02 -3.403478834925039581e-02 -1.675726346065156691e-02
-3.048780901953077604e-01 -5.423294802625930888e-01 -6.840482831166344591e-01 -7.241205490836388758e-01 -6.848224818219278420e-01 -6.028069467320035235e-01 -5.095954698914162417e-01 -4.226631518220288486e-01 -3.479645114920635884e-01 -2.857234434335973461e-01 -2.342966367562940577e-01 -1.917660706123017478e-01 -1.564016655271442680e-01 -1.267458386661989012e-01 -1.015963478891305644e-01 -7.996563470535447693e-02 -6.103783258296398284e-02 -4.412970042830001438e-02 -2.865665067203558916e-02 -1.410367687539550857e-02
-2.068990589334027685e-01 -3.722598445465090111e-01 -4.758182786114446006e-01 -5.126854837651130259e-01 -4.954329577067272949e-01 -4.460406254242927360e-01 -3.846822110116605020e-01 -3.239453443441829283e-01 -2.694120940703064182e-01 -2.225675405682377428e-01 -1.830990873268047991e-01 -1.500755148300165764e-01 -1.224396316190414780e-01 -9.919451231784730261e-02 -7.946395976118006410e-02 -6.250072653367133579e-02 -4.767349492322720678e-02 -3.444660791958866625e-02 -2.235843334484138162e-02 -1.100080061533710574e-02
-1.251192841230530373e-01 -2.274434848800583886e-01 -2.943163135721398316e-01 -3.222462968932951477e-01 -3.173709937996032626e-01 -2.913276535610422879e-01 -2.555683913282084108e-01 -2.180443388719343900e-01 -1.829677280333976974e-01 -1.520035430272216048e-01 -1.254527872320474469e-01 -1.029968908081454193e-01 -8.408677961231378339e-02 -6.812858319732199852e-02 -5.456423592864062533e-02 -4.289978160569873911e-02 -3.270877752492397372e-02 -2.362478490653826396e-02 -1.532967420092124812e-02 -7.541084848712946258e-03
-5.847655592804358593e-02 -1.070325082237863629e-01 -1.396793575656871678e-01 -1.546015572620324796e-01 -1.541870797383738945e-01 -1.433347040016342278e-01 -1.271376893626278426e-01 -1.093998427883967756e-01 -9.234951616658428064e-02 -7.701643022343905576e-02 -6.371046197442423176e-02 -5.237234338996291788e-02 -4.278198077730620275e-02 -3.466879281795055140e-02 -2.776459805669666964e-02 -2.182536099656957537e-02 -1.663705313102035663e-02 -1.201406061692518804e-02 -7.794400719573042584e-03 -3.833867853424957790e-03
