0.417913         
0.307411         
0.330369         
0.344056         
0.336603         
0.26295         
0.264145         
0.294029         
0.304195         
0.294229         
0.297229         
0.306946         
0.337272         
0.213906         
0.486436         
0.336885         
0.267282         
0.335257         
0.276071         
0.297308         
0.312174         
0.30353         
0.348548         
0.336103         
0.260514         
0.334912         
0.311294         
0.260962         
0.317701         
0.237621         
0.337879         
0.337182         
0.336086         
0.266998         
0.372648         
0.462239         
0.487959         
0.311784         
0.340386         
0.306979         
0.252868         
0.311246         
0.335329         
0.336368         
0.294176         
0.296258         
0.298796         
0.302361         
0.295244         
0.266568         
0.33928         
0.338575         
0.295632         
0.334469         
0.370321         
0.369444         
0.410771         
0.367226         
0.40467         
0.447678         
0.38024         
0.48101         
0.417292         
0.403702         
0.482006         
0.367378         
0.301924         
0.374864         
0.446068         
0.412053         
0.408017         
0.413584         
0.380952         
0.369868         
0.412941         
0.449922         
0.483433         
0.331885         
0.299984         
0.265601         
0.340672         
0.303098         
0.337455         
0.334482         
0.334516         
0.22852         
0.297086         
0.335518         
0.3416         
0.309559         
0.299115         
0.237591         
0.299493         
0.343769         
0.343556         
0.338611         
0.415422         
0.456704         
0.437946         
0.424233         
0.489691         
0.31212         
0.2709         
0.347106         
0.258373         
0.303323         
0.270278         
0.302134         
0.353937         
0.302503         
0.270109         
0.306304         
0.341313         
0.240065         
0.30039         
0.306808         
0.314378         
0.339584         
0.213848         
0.263444         
0.448549         
0.451946         
0.478424         
0.309755         
0.335545         
0.259474         
0.33915         
0.339468         
0.340686         
0.286986         
0.306011         
0.330978         
0.33667         
0.36876         
0.226863         
0.333082         
0.336197         
0.296167         
0.235202         
0.30881         
0.295459         
0.33153         
0.441879         
0.416803         
0.405661         
0.40607         
0.468633         
0.302549         
0.348117         
0.341353         
0.257572         
0.294476         
0.300339         
0.336613         
0.367679         
0.370801         
0.256058         
0.298055         
0.263594         
0.500109         
0.306253         
0.371398         
0.341853         
0.33975         
0.295097         
0.302368         
0.331867         
0.263892         
0.494492         
0.330499         
0.29523         
0.294613         
0.308191         
0.256756         
0.29408         
