0.403456         
0.302137         
0.331536         
0.34519         
0.347278         
0.262639         
0.26295         
0.295247         
0.299449         
0.300225         
0.294697         
0.306332         
0.336937         
0.486208         
0.351459         
0.268614         
0.333177         
0.272797         
0.298853         
0.309644         
0.300341         
0.339107         
0.333237         
0.26028         
0.334649         
0.310903         
0.264847         
0.315491         
0.236419         
0.336227         
0.333774         
0.335501         
0.267721         
0.297614         
0.259499         
0.485779         
0.337173         
0.340647         
0.30278         
0.252623         
0.307119         
0.330837         
0.343943         
0.295129         
0.29609         
0.295946         
0.303705         
0.297234         
0.26567         
0.338104         
0.33934         
0.295361         
0.332037         
0.369929         
0.368949         
0.339123         
0.335953         
0.369528         
0.336996         
0.340103         
0.369512         
0.346244         
0.367471         
0.349642         
0.269918         
0.33741         
0.214678         
0.367838         
0.320348         
0.258805         
0.346636         
0.340477         
0.295084         
0.369829         
0.369913         
0.483461         
0.34969         
0.298538         
0.264985         
0.352973         
0.300473         
0.334535         
0.332962         
0.33503         
0.227969         
0.297587         
0.334595         
0.34106         
0.308622         
0.297569         
0.235572         
0.296189         
0.337782         
0.336141         
0.336718         
0.336859         
0.276173         
0.310347         
0.305614         
0.484916         
0.318379         
0.299163         
0.34795         
0.260899         
0.302937         
0.27153         
0.303158         
0.360927         
0.302804         
0.271345         
0.336114         
0.340637         
0.242351         
0.306418         
0.308542         
0.314845         
0.350817         
0.21587         
0.264855         
0.281969         
0.272339         
0.819726         
0.311561         
0.340389         
0.261757         
0.34254         
0.334186         
0.349974         
0.278922         
0.317481         
0.335263         
0.369657         
0.387069         
0.227269         
0.333725         
0.332016         
0.297311         
0.235708         
0.308779         
0.295822         
0.334429         
0.296585         
0.339614         
0.359701         
0.227967         
0.474244         
0.30266         
0.343651         
0.337516         
0.288087         
0.294469         
0.299759         
0.338465         
0.36846         
0.36705         
0.256872         
0.295741         
0.490862         
0.317051         
0.370728         
0.340578         
0.338358         
0.298022         
0.302414         
0.331728         
0.266099         
0.495993         
0.330197         
0.294522         
0.294692         
0.306784         
0.25865         
