1.143363407806311655e-02 1.582228723441550175e-02 1.659782033281227351e-02 1.319865489067880912e-02 7.956189288438601792e-03 3.635610592509248319e-03 1.259349959590802754e-03 3.306833468431186977e-04 6.582260042544007422e-05 9.931950960052867490e-06 1.136032920290568928e-06 9.850178173409614241e-08 6.474318720452681330e-09 3.225825596247576483e-10 1.218384909800844223e-11 3.488389404276167529e-13 7.571156534050860289e-15 1.245650800393200264e-16 1.553557088549642349e-18 1.468773883973455182e-20
3.531794947351455521e-02 4.887428942410100563e-02 5.126987411722731813e-02 4.077001444726283813e-02 2.457628863861574184e-02 1.123022744430593294e-02 3.890071865045657221e-03 1.021465061396858347e-03 2.033228683171958988e-04 3.067932205855531617e-05 3.509151421598434779e-06 3.042672982696413481e-07 1.999886124422066994e-08 9.964421166602682627e-10 3.763532783176871444e-11 1.077546822672499521e-12 2.338694085362714969e-14 3.847755816703801992e-16 4.798863631895388664e-18 4.536972363119389746e-20
8.269961586831145461e-02 1.144427981086755391e-01 1.200522385449081242e-01 9.546603310768664308e-02 5.754721494820731753e-02 2.629641611708917817e-02 9.108893741995263693e-03 2.391836713616973288e-03 4.760956781957280393e-04 7.183792341187292328e-05 8.216940080498123735e-06 7.124645984064903356e-07 4.682882690969902494e-08 2.333243620063746359e-09 8.812593033180778619e-11 2.523156345244855554e-12 5.476226830156980502e-14 9.009807555081666047e-16 1.123689752316370905e-17 1.062365956201645797e-19
1.467940062007183355e-01 2.031389945262085661e-01 2.130958997129278887e-01 1.694547345695411600e-01 1.021478290950337264e-01 4.667683434824489858e-02 1.616852739163078534e-02 4.245573448961225717e-03 8.450824251528152265e-04 1.275142147160800523e-04 1.458528604350819543e-05 1.264643512284430284e-06 8.312240674371440796e-08 4.141569157670831221e-09 1.564258579407545810e-10 4.478669269504763253e-12 9.720447511421036114e-14 1.599264678827516651e-15 1.994579040510620516e-17 1.885727679925692817e-19
1.975194980784640009e-01 2.733348130312436841e-01 2.867323826309623458e-01 2.280107681878317250e-01 1.374455841546278201e-01 6.280627616192020757e-02 2.175565268445668957e-02 5.712655158054889999e-03 1.137105395317553665e-03 1.715774665496279654e-04 1.962531341167574129e-05 1.701648168475317798e-06 1.118458204393094459e-07 5.572711600784597742e-09 2.104796901905096424e-10 6.026298546293728257e-12 1.307940264896552391e-13 2.151899555249552402e-15 2.683817011035104517e-17 2.537351452499326039e-19
2.014690984245146310e-01 2.788004165926046274e-01 2.924658840254084069e-01 2.325700720423817258e-01 1.401939463771998406e-01 6.406215060710905573e-02 2.219067876647393481e-02 5.826885423971010607e-03 1.159842957464749967e-03 1.750083299724870128e-04 2.001774122460644789e-05 1.735674329236400871e-06 1.140822897266904550e-07 5.684143555001871077e-09 2.146884425683776702e-10 6.146800426135435308e-12 1.334093841495844045e-13 2.194928943794802512e-15 2.737482622271680034e-17 2.588088338084484162e-19
1.557771421183926086e-01 2.155701914479238590e-01 2.261364146505940587e-01 1.798246056012656469e-01 1.083988188745575870e-01 4.953324761748775784e-02 1.715796887433723716e-02 4.505383534724126914e-03 8.967976857636969805e-04 1.353175137190637675e-04 1.547784024458261906e-05 1.342034032866875987e-06 8.820912586058363087e-08 4.395014646480044095e-09 1.659984200588507351e-10 4.752743775811643067e-12 1.031529537636938058e-13 1.697132516555168050e-15 2.116638347175718614e-17 2.001125770698766045e-19
9.130526903974102437e-02 1.263516203946151717e-01 1.325447745322134441e-01 1.054001490277070158e-01 6.353553022181841758e-02 2.903279928379712271e-02 1.005675764070840250e-02 2.640729250589043085e-03 5.256377980707839601e-04 7.931331790974731908e-05 9.071988023837856182e-06 7.866030713175534317e-07 5.170179564816927780e-08 2.576039008505367003e-09 9.729624126835076535e-11 2.785713893747195621e-12 6.046078434588245008e-14 9.947360627683890054e-16 1.240619972356603144e-17 1.172914873076466388e-19
4.056810937103215442e-02 5.613965556735656809e-02 5.889135387620653139e-02 4.683064645062278569e-02 2.822965603292152889e-02 1.289964740347745130e-02 4.468347206869791380e-03 1.173310085867568589e-03 2.335476572814506127e-04 3.523993072230693571e-05 4.030801357187388425e-06 3.494978960623934963e-07 2.297177504203795391e-08 1.144567376452333630e-09 4.322997564846770552e-11 1.237728633916531245e-12 2.686350675922735013e-14 4.419740702164025107e-16 5.512234644918850404e-18 5.211412151161377761e-20
1.366376914120583271e-02 1.890843091364044840e-02 1.983523206413280796e-02 1.577305799445639575e-02 9.508047304884165163e-03 4.344737944576952671e-03 1.504986690876380885e-03 3.951832706256326491e-04 7.866132590447633675e-05 1.186918210897730461e-05 1.357616611978346498e-06 1.177145950642609806e-07 7.737137268769287246e-09 3.855024215046974605e-10 1.456031391155717003e-11 4.168801202594779000e-13 9.047913752258893783e-15 1.488615505002605153e-16 1.856579042209672179e-18 1.755258838460690317e-20
3.488615310336823112e-03 4.827675357954031889e-03 5.064304991390601064e-03 4.027156126661191569e-03 2.427581954615665432e-03 1.109292696342706374e-03 3.842511943363489382e-04 1.008976655010943160e-04 2.008370479959183783e-05 3.030423743159054655e-06 3.466248623765387799e-07 3.005473338632825082e-08 1.975435566501681414e-09 9.842596401731361347e-11 3.717519925156303262e-12 1.064372762070776507e-13 2.310101269754902076e-15 3.800713249974143744e-17 4.740192844718627007e-19 4.481503452068402160e-21
6.752000543459565950e-04 9.343668974899042856e-04 9.801651088555505143e-04 7.794313197916790574e-04 4.698435688306103891e-04 2.146967843192355407e-04 7.436945728285304169e-05 1.952812310026280870e-05 3.887077641370351725e-06 5.865198922935178462e-07 6.708711196125037986e-08 5.816908948279194667e-09 3.823334140358662728e-10 1.904974046769488149e-11 7.195031358316681946e-13 2.060028070922951661e-14 4.471059042427303407e-16 7.356046925931133437e-18 9.174351946690646651e-20 8.673674524738694425e-22
9.906236091328095869e-05 1.370861720593725226e-04 1.438054827500109150e-04 1.143547104466855814e-04 6.893336706462103406e-05 3.149936111269262972e-05 1.091115732420252517e-05 2.865079713879914232e-06 5.702948122247600787e-07 8.605160038009855746e-08 9.842723878588284783e-09 8.534311126386220928e-10 5.609426481328705718e-11 2.794893533210846018e-12 1.055623127711927376e-13 3.022381928729797139e-15 6.559739764158558967e-17 1.079246618511451082e-18 1.346020276270387549e-20 1.272563102866307481e-22
1.101746549685280819e-05 1.524637770426163308e-05 1.599368246274144773e-05 1.271824197539432429e-05 7.666594922779922954e-06 3.503279358906044741e-06 1.213511350242991722e-06 3.186469270708944683e-07 6.342674814928700446e-08 9.570441582415373485e-09 1.094682881849803113e-09 9.491645212925809955e-11 6.238662408750034627e-12 3.108409973842978256e-13 1.174037372017323980e-14 3.361416819778994288e-16 7.295576831973229976e-18 1.200310821630221370e-19 1.497009743676026994e-21 1.415312531332758078e-23
9.288627429600123867e-07 1.285394741524738277e-06 1.348398664521993055e-06 1.072252155477003287e-06 6.463568586777849215e-07 2.953551954029900655e-07 1.023089640463861132e-07 2.686455054471443253e-08 5.347395304283894062e-09 8.068667537121176771e-10 9.229074913797895880e-11 8.002235732165423375e-12 5.259704311348553642e-13 2.620644662216379369e-14 9.898098378625192881e-16 2.833950193303288427e-17 6.150769893091994380e-19 1.011960511700730868e-20 1.262102048012761729e-22 1.193224594508566014e-24
5.936332350975778892e-08 8.214917053913903638e-08 8.617573128949409707e-08 6.852729541802357103e-08 4.130846198240935253e-08 1.887605692862869422e-08 6.538533466505122736e-09 1.716904910889269709e-09 3.417503390987340400e-10 5.156659850221006540e-11 5.898272526871714959e-12 5.114203494222074314e-13 3.361460355329309129e-14 1.674845697777849014e-15 6.325843302846651421e-17 1.811168586647103258e-18 3.930937544487315982e-20 6.467407557305448680e-22 8.066054187915129725e-24 7.625860565564848615e-26
2.875952378872346478e-09 3.979849652379932579e-09 4.174922911153164458e-09 3.319915844043978405e-09 2.001255362435030489e-09 9.144811580284315820e-10 3.167698465238548877e-10 8.317823987664690684e-11 1.655664882964112207e-11 2.498227404811820758e-12 2.857513680497658142e-13 2.477658735334729798e-14 1.628513926415419786e-15 8.114061315951394516e-17 3.064657269771129218e-18 8.774499636042824060e-20 1.904406376507642097e-21 3.133240366252794397e-23 3.907730625296712958e-25 3.694471693600507449e-27
1.056189858772863495e-10 1.461594730554114224e-10 1.533235137101752418e-10 1.219234877537672029e-10 7.349584903236364132e-11 3.358420439239704607e-11 1.163333238482605247e-11 3.054710296098074534e-12 6.080408256268537389e-13 9.174708417478298349e-14 1.049418270211323291e-14 9.099170240039238195e-16 5.980696713151950481e-17 2.979878713683465310e-18 1.125491490306239017e-19 3.222423848001390741e-21 6.993908232369357920e-23 1.150678545390772045e-24 1.435109109446676289e-26 1.356790037613301859e-28
2.940350583679331534e-12 4.068966278544466954e-12 4.268407609530275208e-12 3.394255260105703311e-12 2.046067388408735947e-12 9.349581816883070191e-13 3.238629436150936056e-13 8.504076352843322398e-14 1.692738461444803887e-14 2.554167607873371302e-15 2.921499006745526354e-16 2.533138365613739186e-17 1.664979541818074713e-18 8.295751035948094167e-20 3.133280946564885244e-21 8.970977863148361414e-23 1.947049764058507610e-24 3.203399752860768216e-26 3.995232365237587306e-28 3.777198148504958763e-30
6.205161035784353678e-14 8.586932166418886727e-14 9.007822648944104652e-14 7.163057562734146822e-14 4.317912872571783841e-14 1.973086512643139084e-14 6.834633018965092429e-15 1.794655491862027952e-15 3.572266111066002310e-16 5.390180819664746521e-17 6.165377660529025493e-18 5.345801814179539442e-19 3.513685148843575443e-20 1.750691614005397068e-21 6.612311114092070121e-23 1.893187927938699867e-24 4.108951292315210540e-26 6.760286150510507067e-28 8.431327998532471047e-30 7.971200069010509248e-32
