8.721028272695858983e-13 2.439426122890573299e-11 5.172547236360021285e-10 8.314154296200427337e-09 1.013044478970045149e-07 9.356981427494574295e-07 6.551486347047309755e-06 3.477288566625276467e-05 1.399066778792511841e-04 4.267101519626907073e-04 9.865618692542709421e-04 1.729069682149921797e-03 2.297193005216498565e-03 2.313552153064105631e-03 1.766273374222519137e-03 1.022194099719331241e-03 4.484413350516516230e-04 1.491333327294168236e-04 3.759591241219060955e-05 7.184612580661642104e-06
3.893774339795693133e-12 1.089157670876627947e-10 2.309444605675363170e-09 3.712112797180511847e-08 4.523052183691532863e-07 4.177715407068710808e-06 2.925114863521590584e-05 1.552543641577372100e-04 6.246568813426076365e-04 1.905180201564738015e-03 4.404812335203769393e-03 7.719969422817695055e-03 1.025653271332090978e-02 1.032957321739697877e-02 7.886076878278521635e-03 4.563903511514850672e-03 2.002205827946569767e-03 6.658521518707474036e-04 1.678586451670129715e-04 3.207793763900487532e-05
1.317864266922024753e-11 3.686299847483305398e-10 7.816412192020075489e-09 1.256380155416214055e-07 1.530845994178357610e-06 1.413965312800933571e-05 9.900174018507384673e-05 5.254649112971389964e-04 2.114177430866652323e-03 6.448162349904472054e-03 1.490827221221815470e-02 2.612856050768451802e-02 3.471366542035324992e-02 3.496087407180498152e-02 2.669075816198579823e-02 1.544672297527384386e-02 6.776549654421591337e-03 2.253604552876169956e-03 5.681246293568147478e-04 1.085691262047194284e-04
3.381173104180695047e-11 9.457740232510165230e-10 2.005414619562788300e-08 3.223426643201491143e-07 3.927608807732302933e-06 3.627734362244320828e-05 2.540034126296423556e-04 1.348156915596604704e-03 5.424230739185151827e-03 1.654370154508298663e-02 3.824934805424758111e-02 6.703663515050584110e-02 8.906297470297094843e-02 8.969722457557852136e-02 6.847903527900817133e-02 3.963082206766902621e-02 1.738622709923656404e-02 5.781951368512900334e-03 1.457606647982315770e-03 2.785499377148800888e-04
6.575987034704432734e-11 1.839420083807267915e-09 3.900297361630408732e-08 6.269188580378894693e-07 7.638740697748753358e-06 7.055519902832976462e-05 4.940069901058654180e-04 2.622007843002356273e-03 1.054949566764938618e-02 3.217556851258793205e-02 7.439051747443091445e-02 1.303784308040502604e-01 1.732170903035928355e-01 1.744506322757187478e-01 1.331837306960194922e-01 7.707732318390721205e-02 3.381418237523534792e-02 1.124522053828584320e-02 2.834874797442037565e-03 5.417471163088049017e-04
9.695078062723129321e-11 2.711885106910605484e-09 5.750267935335024526e-08 9.242760418465063051e-07 1.126191201027859492e-05 1.040206068991083444e-04 7.283220461553902708e-04 3.865666185900967604e-03 1.555328249287174849e-02 4.743693179377696939e-02 1.096750754274246897e-01 1.922189106623481414e-01 2.553766002621950526e-01 2.571952300207836495e-01 1.963548071138551676e-01 1.136362740969585061e-01 4.985276522367682733e-02 1.657900028936396680e-02 4.179499186084124386e-03 7.987060429332298265e-04
1.083523891059978919e-10 3.030808296887562212e-09 6.426511109681179520e-08 1.032972779379305311e-06 1.258633570890998235e-05 1.162536412894907349e-04 8.139741962772806391e-04 4.320276371359039504e-03 1.738238006584758716e-02 5.301561120458198745e-02 1.225730867875465396e-01 2.148242444967780329e-01 2.854094065169829331e-01 2.874419108245035992e-01 2.194465307611749572e-01 1.270001304564134792e-01 5.571555154666382043e-02 1.852872435600645337e-02 4.671016769013940258e-03 8.926354938590944825e-04
9.179573267340559180e-11 2.567689282174117216e-09 5.444515812843383850e-08 8.751306168435794746e-07 1.066309582654955532e-05 9.848964352489141373e-05 6.895958487027321025e-04 3.660121739194317856e-03 1.472628639679667180e-02 4.491462453026440899e-02 1.038434537580575356e-01 1.819982843230257830e-01 2.417977655986727759e-01 2.435196955312762535e-01 1.859142676969728625e-01 1.075940283463413805e-01 4.720200373732027360e-02 1.569746492713959898e-02 3.957267672445465186e-03 7.562374013638323506e-04
5.895264739475995031e-11 1.649009997119065249e-09 3.496552743815511043e-08 5.620224946914670286e-07 6.848006003020140942e-06 6.325158106658562999e-05 4.428691806197689019e-04 2.350587113676703803e-03 9.457450189687537437e-03 2.884487051507386712e-02 6.668988127621772177e-02 1.168821291543004626e-01 1.552862862034669611e-01 1.563921363906038697e-01 1.193970345897132357e-01 6.909855861656323539e-02 3.031386102176151717e-02 1.008115614844236167e-02 2.541418854080872581e-03 4.856674223402945292e-04
2.869993759882731438e-11 8.027881038191716669e-10 1.702227974369696727e-08 2.736096043112739333e-07 3.333817116761780349e-06 3.079278895623484193e-05 2.156021554574136386e-04 1.144337132671759691e-03 4.604173727271411963e-03 1.404255822958098282e-02 3.246665782936108968e-02 5.690176711970122703e-02 7.559807609911120552e-02 7.613643752590101843e-02 5.812609939743560578e-02 3.363927504705316318e-02 1.475770738298359634e-02 4.907812713599132154e-03 1.237239814459754634e-03 2.364376381880465303e-04
1.059144978570880940e-11 2.962616159316168968e-10 6.281916834238065554e-09 1.009731249404852322e-07 1.230314751219590048e-06 1.136379746014558976e-05 7.956600586166749178e-05 4.223071648458984000e-04 1.699128253124409724e-03 5.182277830373276974e-03 1.198152347632696312e-02 2.099907733566077489e-02 2.789877936642787964e-02 2.809745673284278281e-02 2.145090597800514143e-02 1.241426714819999014e-02 5.446197092269701272e-03 1.811183447167932087e-03 4.565920508574777023e-04 8.725515042313574342e-05
2.962966150635889890e-12 8.287941287532862355e-11 1.757371022621669848e-09 2.824730866649379749e-08 3.441814894322044943e-07 3.179031001263455288e-06 2.225865078712077960e-05 1.181407512593582611e-04 4.753324239321591476e-04 1.449746173116490781e-03 3.351840325137343726e-03 5.874507890704622204e-03 7.804704792947545280e-03 7.860284937639272149e-03 6.000907297796228418e-03 3.472900697192521716e-03 1.523577787798274449e-03 5.066799498772744980e-04 1.277319742539467372e-04 2.440969483906138603e-05
6.283401161678935121e-13 1.757578631225143956e-11 3.726761145304360480e-10 5.990253113463969846e-09 7.298869648114491773e-08 6.741598138765493518e-07 4.720271008940963195e-06 2.505346655902089149e-05 1.008011618383828229e-04 3.074397858492152456e-04 7.108065472908042803e-04 1.245774937281130370e-03 1.655101296113119453e-03 1.666887875100777575e-03 1.272579772064155474e-03 7.364791619523504635e-04 3.230968548090003148e-04 1.074488611682257515e-04 2.708742505338927536e-05 5.176431221634778104e-06
1.010089148205175620e-13 2.825398310305355632e-12 5.990960777393362884e-11 9.629640873185138978e-10 1.173330945457991719e-08 1.083746675774512774e-07 7.588079131087645921e-07 4.027473981850059753e-06 1.620430672489779928e-05 4.942253143197995367e-05 1.142658190074542269e-04 2.002647472085684758e-04 2.660660708057483326e-04 2.679608241763441179e-04 2.045737626664533959e-04 1.183928242405168907e-04 5.193948603061858226e-05 1.727295868278280359e-05 4.354443301522192878e-06 8.321380202957886727e-07
1.230896231600701242e-14 3.443034844108035809e-13 7.300594267015297985e-12 1.173469557962616035e-10 1.429822943599593272e-09 1.320655411050573530e-08 9.246845215731834706e-08 4.907886156323811612e-07 1.974659377226277485e-06 6.022637487382858765e-06 1.392445075436777845e-05 2.440429372986605125e-05 3.242285341779314889e-05 3.265374836284064410e-05 2.492939103424203289e-05 1.442736826399548807e-05 6.329353972366322503e-06 2.104885473624866039e-06 5.306331485776772295e-07 1.014044706027960496e-07
1.137051140834985010e-15 3.180533498210944201e-14 6.743987695281151608e-13 1.084002749672369711e-11 1.320811427863194908e-10 1.219966966534740260e-09 8.541854001778403017e-09 4.533702687414279849e-08 1.824108840365672667e-07 5.563463962318555012e-07 1.286283295803487343e-06 2.254367940563967799e-06 2.995089392700852827e-06 3.016418514842844439e-06 2.302874262515547056e-06 1.332740739850125506e-06 5.846795993248418929e-07 1.944406333911449450e-07 4.901770039302825682e-08 9.367326507672676184e-09
7.962242012995229439e-17 2.227180162239426625e-15 4.722501938044637702e-14 7.590768722421329314e-13 9.249030113503763363e-12 8.542863101369500966e-11 5.981464365084523432e-10 3.174741813780770993e-09 1.277338856928636804e-08 3.895835895826833026e-08 9.007245611608654098e-08 1.578629358388111339e-07 2.097322252165972141e-07 2.112258047603859422e-07 1.612596086943092112e-07 9.332565555030796588e-08 4.094240182079110791e-08 1.361577614779477610e-08 3.432482317050189683e-09 6.559504492829113708e-10
4.226565160915369253e-18 1.182245159772768829e-16 2.506826862473909534e-15 4.029377476141690770e-14 4.909625754428264076e-13 4.534773936761445170e-12 3.175116864755133327e-11 1.685235530787314700e-10 6.780446892428904500e-10 2.068011025421097893e-09 4.781280251931446808e-09 8.379775240782259825e-09 1.113313203460722535e-08 1.121241512163886918e-08 8.560079470804977009e-09 4.953968539573895398e-09 2.173329181121659855e-09 7.227608129866869590e-10 1.822050893834226792e-10 3.481955599567377878e-11
1.700734741583400300e-19 4.757256400274925082e-18 1.008726323580565295e-16 1.621388053826583465e-15 1.975592655223688665e-14 1.824755394947410184e-13 1.277640673900526497e-12 6.781247906609757541e-12 2.728395553924811803e-11 8.321504727847224185e-11 1.923947490246499198e-10 3.371952007377111073e-10 4.479879929212018381e-10 4.511782785408726075e-10 3.444504933069534683e-10 1.993435823935042606e-10 8.745296245308751786e-11 2.908329524571430814e-11 7.331781572263346237e-12 1.401110034123440153e-12
5.187790352162961334e-21 1.451116876294003461e-19 3.076941136965355086e-18 4.945757323051317175e-17 6.026195776439358522e-16 5.566093407460003437e-15 3.897216773158480537e-14 2.068499666960586678e-13 8.322487796278994410e-13 2.538327752534337673e-12 5.868661340260835374e-12 1.028554286810270214e-11 1.366508092495216034e-11 1.376239494196908672e-11 1.050685272832107459e-11 6.080623204908633768e-12 2.667597855147081313e-12 8.871344531032264527e-13 2.236430218938352184e-13 4.273838206290273727e-14
