2.740226041667088119e-09 2.323224901923220978e-08 1.493113899380368314e-07 7.274303920986307816e-07 2.686499505734952945e-06 7.521057474167980588e-06 1.596128562665044605e-05 2.567755396655971905e-05 3.131383446082970266e-05 2.894780720354808541e-05 2.028578933342374684e-05 1.077618330029345989e-05 4.339451595752254598e-06 1.324651227344216611e-06 3.065244087742943338e-07 5.376818789742108324e-08 7.149613354496458185e-09 7.206701459410279399e-10 5.506648132081409189e-11 3.189590585678807067e-12
2.267194204922657125e-08 1.922177935061117131e-07 1.235364940151136028e-06 6.018576366960156200e-06 2.222742218457408674e-05 6.222734059541329497e-05 1.320596685295410966e-04 2.124496324914706546e-04 2.590828017250327133e-04 2.395068864361813820e-04 1.678395260817237605e-04 8.915943414195866149e-05 3.590353263136813376e-05 1.095983156320706982e-05 2.536105973278151769e-06 4.448644825521875352e-07 5.915410523903529693e-08 5.962643788116977233e-09 4.556062362653786845e-10 2.638987142654636057e-11
1.421961623887434586e-07 1.205570855820593018e-06 7.748085861267608882e-06 3.774791151843630873e-05 1.394081780721858124e-04 3.902836823203187930e-04 8.282650877660851022e-04 1.332462934829024273e-03 1.624941527560058111e-03 1.502163336645586343e-03 1.052672790630244590e-03 5.591990905856660541e-04 2.251833806426709495e-04 6.873897195623049784e-05 1.590620406616750796e-05 2.790145725700328466e-06 3.710086562618764153e-07 3.739710795486250294e-08 2.857516935101987200e-09 1.655146451344807154e-10
6.760578315568111900e-07 5.731769443580150783e-06 3.683752105604813458e-05 1.794687759377437556e-04 6.628026311364688125e-04 1.855565829126551913e-03 3.937905846280976077e-03 6.335065498375549130e-03 7.725626536429159967e-03 7.141889562676082166e-03 5.004830455457340288e-03 2.658657717895021241e-03 1.070612493772670837e-03 3.268127602285593046e-04 7.562450103171438752e-05 1.326547663000641079e-05 1.763924591407019779e-06 1.778009144954378004e-07 1.358578649612593249e-08 7.869232910421371248e-10
2.436557360590567472e-06 2.065767804923317367e-05 1.327648743722621802e-04 6.468173972636577854e-04 2.388784737239817504e-03 6.687582582406204068e-03 1.419247441150639326e-02 2.283199713010525961e-02 2.784367153792589172e-02 2.573984468516736165e-02 1.803774161845158458e-02 9.581979128783561089e-03 3.858558588153585510e-03 1.177854910187370882e-03 2.725557282658716616e-04 4.780965949341000563e-05 6.357301470530066159e-06 6.408063137675347740e-07 4.896407754099935674e-08 2.836123845490500722e-09
6.656811373618148565e-06 5.643793510256083591e-05 3.627210834568849970e-04 1.767141408776514658e-03 6.526293887097013753e-03 1.827085071610300843e-02 3.877463613637284479e-02 6.237829678726009019e-02 7.607047237009355312e-02 7.032269940645120843e-02 4.928012182360057974e-02 2.617850442511145126e-02 1.054179848619164750e-02 3.217965679538461240e-03 7.446375370474641502e-04 1.306186713402072909e-04 1.736850419326333925e-05 1.750718791508408979e-06 1.337726061965736522e-07 7.748449421718035891e-09
1.378645734990127379e-05 1.168846676791208820e-04 7.512063158055731294e-04 3.659803214478065617e-03 1.351615169448325098e-02 3.783948350140168421e-02 8.030344219615384582e-02 1.291873360908565860e-01 1.575442451431696422e-01 1.456404337877487132e-01 1.020606202560517539e-01 5.421647309571240442e-02 2.183238296297737926e-02 6.664504085277976435e-03 1.542166822741230592e-03 2.705152122334771926e-04 3.597069660723451151e-05 3.625791478252857842e-06 2.770471065506253015e-07 1.604727270833295192e-08
2.164392057810296055e-05 1.835019976370483069e-04 1.179349373403862410e-03 5.745674040489916201e-03 2.121955672673821527e-02 5.940574542354348786e-02 1.260716426946536795e-01 2.028164575627701693e-01 2.473351233658561132e-01 2.286468453685143454e-01 1.602291221674673471e-01 8.511664802102754390e-02 3.427554671141053166e-02 1.046287624537801594e-02 2.421110469676650192e-03 4.246928431394287771e-04 5.647186080850543114e-05 5.692277631325587154e-06 4.349475299118734751e-07 2.519326663690036660e-08
2.575822906773460184e-05 2.183840248565666628e-04 1.403532747286054304e-03 6.837873367231113095e-03 2.525319758547268575e-02 7.069822646213383410e-02 1.500366922783778201e-01 2.413699844146352802e-01 2.943512355427670424e-01 2.721104892879485093e-01 1.906871916859252392e-01 1.012965330976802331e-01 4.079101013277389165e-02 1.245177194507279643e-02 2.881341106902536673e-03 5.054230123206131329e-04 6.720663760235442508e-05 6.774326796096459149e-06 5.176270199055295683e-07 2.998227288148152981e-08
2.323768658390841448e-05 1.970143021558147945e-04 1.266191631649840567e-03 6.168760973059618687e-03 2.278207438832818843e-02 6.378013116682533512e-02 1.353550208006550348e-01 2.177509965394311131e-01 2.655478270319844292e-01 2.454834239434547649e-01 1.720277113892794141e-01 9.138427498142519256e-02 3.679945179514615416e-02 1.123331783070260180e-02 2.599390719271272351e-03 4.559654129061684741e-04 6.063020780097354545e-05 6.111432680045918940e-06 4.669752110790240533e-07 2.704839134945855065e-08
1.589156242280916198e-05 1.347322191299099201e-04 8.659107816496635149e-04 4.218632079436444339e-03 1.557998279888608666e-02 4.361733394211593506e-02 9.256527126860225607e-02 1.489134274033768746e-01 1.816002575937290531e-01 1.678788093331017028e-01 1.176446331748368240e-01 6.249498654208200665e-02 2.516605012362474816e-02 7.682131819674480229e-03 1.777645968647127359e-03 3.118211787423808630e-04 4.146319507744245989e-05 4.179426965634316338e-06 3.193504521188288321e-07 1.849759002534038981e-08
8.238290951304996516e-06 6.984607253683560964e-05 4.488938700491130638e-04 2.186966741358507826e-03 8.076766015739684709e-03 2.261151408370222493e-02 4.798644817973896776e-02 7.719770459726725542e-02 9.414277332112783170e-02 8.702948388886419528e-02 6.098775508459602923e-02 3.239781391114791159e-02 1.304624664947808682e-02 3.982467889118300637e-03 9.215434145801681921e-04 1.616501591795349222e-04 2.149479426443367744e-05 2.166642551345741081e-06 1.655533842417897008e-07 9.589272877787538695e-09
3.237460459869130929e-06 2.744791358447192141e-05 1.764050533723170394e-04 8.594280529841512176e-04 3.173984843959646446e-03 8.885809352504587741e-03 1.885757974678652776e-02 3.033693732153516093e-02 3.699596287762742935e-02 3.420060235774794594e-02 2.396679685017502615e-02 1.273160199651902913e-02 5.126877398120400532e-03 1.565019055521051474e-03 3.621455450397123338e-04 6.352482593399976516e-05 8.446963931651692222e-06 8.514411098263857307e-07 6.505870436578998585e-08 3.768365546231998040e-09
9.644253991637337451e-07 8.176614152682522499e-06 5.255029864363927448e-05 2.560198814243607075e-04 9.455162890851683249e-04 2.647043983366053049e-03 5.617591040877673546e-03 9.037241766625136313e-03 1.102093653589975367e-02 1.018821078724295101e-02 7.139604608434515359e-03 3.792688896031494016e-03 1.527274492595863311e-03 4.662123741831745451e-04 1.078815837782961363e-04 1.892376953097396866e-05 2.516313839963979677e-06 2.536406057734271715e-07 1.938070524870246081e-08 1.122579716777940082e-09
2.177858329870093917e-07 1.846436982891000435e-06 1.186686971718597793e-05 5.781422097094068174e-05 2.135157916825453171e-04 5.977535218073984184e-04 1.268560269439979616e-03 2.040783276504420929e-03 2.488739767585076024e-03 2.300694252630566036e-03 1.612260251745839144e-03 8.564622117988912511e-04 3.448880005215751421e-04 1.052797348020655273e-04 2.436173975455951867e-05 4.273351691204952982e-06 5.682321371549204431e-07 5.727693469665394986e-08 4.376536578282082281e-09 2.535001244521327844e-10
3.728098950041590947e-08 3.160765639721158725e-07 2.031393131781911264e-06 9.896747347752991492e-06 3.655003577925460727e-05 1.023245748572978770e-04 2.171545386446582565e-04 3.493451289300523272e-04 4.260271656427763428e-04 3.938371798550527976e-04 2.759897496218671059e-04 1.466108161749987953e-04 5.903857817524438186e-05 1.802198349603616984e-05 4.170288542394642663e-06 7.315203994049481283e-07 9.727104857337112071e-08 9.804773670330199186e-09 7.491837829178381249e-10 4.339462924853242006e-11
4.837734782640294543e-09 4.101539706955132236e-08 2.636019414325983655e-07 1.284242707095896137e-06 4.742883216500319534e-06 1.327805837611976344e-05 2.817886753777683930e-05 4.533246311372764322e-05 5.528304010162402656e-05 5.110593493395593017e-05 3.581356689534748882e-05 1.902482349383888103e-05 7.661089122991799710e-06 2.338606822921662387e-06 5.411538214393087566e-07 9.492510064339229381e-08 1.262229198669850817e-08 1.272307823813074045e-09 9.721717405519025154e-11 5.631065862483705381e-12
4.758756682653053303e-10 4.034580308056304516e-09 2.592985264206793822e-08 1.263276892828258378e-07 4.665453609105395158e-07 1.306128836511610517e-06 2.771883541160241266e-06 4.459239116573419734e-06 5.438052070671782319e-06 5.027160857657902888e-06 3.522889502013213723e-06 1.871423507185102561e-06 7.536018549685868607e-07 2.300428061209808175e-07 5.323192526714058185e-08 9.337540756868819121e-09 1.241622764390509038e-09 1.251536851645633726e-10 9.563006189671484295e-12 5.539136291578341350e-13
3.548475109888498887e-11 3.008476532152179287e-10 1.933518413304488018e-09 9.419911355079418366e-09 3.478901551869268507e-08 9.739446615465842379e-08 2.066917980734636876e-07 3.325133027263794216e-07 4.055007159621845065e-07 3.748616785100999253e-07 2.626922649428676699e-07 1.395469484605865749e-07 5.619403561585282204e-08 1.715366483654952624e-08 3.969359529358913318e-09 6.962749552651193099e-10 9.258442423356596156e-11 9.332369068924153240e-12 7.130872978536135310e-13 4.130382907072210892e-14
2.005796394514915818e-12 1.700559027272758238e-11 1.092932637832767685e-10 5.324660212499612839e-10 1.966469532269309945e-09 5.505279394924600141e-09 1.168337526720277012e-08 1.879550970720428908e-08 2.292116610269039063e-08 2.118927651773762015e-08 1.484883454363354703e-08 7.887973211586048139e-09 3.176400863498300683e-09 9.696209784869950802e-10 2.243703784291643545e-10 3.935735073834840916e-11 5.233388950606485734e-12 5.275176421152589809e-13 4.030767827632036991e-14 2.334723194164332445e-15
