1.225261385721852886e-21 1.420874478293944470e-19 1.249049067900204339e-17 8.323387331216444453e-16 4.204530720763945578e-14 1.610021866246194673e-12 4.673506360862589622e-11 1.028373131653439251e-09 1.715360573532384245e-08 2.168986984193622057e-07 2.079003819928764326e-06 1.510603366199242436e-05 8.320365956679062498e-05 3.474011310475071590e-04 1.099554719981765162e-03 2.638148788858177447e-03 4.798202178535574021e-03 6.615377334101141260e-03 6.913970428195445432e-03 5.477687267589355369e-03
4.539816643825698883e-21 5.264598787258556263e-19 4.627954339773516654e-17 3.083966635984588056e-15 1.557855227303617033e-13 5.965424317197124415e-12 1.731619245437128723e-10 3.810309794748794620e-09 6.355723417576593392e-08 8.036491907628642888e-07 7.703087891510849175e-06 5.597060663141852061e-05 3.082847161677161997e-04 1.287184477689377014e-03 4.074050546879400339e-03 9.774821862594644528e-03 1.777821317507960810e-02 2.451117816697226739e-02 2.561751997623618743e-02 2.029582921396293552e-02
1.275101327819550271e-20 1.478671371717256829e-18 1.299856621249037985e-16 8.661957653825690288e-15 4.375558364426597403e-13 1.675512705608976691e-11 4.863610520785464612e-10 1.070204252697243819e-08 1.785136274176987368e-07 2.257214840684155084e-06 2.163571432369338856e-05 1.572050160476199082e-04 8.658813378873951323e-04 3.615323625201122357e-03 1.144281293605766726e-02 2.745460734222655505e-02 4.993378588677924862e-02 6.884470955370972090e-02 7.195209917027782509e-02 5.700503084220250039e-02
2.714862899893464414e-20 3.148291010781432671e-18 2.767570262235105218e-16 1.844247744219080590e-14 9.316154575898452095e-13 3.567392789509874852e-11 1.035528351695089460e-09 2.278609360343425182e-08 3.800796169120617141e-07 4.805915180514647500e-06 4.606535719834288511e-05 3.347107060696585226e-04 1.843578285625692382e-03 7.697512163955567109e-03 2.436329382830065490e-02 5.845456614182258093e-02 1.063157725567247663e-01 1.465796825268134429e-01 1.531957346016402377e-01 1.213714078750296188e-01
4.381753344132818576e-20 5.081300667277221385e-18 4.466822340143618684e-16 2.976591827513085884e-14 1.503615209040691977e-12 5.757725476996867956e-11 1.671329266079093702e-09 3.677645815944878904e-08 6.134435490302302111e-07 7.756684477387471951e-06 7.434888625883572899e-05 5.402187181147667314e-04 2.975511330066809949e-03 1.242368432941456588e-02 3.932203877051627244e-02 9.434490805477345476e-02 1.715922715481412730e-01 2.365776975769187940e-01 2.472559194145544370e-01 1.958918707679086491e-01
5.360987200115127918e-20 6.216869298150966109e-18 5.465067407950468320e-16 3.641800310059011288e-14 1.839643005090446205e-12 7.044461465474367818e-11 2.044837784998851563e-09 4.499525782809527523e-08 7.505358599766455148e-07 9.490147649293499818e-06 9.096436888902908319e-05 6.609467502212935464e-04 3.640478343137475842e-03 1.520012822206078321e-02 4.810972457257033097e-02 1.154290998955757042e-01 2.099396974592420972e-01 2.894480608409452649e-01 3.025126507654801178e-01 2.396697689977353163e-01
4.972083726376829253e-20 5.765877349172619570e-18 5.068613616917306194e-16 3.377612253200215246e-14 1.706189309266897761e-12 6.533433284978062345e-11 1.896498591463680317e-09 4.173115526304494162e-08 6.960895439877115322e-07 8.801701426735725862e-06 8.436551727330463034e-05 6.129995200709215802e-04 3.376386186065192217e-03 1.409746140974300552e-02 4.461968844518227756e-02 1.070554970041318610e-01 1.947099879729521643e-01 2.684505556938618365e-01 2.805673977102298711e-01 2.222833432828447142e-01
3.495657831324778472e-20 4.053739924605173622e-18 3.563523838092656180e-16 2.374653640975929661e-14 1.199548187215993148e-12 4.593375430689740908e-11 1.333346443499532973e-09 2.933937715722958418e-08 4.893905653348858064e-07 6.188097026228438964e-06 5.931376006113590242e-05 4.309735496943739174e-04 2.373791646001959486e-03 9.911317687057026940e-03 3.137018037673573040e-02 7.526610714610039443e-02 1.368922028975543270e-01 1.887360187352599972e-01 1.972548482675831050e-01 1.562778409377174604e-01
1.863014424117408998e-20 2.160444847743563742e-18 1.899183681984357870e-16 1.265574091885443657e-14 6.393004358668485686e-13 2.448044143816678095e-11 7.106083536911528432e-10 1.563645112766225812e-08 2.608212034014601578e-07 3.297952652686430206e-06 3.161132921887193736e-05 2.296877950406878100e-04 1.265114690780552893e-03 5.282246920030919494e-03 1.671876978499208660e-02 4.011314894833704903e-02 7.295683984341785888e-02 1.005870546320112996e-01 1.051271735627307691e-01 8.328843550644532412e-02
7.526626038056715585e-21 8.728252575132723541e-19 7.672750767159408069e-17 5.112951778453105355e-15 2.582790151512618122e-13 9.890161104840455932e-12 2.870875967740410008e-10 6.317166344861681098e-09 1.053724348768106799e-07 1.332381327092904552e-06 1.277105805066750906e-05 9.279445807812579839e-05 5.111095786211067998e-04 2.134041298503861969e-03 6.754425857309752368e-03 1.620581501863736090e-02 2.947475034606568053e-02 4.063742795997879464e-02 4.247164764810684029e-02 3.364874148243893887e-02
2.305054929891602078e-21 2.673057160794355949e-19 2.349806127240075987e-17 1.565858944449999038e-15 7.909883049213875910e-14 3.028895616291407016e-12 8.792155700425825381e-11 1.934653768174765363e-09 3.227066806021171256e-08 4.080463319131463399e-07 3.911180145097738500e-06 2.841861970796536485e-05 1.565290540487096320e-04 6.535574360724667959e-04 2.068565987237358343e-03 4.963086197287169474e-03 9.026742958796525607e-03 1.244535110202565562e-02 1.300708714593776412e-02 1.030504199977095789e-02
5.351296802368941755e-22 6.205631827516109663e-20 5.455188877203068860e-18 3.635217475181876016e-16 1.836317708505151742e-14 7.031728058181996296e-13 2.041141583026446448e-11 4.491392543001786827e-10 7.491792085364380834e-09 9.472993475638714800e-08 9.079994377806292703e-07 6.597520380051241855e-06 3.633897897817501172e-05 1.517265281822808480e-04 4.802276253569799668e-04 1.152204528968567938e-03 2.095602152677803788e-03 2.889248611518366403e-03 3.019658358226815550e-03 2.392365474095027155e-03
9.417456408844830252e-23 1.092095418798335624e-20 9.600290424992345351e-19 6.397421666845530992e-17 3.231635734534754064e-15 1.237475604744344162e-13 3.592094139484574169e-12 7.904157637080708818e-11 1.318439772520460538e-09 1.667100637710961247e-08 1.597938862364956932e-07 1.161061755313083133e-06 6.395099414358671624e-06 2.670152708759207240e-05 8.451264983322086407e-05 2.027702130225991382e-04 3.687936336177060639e-04 5.084631605790277363e-04 5.314132631480281100e-04 4.210193976970502748e-04
1.256333723180666233e-23 1.456907517277013049e-21 1.280724655323981684e-19 8.534466455205649481e-18 4.311156620293583208e-16 1.650851638021461055e-14 4.792025371134881140e-13 1.054452429795595840e-11 1.758861709882110923e-10 2.223991978476480157e-09 2.131726862557688561e-08 1.548911908448215905e-07 8.531368459328273975e-07 3.562111411427173276e-06 1.127439166281829104e-05 2.705051614972840308e-05 4.919883445099959633e-05 6.783141730611089929e-05 7.089307074586668480e-05 5.616600114477200500e-05
1.270495806058333315e-24 1.473330577984591307e-22 1.295161686168183235e-20 8.630671642589536307e-19 4.359754342561668019e-17 1.669460943244282319e-15 4.846043709738483415e-14 1.066338795994149674e-12 1.778688563882842284e-11 2.249062036007612335e-10 2.155756857091027967e-09 1.566372093121208468e-08 8.627538724403239992e-08 3.602265485219278998e-07 1.140148279010241058e-06 2.735544440607274086e-06 4.975343070048623285e-06 6.859605025026730935e-06 7.169221632703702711e-06 5.679913511900418067e-06
9.739536140426578221e-26 1.129445397824293195e-23 9.928623132780083079e-22 6.616215337218952542e-20 3.342158610857428606e-18 1.279797628156174099e-16 3.714944797457898393e-15 8.174482113203559750e-14 1.363530793875363302e-12 1.724115961446297572e-11 1.652588833390167054e-10 1.200770402984642913e-09 6.613813663025737038e-09 2.761472703286793076e-08 8.740300688844256209e-08 2.097050129248062961e-07 3.814064824983336984e-07 5.258527476574134245e-07 5.495877503686911319e-07 4.354183828066200237e-07
5.659787564116222308e-27 6.563373167661200926e-25 5.769668793820415855e-23 3.844779951241779397e-21 1.942177478506328803e-19 7.437092070902774582e-18 2.158809009266592318e-16 4.750311671965687714e-15 7.923677800662993855e-14 1.001909119386526402e-12 9.603436542522417469e-12 6.977853253156722173e-11 3.843384303077859178e-10 1.604732365008146063e-09 5.079117160418556179e-09 1.218626644197314568e-08 2.216409113733045928e-08 3.055807585531913522e-08 3.193735173912601155e-08 2.530280202942578040e-08
2.493209695580185573e-28 2.891250852076630098e-26 2.541613799825650068e-24 1.693675344386384426e-22 8.555543233901469487e-21 3.276135340424687888e-19 9.509833172775173109e-18 2.092573790695259412e-16 3.490482653892906084e-15 4.413539381552303252e-14 4.230438126425444770e-13 3.073834695741387366e-12 1.693060543301628777e-11 7.069053822118787998e-11 2.237416865189450682e-10 5.368208135351646968e-10 9.763569090060678560e-10 1.346122802979317999e-09 1.406881691319753522e-09 1.114621187287634602e-09
8.325576257449199067e-30 9.654755270305323876e-28 8.487212104519678897e-26 5.655690839020753191e-24 2.856952936771533533e-22 1.094000021529805215e-20 3.175619018966489572e-19 6.987732600132883917e-18 1.165577029553735412e-16 1.473813404123566422e-15 1.412670393766450536e-14 1.026445758154849813e-13 5.653637833481962191e-13 2.360569460659330479e-12 7.471407143915812691e-12 1.792605984003657556e-11 3.260349065234115986e-11 4.495108481233343407e-11 4.698000664387006614e-11 3.722055031866216351e-11
2.107495317726074999e-31 2.443957138432784034e-29 2.148411018975304979e-27 1.431653688965691873e-25 7.231949778638446351e-24 2.769297705853516799e-22 8.038605384660956556e-21 1.768840171648822483e-19 2.950484214273663843e-18 3.730738572736295952e-17 3.575964171476066009e-16 2.598294174863392859e-15 1.431134001267640739e-14 5.975429125467965532e-14 1.891275160507840790e-13 4.537714388760992280e-13 8.253086845472736832e-13 1.137869594118932292e-12 1.189228720836074219e-12 9.421826561204382409e-13
