3.789952137115046300e-17 1.359088290578650354e-16 3.694523519102955979e-16 7.613178629430265562e-16 1.189242506315054120e-15 1.408223691904845822e-15 1.264065822388053352e-15 8.601309022732607384e-16 4.436660860045038572e-16 1.734781304274283832e-16 5.141976095061106446e-17 1.155346339962102848e-17 1.967846197296749685e-18 2.540779228558492807e-19 2.486792381202922218e-20 1.845053422389348851e-21 1.037708041172762831e-22 4.424235520091384454e-24 1.429875133959833478e-25 3.503118340051412139e-27
2.370877688440718211e-15 8.502039044764242385e-15 2.311180475099182585e-14 4.762570791822653749e-14 7.439535968688968994e-14 8.809415028687676936e-14 7.907607659925811289e-14 5.380714825835158896e-14 2.775438808645767897e-14 1.085225918382924237e-14 3.216662363328901966e-15 7.227491959629105477e-16 1.231024159319662418e-16 1.589433472061838084e-17 1.555660957994678766e-18 1.154208769626828222e-19 6.491582882639869133e-21 2.767665897484438500e-22 8.944859802219367894e-24 2.191443272082478336e-25
1.124297884321821744e-13 4.031766192349040102e-13 1.095988768677839552e-12 2.258466681467942372e-12 3.527914826949207511e-12 4.177527473119174281e-12 3.749879888552458595e-12 2.551597800392718228e-12 1.316145491536235898e-12 5.146268025541089326e-13 1.525378853283147657e-13 3.427361081839770227e-14 5.837660308754250802e-15 7.537279120816560216e-16 7.377125915532875960e-17 5.473392761187051206e-18 3.078384404406708225e-19 1.312459486300152832e-20 4.241756966300781325e-22 1.039207988849914108e-23
4.041573270161184850e-12 1.449320389352719489e-11 3.939808989818670392e-11 8.118630034491568076e-11 1.268198265142505590e-10 1.501717970492025965e-10 1.347989223783907215e-10 9.172364023872356417e-11 4.731218044979789602e-11 1.849956277882533024e-11 5.483360314261362320e-12 1.232051676759121694e-12 2.098494731080420333e-13 2.709465725163328017e-14 2.651894602542617565e-15 1.967549542624177037e-16 1.106603178537142193e-17 4.717967766344982444e-19 1.524806887265648412e-20 3.735696107270782075e-22
1.101327133634136281e-10 3.949392386147889312e-10 1.073596407086775583e-09 2.212323505535757715e-09 3.455835306861768908e-09 4.092175589588893125e-09 3.673265356736752717e-09 2.499465605050712808e-09 1.289255064740639164e-09 5.041123613695095839e-10 1.494213538617301488e-10 3.357335995049619468e-11 5.718389925502860572e-12 7.383283492111618160e-13 7.226402408390851630e-14 5.361564799677677173e-15 3.015489328590444540e-16 1.285644369000813603e-17 4.155092797392002769e-19 1.017975726513210019e-20
2.274987638327485109e-09 8.158174427014451897e-09 2.217704876312068476e-08 4.569948812999232116e-08 7.138644243934490227e-08 8.453118601972922782e-08 7.587784794966115364e-08 5.163092037105924199e-08 2.663186300747602448e-08 1.041334000969687407e-08 3.086564586998728708e-09 6.935176346056612996e-10 1.181235438078033492e-10 1.525148900980527852e-11 1.492742314848892118e-12 1.107526843646303210e-13 6.229031081268775453e-15 2.655727764656923577e-16 8.583085317237433044e-18 2.102810439522271654e-19
3.562366208620620251e-08 1.277475288797399022e-07 3.472668061561589078e-07 7.156008653534006115e-07 1.117828712627738325e-06 1.323660118314714337e-06 1.188158902337805746e-06 8.084801998531427328e-07 4.170240191731055082e-07 1.630608006146943733e-07 4.833201376660186812e-08 1.085968004827493209e-08 1.849677395226628094e-09 2.388205903378981624e-10 2.337460956273702324e-11 1.734258303858923525e-12 9.753938642353702528e-14 4.158560991155386282e-15 1.344011395258095140e-16 3.292756728294136900e-18
4.228583427664374283e-07 1.516382797026111655e-06 4.122110348835993298e-06 8.494292228387605141e-06 1.326879858041132455e-05 1.571204899322564263e-05 1.410362873895260185e-05 9.596784200402410563e-06 4.950139185988394695e-06 1.935556758629731933e-06 5.737084299321243806e-07 1.289060708322120334e-07 2.195595489608376175e-08 2.834837103619648900e-09 2.774602071677164146e-10 2.058591254666866350e-11 1.157807504396988267e-12 4.936275795446700478e-14 1.595362177764723533e-15 3.908552831795001725e-17
3.804942197962715472e-06 1.364463771702444802e-05 3.709136139619233794e-05 7.643290358225394402e-05 1.193946211503765656e-04 1.413793513914487782e-04 1.269065469588737897e-04 8.635329015850105861e-05 4.454208790426879928e-05 1.741642730584610975e-05 5.162313696105561720e-06 1.159915978656633329e-06 1.975629444464301598e-07 2.550828546823914889e-08 2.496628170089197167e-09 1.852350998207784604e-10 1.041812395559447845e-11 4.441734305630419769e-13 1.435530591993913553e-14 3.516973912674535001e-16
2.595362607780548136e-05 9.307048750027926867e-05 2.530013004951718082e-04 5.213511523714907262e-04 8.143943302732088154e-04 9.643528417070271284e-04 8.656334039343911279e-04 5.890184099411478313e-04 3.038229318729484684e-04 1.187979786261236678e-04 3.521229821488350666e-05 7.911822052867110329e-06 1.347582833121174529e-06 1.739927884536773716e-07 1.702957643259465657e-08 1.263494231215269945e-09 7.106233932292089154e-11 3.029720434833857126e-12 9.791797685602019259e-14 2.398938567419620743e-15
1.341976288796359372e-04 4.812367529595450405e-04 1.308186167440814930e-03 2.695734624987543900e-03 4.210964116075638884e-03 4.986350052684610651e-03 4.475904443516046972e-03 3.045619665768073761e-03 1.570968038700217137e-03 6.142651126870013467e-04 1.820711646871182030e-04 4.090941883917890634e-05 6.967905770917044658e-06 8.996592454033667358e-07 8.805431546357434919e-08 6.533111381965510113e-09 3.674398872507165494e-10 1.566568375856257676e-11 5.063015194630591136e-13 1.240411904720040312e-14
5.260032904363592466e-04 1.886263696675805155e-03 5.127588574566964083e-03 1.056624692049119504e-02 1.650536599981117236e-02 1.954458179981766533e-02 1.754383057751197905e-02 1.193766222984875107e-02 6.157592831001664109e-03 2.407683900014525018e-03 7.136492091443887758e-04 1.603492483354349040e-04 2.731152102724695107e-05 3.526319557986413617e-06 3.451391806073088809e-07 2.560729360414623609e-08 1.440223581780219898e-09 6.140347838284182556e-11 1.984507978373903752e-12 4.861939430870095651e-14
1.562891750534366273e-03 5.604577052020845440e-03 1.523539116395425906e-02 3.139505103180118689e-02 4.904170911032797175e-02 5.807200490559459582e-02 5.212725581929313068e-02 3.546988043405335800e-02 1.829580007139976552e-02 7.153851266035731772e-03 2.120436282483837385e-03 4.764390679380333966e-04 8.114958914538302371e-05 1.047760697913687573e-05 1.025497725898004079e-06 7.608588891949860233e-08 4.279276566924242996e-09 1.824456074011377011e-10 5.896486209615181648e-12 1.444607888631443969e-13
3.520190415723498892e-03 1.262350921998409148e-02 3.431554228679831176e-02 7.071286780131133543e-02 1.104594443740909010e-01 1.307988957140682473e-01 1.174091975789770398e-01 7.989083895805462743e-02 4.120867618458813608e-02 1.611302807990390440e-02 4.775979831104651754e-03 1.073110943261596818e-03 1.827778576806785558e-04 2.359931303947610442e-05 2.309787139651948485e-06 1.713725962496418902e-07 9.638459190770202073e-09 4.109326691018422241e-10 1.328099289949943415e-11 3.253772913127390588e-13
6.010356503964565944e-03 2.155332007163432081e-02 5.859019496481965295e-02 1.207348167886670293e-01 1.885979340642228164e-01 2.233254172998643261e-01 2.004639098902353533e-01 1.364052414306799466e-01 7.035949925308343511e-02 2.751130810595929510e-02 8.154485425693563244e-03 1.832224560495054151e-03 3.120740516720005753e-04 4.029335571801985445e-05 3.943719662314783275e-06 2.926007621262821016e-07 1.645665973825916014e-08 7.016245000258458684e-10 2.267590460336152041e-11 5.555476517260942502e-13
7.779131789087581628e-03 2.789620170101950875e-02 7.583258129181266738e-02 1.562656143127049979e-01 2.441000268898340375e-01 2.890473887668189024e-01 2.594580160034234417e-01 1.765476555528169011e-01 9.106544960235063435e-02 3.560755361271537162e-02 1.055425194109885917e-02 2.371426106569955814e-03 4.039136737246249646e-04 5.215120336843664977e-05 5.104308699846056202e-06 3.787096303965321899e-07 2.129965582368460121e-08 9.081041113873189968e-10 2.934914929421745580e-11 7.190386119433578748e-13
7.632359962715461188e-03 2.736987349582735082e-02 7.440181925351876946e-02 1.533172917705916682e-01 2.394944992120072447e-01 2.835938221854029662e-01 2.545627233270441603e-01 1.732166640553399750e-01 8.934728326709394375e-02 3.493573240977436434e-02 1.035512087154176822e-02 2.326683511868570496e-03 3.962928814310171704e-04 5.116724685845349871e-05 5.008003773980877050e-06 3.715643723362454024e-07 2.089778714847785903e-08 8.909705671078281608e-10 2.879540777637579797e-11 7.054722380640737671e-13
5.676535780895589425e-03 2.035622886978895318e-02 5.533604169870191131e-02 1.140290941225643034e-01 1.781230315060957914e-01 2.109217184121949806e-01 1.893299601312400104e-01 1.288291689806095042e-01 6.645166801213417407e-02 2.598330477396944629e-02 7.701577812099447834e-03 1.730461124797729204e-03 2.947411720813315002e-04 3.805542571639807458e-05 3.724681848436875776e-06 2.763494469307359607e-07 1.554264173458467838e-08 6.626556305807414199e-10 2.141646402509566427e-11 5.246920246636825362e-13
3.200403481004456853e-03 1.147674360729872972e-02 3.119819328428375879e-02 6.428905301607432121e-02 1.004249056260217293e-01 1.189166470328017200e-01 1.067433179055654879e-01 7.263326380291119932e-02 3.746512976106586984e-02 1.464926184848107729e-02 4.342112406306546969e-03 9.756256317777988428e-04 1.661736505386043048e-04 2.145546538150272032e-05 2.099957652603888247e-06 1.558044846484251539e-07 8.762866408554899638e-09 3.736020468602088870e-10 1.207449907166956100e-11 2.958188315909799917e-13
1.367800971782641732e-03 4.904975623272535799e-03 1.333360601104989496e-02 2.747610721969773184e-02 4.291998940812968150e-02 5.082306226012169026e-02 4.562037718966368421e-02 3.104228869985677791e-02 1.601199386243179132e-02 6.260858892067584953e-03 1.855749002957445774e-03 4.169667028430121486e-04 7.101994546638713932e-05 9.169720809595445580e-06 8.974881245387558314e-07 6.658833074488616677e-08 3.745108159131569729e-09 1.596715057299572017e-10 5.160446694313305350e-12 1.264282106063566389e-13
