7.717902974764704454e-10 8.336014195638664306e-09 6.825184501478448516e-08 4.236109382763945077e-07 1.993043395669314203e-06 7.108257690562539810e-06 1.921792046303788488e-05 3.938641377817439493e-05 6.119040194886710951e-05 7.206377230967736937e-05 6.433502855353522780e-05 4.353863640753204237e-05 2.233566913995326046e-05 8.686002134124861811e-06 2.560576262656969940e-06 5.722058821473924720e-07 9.693123367381409516e-08 1.244720900031072643e-08 1.211649598927027968e-09 8.940852358391253145e-11
5.753137553848276123e-09 6.213894690714662480e-08 5.087680603887888368e-07 3.157712665198589789e-06 1.485669467932642899e-05 5.298691159466537861e-05 1.432556748695632920e-04 2.935971817208952637e-04 4.561301179065821877e-04 5.371832168691095810e-04 4.795710311589266011e-04 3.245489933969476792e-04 1.664962326418894221e-04 6.474785344417158413e-05 1.908724106062430759e-05 4.265380324006227439e-06 7.225521264170397992e-07 9.278492587226305371e-08 9.031969995586566040e-09 6.664757724301658918e-10
3.250925526109271331e-08 3.511285568530649314e-07 2.874895757151987313e-06 1.784328744329439158e-05 8.395072691131386447e-05 2.994131495040833766e-04 8.094948640363342461e-04 1.659029639942747898e-03 2.577454527465390666e-03 3.035461286249190732e-03 2.709912099588598737e-03 1.833929046944931867e-03 9.408202874177630732e-04 3.658707054234126821e-04 1.078562759993083065e-04 2.410238525341848893e-05 4.082925411964930056e-06 5.242997949084868786e-07 5.103695424432358404e-08 3.766054749859645340e-09
1.392534945966531331e-07 1.504060249974037107e-06 1.231462479128622392e-05 7.643177647766889249e-05 3.596031961495264233e-04 1.282537144015531965e-03 3.467473732319301116e-03 7.106458549911708576e-03 1.104053437185557179e-02 1.300240772752919369e-02 1.160791678821071482e-02 7.855640696113780005e-03 4.030006586067432471e-03 1.567208288580164161e-03 4.620026889714716023e-04 1.032426411401141559e-04 1.748922352195663506e-05 2.245839779193426053e-06 2.186169500043061918e-07 1.613190706918250314e-08
4.521702699698242181e-07 4.883836712690923842e-06 3.998684006158373117e-05 2.481817573360305183e-04 1.167668177778361438e-03 4.164528641349933037e-03 1.125924012318305426e-02 2.307539419639219325e-02 3.584973879465600671e-02 4.222014125709349502e-02 3.769208724790337750e-02 2.550806487575986783e-02 1.308584155306417342e-02 5.088884821158881459e-03 1.500169753039978012e-03 3.352393636650975815e-04 5.678928880306748772e-05 7.292470341288434139e-06 7.098714871734540146e-07 5.238194413525095944e-08
1.112998874620288069e-06 1.202136700720504812e-05 9.842599335673755826e-05 6.108893816365269444e-04 2.874168104603536198e-03 1.025081921342541752e-02 2.771416525685916829e-02 5.679915173042668353e-02 8.824268551876753020e-02 1.039231741365716222e-01 9.277755189832760652e-02 6.278707245028886108e-02 3.221027097379001308e-02 1.252608465258029345e-02 3.692607315789068600e-03 8.251781668719075473e-04 1.397845429610370814e-04 1.795012149648297854e-05 1.747320022614072608e-06 1.289360418960049252e-07
2.076750222140740687e-06 2.243072942114669353e-05 1.836535581743181926e-04 1.139861582923788492e-03 5.362924784395303734e-03 1.912705534933140106e-02 5.171200094273513403e-02 1.059818241180269238e-01 1.646524726414629047e-01 1.939107755588039550e-01 1.731141027256289655e-01 1.171547156354396796e-01 6.010130731071318400e-02 2.337248462508523944e-02 6.890054642651553991e-03 1.539704109711312330e-03 2.608246847915404710e-04 3.349322237005143547e-05 3.260333256269217860e-06 2.405824118562815530e-07
2.937450963298755226e-06 3.172705462755251167e-05 2.597680335463256130e-04 1.612272611838351131e-03 7.585567299365463499e-03 2.705418618087165189e-02 7.314383085836945186e-02 1.499055630420246810e-01 2.328920248635514278e-01 2.742763132448653995e-01 2.448605433578891488e-01 1.657090143192926357e-01 8.501005136447491173e-02 3.305911647182635527e-02 9.745609958994034053e-03 2.177828258809276236e-03 3.689224218804885947e-04 4.737435309551613419e-05 4.611565205193920481e-06 3.402908206897880520e-07
3.149588416965321309e-06 3.401832575518034981e-05 2.785280162214419418e-04 1.728708055617687780e-03 8.133383399654216944e-03 2.900799110872863407e-02 7.842614747355050597e-02 1.607314746339159051e-01 2.497110702709759433e-01 2.940840579254705989e-01 2.625439337600973810e-01 1.776762228911131780e-01 9.114932519673382694e-02 3.544658672287831491e-02 1.044942047598963926e-02 2.335107119671711237e-03 3.955653392112143591e-04 5.079564412653222690e-05 4.944604194531994950e-06 3.648660150025367126e-07
2.559963677218733877e-06 2.764985984326316835e-05 2.263856447953571443e-04 1.405081948821960969e-03 6.610757762460325870e-03 2.357749450291014154e-02 6.374423013338752220e-02 1.306414306809916548e-01 2.029634304754785734e-01 2.390294878794584910e-01 2.133938931447915133e-01 1.444140048447726532e-01 7.408554097092560908e-02 2.881074047744425909e-02 8.493216676321588623e-03 1.897958913163054441e-03 3.215127712855590011e-04 4.128634815406846540e-05 4.018940083740050566e-06 2.965605729392431380e-07
1.577286627436623889e-06 1.703608319499977592e-05 1.394844205630594431e-04 8.657220366256410810e-04 4.073128032535199873e-03 1.452695095592291576e-02 3.927513607336385881e-02 8.049293176932446892e-02 1.250531433693781447e-01 1.472747516499547660e-01 1.314797303685180663e-01 8.897871508227839232e-02 4.564679338997684049e-02 1.775134392961037408e-02 5.232979360878302517e-03 1.169401441042572940e-03 1.980956992521698047e-04 2.543801906980759831e-05 2.476214997487471892e-06 1.827217433140338991e-07
7.366891248552430388e-07 7.956890651055606092e-06 6.514773784809123791e-05 4.043450305326756907e-04 1.902399394958595273e-03 6.784972750277062925e-03 1.834388570800180029e-02 3.759511203017483483e-02 5.840745058423833791e-02 6.878629794928504959e-02 6.140905896019769467e-02 4.155849076793215191e-02 2.131983856958258317e-02 8.290961070127099777e-03 2.444120756933182946e-03 5.461818474972956160e-04 9.252278234098728748e-05 1.188110751756218392e-05 1.156543539849274546e-06 8.534220656698547524e-08
2.608283029236559397e-07 2.817175135402932738e-06 2.306586771668688092e-05 1.431602891249074514e-04 6.735535912350299219e-04 2.402252005804698855e-03 6.494740341366889332e-03 1.331072896044453550e-02 2.067943682075892506e-02 2.435411729749425297e-02 2.174217060130271759e-02 1.471398213079107981e-02 7.548390664519733818e-03 2.935454362723593884e-03 8.653526265867292301e-04 1.933782915533326552e-04 3.275813295671561106e-05 4.206562858204489252e-06 4.094797636865876208e-07 3.021581581104629056e-08
7.000386070323971207e-08 7.561032815257836230e-07 6.190661720905802555e-06 3.842287369047098954e-05 1.807754421144434876e-04 6.447418202067302243e-04 1.743127157077873843e-03 3.572474327213925188e-03 5.550166137627998014e-03 6.536415779015988282e-03 5.835393878267747941e-03 3.949094265952213592e-03 2.025916983278232709e-03 7.878483124930162279e-04 2.322524973391827338e-04 5.190091271993702493e-05 8.791974454824944587e-06 1.129001864691659044e-06 1.099005131598068668e-07 8.109640469847138215e-09
1.424249539394184352e-08 1.538314800968814749e-07 1.259508692230920187e-06 7.817248878292459244e-06 3.677930582382304752e-05 1.311746568307634324e-04 3.546444475538420649e-04 7.268306153286927624e-04 1.129197945037343489e-03 1.329853392231775469e-03 1.187228384237078377e-03 8.034550713067110895e-04 4.121788857498460512e-04 1.602901018470163062e-04 4.725246708331496542e-05 1.055939633799184828e-05 1.788753568997135919e-06 2.296988151237571135e-07 2.235958898189679931e-08 1.649930673508941512e-09
2.196579887773513518e-09 2.372499523018776205e-08 1.942504726388860095e-07 1.205632242723503578e-06 5.672368586002496493e-06 2.023069729077169046e-05 5.469581272525275565e-05 1.120970354765327842e-04 1.741530136944440411e-04 2.050995372837701098e-04 1.831028846334243579e-04 1.239146091711323266e-04 6.356918682860313952e-05 2.472109024350382432e-05 7.287614703181799509e-06 1.628545910074730800e-06 2.758744170290194842e-07 3.542580029626455484e-08 3.448456334232544114e-09 2.544641534651237934e-10
2.568057463403928124e-10 2.773727985457563759e-09 2.271014037807971836e-08 1.409524368442067661e-07 6.631658863646883222e-07 2.365203899781346057e-06 6.394576899654820734e-06 1.310544770910908014e-05 2.036051359122786371e-05 2.397852226518183577e-05 2.140685763677253813e-05 1.448705957283708799e-05 7.431977575064887620e-06 2.890183082194272638e-06 8.520069510373257458e-07 1.903959652067330668e-07 3.225292918126862899e-08 4.141688237894832798e-09 4.031646686579141399e-10 2.974982025976991291e-11
2.275932048331429311e-11 2.458206837431543110e-10 2.012678339372793785e-09 1.249186098347376415e-08 5.877284740104403487e-08 2.096153778901694557e-07 5.667171669185933859e-07 1.161465772240064965e-06 1.804443477730485545e-06 2.125088245596327519e-06 1.897175357011697198e-06 1.283910645994780769e-06 6.586564431136398568e-07 2.561414764291287783e-07 7.550882146915553913e-08 1.687377659036602362e-08 2.858404697802797179e-09 3.670556881670343541e-10 3.573032937266262924e-11 2.636567535041179512e-12
1.529011193336934403e-12 1.651466603638630034e-11 1.352152719912686793e-10 8.392251993350759583e-10 3.948463294691192515e-09 1.408232988874134154e-08 3.807305636870842345e-08 7.802931408847468670e-08 1.212256876129704329e-07 1.427671672679201418e-07 1.274555784176670273e-07 8.625537613962184172e-08 4.424969870355244700e-08 1.720803504766826030e-08 5.072815478241644378e-09 1.133609999448422295e-09 1.920326567408528287e-10 2.465944693721620895e-11 2.400426392012424970e-12 1.771292458411603657e-13
7.786797083517138210e-14 8.410425894053948881e-13 6.886109730110879879e-12 4.273923149205127080e-11 2.010834361544183464e-10 7.171709781107777330e-10 1.938946984720429000e-09 3.973799786559753107e-09 6.173662003689645095e-09 7.270705188741341184e-09 6.490931725193586084e-09 4.392728544359826333e-09 2.253504920780571178e-09 8.763538011112321082e-10 2.583433328894426466e-10 5.773136963298652776e-11 9.779649344399638553e-12 1.255831941117439562e-12 1.222465427982057017e-13 9.020663164089736908e-15
