6.694106370909788791e-05 4.052763198524727281e-04 1.859973120056485378e-03 6.470814149259099084e-03 1.706506726285615325e-02 3.411566975968385179e-02 5.170072325123999807e-02 5.939312202681507752e-02 5.172166658927838945e-02 3.414331504880512708e-02 1.708581422233397887e-02 6.481305516371022035e-03 1.863743436577916567e-03 4.062623531856128165e-04 6.713111365532919864e-05 8.408875905672233533e-06 7.984520759234134709e-07 5.747203627174522093e-08 3.135892269704203515e-09 1.297067279548641227e-10
1.498707521280658289e-04 9.073513850920429235e-04 4.164193919179765349e-03 1.448715825079709661e-02 3.820606252859246044e-02 7.637974066942761209e-02 1.157499724369518562e-01 1.329720708961934783e-01 1.157968613516175416e-01 7.644163422241044559e-02 3.825251178184639611e-02 1.451064680913176017e-02 4.172635078335576800e-03 9.095589621616759430e-04 1.502962447450842919e-04 1.882618062376843334e-05 1.787611467855923649e-06 1.286710551808470024e-07 7.020780773599845093e-09 2.903934266587394643e-10
2.543536557228072382e-04 1.539914483288262357e-03 7.067275845636517007e-03 2.458692980319686708e-02 6.484154871403907672e-02 1.296281361544643351e-01 1.964454586442252459e-01 2.256740015061644011e-01 1.965250363249183563e-01 1.297331790080119007e-01 6.492038022187480995e-02 2.462679348970838247e-02 7.081601787552017392e-03 1.543661080205793170e-03 2.550757819621499861e-04 3.195091635265541479e-05 3.033850870866621171e-06 2.183745180847107263e-07 1.191534192253584356e-08 4.928421898183782909e-10
3.272321008045460259e-04 1.981137051062958118e-03 9.092220496540301747e-03 3.163167704026275534e-02 8.342021326494639122e-02 1.667697175283789635e-01 2.527318113159649493e-01 2.903350352876754581e-01 2.528341899177443119e-01 1.669048576880247658e-01 8.352163189738305571e-02 3.168296263254530981e-02 9.110651165663933085e-03 1.985957138184204530e-03 3.281611335942447071e-04 4.110562299959214807e-05 3.903122175225600901e-06 2.809440741552225808e-07 1.532937420551595266e-08 6.340533407356879095e-10
3.191322075956455552e-04 1.932098468031671294e-03 8.867163068272459689e-03 3.084870615991627471e-02 8.135533388041014946e-02 1.626417090012899636e-01 2.464760048803546488e-01 2.831484457848404412e-01 2.465758493305662269e-01 1.627735040708341019e-01 8.145424212315675871e-02 3.089872229293849637e-02 8.885137527717081388e-03 1.936799244758724472e-03 3.200382442722929052e-04 4.008814593739855190e-05 3.806509181809333262e-06 2.739899367318586082e-07 1.494993009316061336e-08 6.183587791811254871e-10
2.359294698618178126e-04 1.428370300565559190e-03 6.555355530039449520e-03 2.280596792491010674e-02 6.014473104249056651e-02 1.202384819482506667e-01 1.822158709808466559e-01 2.093272352844358641e-01 1.822896844275825601e-01 1.203359159901551539e-01 6.021785236563112487e-02 2.284294407293782983e-02 6.568643767913564212e-03 1.431845511574526397e-03 2.365992886632708743e-04 2.963654182700764715e-05 2.814092943029773423e-06 2.025564922062805165e-07 1.105225043853816016e-08 4.571430130971042688e-10
1.322179948629168315e-04 8.004776053332032272e-04 3.673707927640366012e-03 1.278076601327372309e-02 3.370590263549985005e-02 6.738323532821009765e-02 1.021161837365977820e-01 1.173097508154289786e-01 1.021575497682641331e-01 6.743783865376980213e-02 3.374688079195073409e-02 1.280148793560434255e-02 3.681154831869864509e-03 8.024251595391287094e-04 1.325933701769946846e-04 1.660870995612775546e-05 1.577054899089977862e-06 1.135153368575203754e-07 6.193827301702432279e-09 2.561889898395991017e-10
5.616887956748498935e-05 3.400590839170254329e-04 1.560665462879597858e-03 5.429528013369690209e-03 1.431894945774704782e-02 2.862576182570186062e-02 4.338102110941051415e-02 4.983555583697300839e-02 4.339859423667857125e-02 2.864895842326431463e-02 1.433635780777514981e-02 5.438331105271074217e-03 1.563829058479810491e-03 3.408864443512628589e-04 5.632834659639362123e-05 7.055716056382858746e-06 6.699648318682949035e-07 4.822361201002326938e-08 2.631263166045023389e-09 1.088342667103322207e-10
1.808830092339592285e-05 1.095106594432807977e-04 5.025876740054967913e-04 1.748493780436583466e-03 4.611191618793806721e-03 9.218474679428954877e-03 1.397017298962553201e-02 1.604875400052831538e-02 1.397583213783424455e-02 9.225944777467931859e-03 4.616797703093740088e-03 1.751328677208508801e-03 5.036064600246807589e-04 1.097770978095404990e-04 1.813965476254084425e-05 2.272181966965378319e-06 2.157515973300852248e-07 1.552965293890846931e-08 8.473567627227818246e-10 3.504835742127244187e-11
4.415669980533072430e-06 2.673346344136842776e-05 1.226904237214209933e-04 4.268378511680077730e-04 1.125672360926800687e-03 2.250390574584522439e-03 3.410363071379184270e-03 3.917780977064177009e-03 3.411744568235435676e-03 2.252214155903852107e-03 1.127040903956706523e-03 4.275298989521928014e-04 1.229391271712667862e-04 2.679850569716335704e-05 4.428206349032119770e-06 5.546792782986254519e-07 5.266873077892480140e-08 3.791059347190536198e-09 2.068545761043333959e-10 8.555915803674696716e-12
8.171320782590507128e-07 4.947102169594334393e-06 2.270420601176023761e-05 7.898753800492027159e-05 2.083088183170439945e-04 4.164410690136850996e-04 6.310972233929429843e-04 7.249963258272644701e-04 6.313528732495296081e-04 4.167785278364474831e-04 2.085620710318401318e-04 7.911560338268592814e-05 2.275022928065005608e-05 4.959138420918977082e-06 8.194519683075847560e-07 1.026449516022637830e-07 9.746495918033638471e-09 7.015461338438224337e-10 3.827901777413253485e-11 1.583296145972881414e-12
1.146264208153125147e-07 6.939742425929977032e-07 3.184921926117952209e-06 1.108028801146531443e-05 2.922133998070774075e-05 5.841791124299503511e-05 8.852964879085455584e-05 1.017017152366469753e-04 8.856551108144634574e-05 5.846524960854820998e-05 2.925686600279302137e-05 1.109825288675807298e-05 3.191378021438914528e-06 6.956626751562088493e-07 1.149518525295039478e-07 1.439892488616561400e-08 1.367228104611342550e-09 9.841214719004592627e-11 5.369739992490550768e-12 2.221031031974906695e-13
1.218916688631758672e-08 7.379596952958241696e-08 3.386788543270804338e-07 1.178257846311228901e-06 3.107344599379567306e-06 6.212055337907164107e-06 9.414083208944254826e-06 1.081477700190599247e-05 9.417896740256144139e-06 6.217089214335904674e-06 3.111122372504864674e-06 1.180168198754217605e-06 3.393653838613835728e-07 7.397551440364278847e-08 1.222377270796119598e-08 1.531155707145476046e-09 1.453885711534410057e-10 1.046497026783265866e-11 5.710084676730785275e-13 2.361804348061419138e-14
9.825623842623035191e-10 5.948654608324912719e-09 2.730072577645811819e-08 9.497875035634012963e-08 2.504814272186366127e-07 5.007505402879418433e-07 7.588643366436357325e-07 8.717735326264031831e-07 7.591717434133697180e-07 5.011563184409555121e-07 2.507859515396024060e-07 9.513274287023941273e-08 2.735606656409214086e-08 5.963127626963853262e-09 9.853519414929640934e-10 1.234256628300370454e-10 1.171969687914998255e-11 8.435757942684245654e-13 4.602869471420626674e-14 1.903838164688034428e-15
6.004032909168048193e-11 3.634977137911913830e-10 1.668234593868480237e-09 5.803759150003110574e-09 1.530588547092798937e-08 3.059879730109697200e-08 4.637106532653535989e-08 5.327047995186936517e-08 4.638984968457253288e-08 3.062359272806978281e-08 1.532449369442605898e-08 5.813168996502699176e-09 1.671616240830504290e-09 3.643821001832925060e-10 6.021078741252763773e-11 7.542032478922875115e-12 7.161422712179249756e-13 5.154743262401431459e-14 2.812623424797888029e-15 1.163356869507995447e-16
2.781139757810209313e-12 1.683764827727901230e-11 7.727461898613886257e-11 2.688370560424698623e-10 7.089868969020342709e-10 1.417372839267937995e-09 2.147963133158641880e-09 2.467552259507920966e-09 2.148833247059622022e-09 1.418521393061849535e-09 7.098488520407824013e-10 2.692729313717828500e-10 7.743126091257805539e-11 1.687861411130338960e-11 2.789035590833271979e-12 3.493559528929159849e-13 3.317256538836415433e-14 2.387738649213268891e-15 1.302840765331118247e-16 5.388807975002643543e-18
9.765610140789773335e-14 5.912320957689477374e-13 2.713397630153188977e-12 9.439863183199193099e-12 2.489515174715669630e-11 4.976920175825100970e-11 7.542292866192616611e-11 8.664488471213214470e-11 7.545348157862587453e-11 4.980953172924786395e-11 2.492541817954372611e-11 9.455168377855828807e-12 2.718897907444222480e-12 5.926705576910820705e-13 9.793335330372015868e-14 1.226717940634019263e-14 1.164811441218941585e-15 8.384233370807832565e-17 4.574755710863532112e-18 1.892209755359077920e-19
2.599397943019249518e-15 1.573734228002341007e-14 7.222488013271328774e-14 2.512691023605277315e-13 6.626560482116247795e-13 1.324750413041219085e-12 2.007598120279282845e-12 2.306302748592437026e-12 2.008411374010257301e-12 1.325823911185624482e-12 6.634616763388502247e-13 2.516764941254497670e-13 7.237128582851951851e-14 1.577563108028883760e-14 2.606777799447152601e-15 3.265262534114430732e-16 3.100480585092184597e-17 2.231704795058375419e-18 1.217702776702544308e-19 5.036660357038954284e-21
5.244969640852882169e-17 3.175423090108293219e-16 1.457327088480794795e-15 5.070015605361924155e-15 1.337083021293977491e-14 2.673032698501708710e-14 4.050857707330351731e-14 4.653572928865457592e-14 4.052498660821419290e-14 2.675198763606145248e-14 1.338708588122043204e-14 5.078235806676953635e-15 1.460281208806287508e-15 3.183148863513483597e-16 5.259860443941439319e-17 6.588526742062530560e-18 6.256035781106203119e-19 4.503051919719236331e-20 2.457035911926875654e-21 1.016278816981464470e-22
8.022505175808636822e-19 4.857005839910559884e-18 2.229071836587806821e-17 7.754902167333150747e-17 2.045151105407060569e-16 4.088568690999809738e-16 6.196037183970684345e-16 7.117927359776928831e-16 6.198547123737148509e-16 4.091881821427877888e-16 2.047637510321636916e-16 7.767475473207455565e-17 2.233590346173950552e-17 4.868822887743879262e-18 8.045281579301829305e-19 1.007755878650899536e-19 9.568993315623334625e-21 6.887696174921603043e-22 3.758188258526435307e-23 1.554461250984992546e-24
