3.039857114497293014e-08 4.691888492039317466e-07 5.489578667691062565e-06 4.868858615646648241e-05 3.273498402303683000e-04 1.668375956771844630e-03 6.445736255038877691e-03 1.887765128014085025e-02 4.191024568598784861e-02 7.053249937237600353e-02 8.998190016332995034e-02 8.701975690758309567e-02 6.379364112345904669e-02 3.545142816575799771e-02 1.493436974838731855e-02 4.769104984879088578e-03 1.154472748343264230e-03 2.118494339751416137e-04 2.946915951908606963e-05 3.107456162870001418e-06
5.933385922157995293e-08 9.157925546643626394e-07 1.071490782580528736e-05 9.503347058413594533e-05 6.389421806638879119e-04 3.256442010898254538e-03 1.258119685007487616e-02 3.684659710313999831e-02 8.180307573059923676e-02 1.376698058717409912e-01 1.756323799338901925e-01 1.698506808503231769e-01 1.245164749224491885e-01 6.919634603743185508e-02 2.914985010275304017e-02 9.308641594904238162e-03 2.253373133844731660e-03 4.135011620021863347e-04 5.751977466128003135e-05 6.065330032311408983e-06
8.779076685379471197e-08 1.355012664063135649e-06 1.585384782207200689e-05 1.406121457261358312e-04 9.453830367959141327e-04 4.818252935209262761e-03 1.861522129012136567e-02 5.451846648904580539e-02 1.210363668166115347e-01 2.036971467667048619e-01 2.598668200760707592e-01 2.513121802309076225e-01 1.842353921148164320e-01 1.023833669645619060e-01 4.313030919895233933e-02 1.377312709311430579e-02 3.334105652713341677e-03 6.118190285169261165e-04 8.510663545267329081e-05 8.974302055247149955e-06
9.846727238005104236e-08 1.519799927171455235e-06 1.778188308079879483e-05 1.577124218110231596e-04 1.060353979396176779e-03 5.404215513430429656e-03 2.087907568049769333e-02 6.114862509926377587e-02 1.357559721407983200e-01 2.284693841109717294e-01 2.914700243771952137e-01 2.818750284347431578e-01 2.066408255395142390e-01 1.148345235311096363e-01 4.837551892902159506e-02 1.544811949599831161e-02 3.739576509182779371e-03 6.862242247935259514e-04 9.545671549292159919e-05 1.006569456633783572e-05
8.372049595146506228e-08 1.292189786254022107e-06 1.511881089515225440e-05 1.340929006417823340e-04 9.015519460772880187e-04 4.594862760762929120e-03 1.775215793764157307e-02 5.199080970072372104e-02 1.154247197193968844e-01 1.942530719615165602e-01 2.478185330620379934e-01 2.396605146713800538e-01 1.756936287542904818e-01 9.763653475916150848e-02 4.113064512455900240e-02 1.313455927499109811e-02 3.179525464957010713e-03 5.834530707002996176e-04 8.116080977768983797e-05 8.558223669862701212e-06
5.395957201937680908e-08 8.328427470675637392e-07 9.744382854794002006e-06 8.642561713516421992e-05 5.810686691556249134e-04 2.961483030419160244e-03 1.144162888488907577e-02 3.350914024707017658e-02 7.439359270071527197e-02 1.252000780378703382e-01 1.597241133192706108e-01 1.544661036063168791e-01 1.132381372849103479e-01 6.292874366288515875e-02 2.650954204916212628e-02 8.465492100674217035e-03 2.049269194645614127e-03 3.760474377341335673e-04 5.230980192579184733e-05 5.515950201007026440e-06
2.636343647028022883e-08 4.069082839308806865e-07 4.760886877349559655e-06 4.222561783717392172e-05 2.838971172464749759e-04 1.446914176825420074e-03 5.590123215117011671e-03 1.637181424938123284e-02 3.634704060026500844e-02 6.116994964749251917e-02 7.803761884457340037e-02 7.546867324623184048e-02 5.532561372524553295e-02 3.074557253929428510e-02 1.295196758451569626e-02 4.136049542899278633e-03 1.001226959401039758e-03 1.837283425998160026e-04 2.555739581011381680e-05 2.694969534696425673e-06
9.764103238611769019e-09 1.507047268828694659e-07 1.763267509916506275e-06 1.563890550995189040e-05 1.051456537186929851e-04 5.358868680060270388e-04 2.070387912080212493e-03 6.063552629587604104e-03 1.346168422462976771e-02 2.265522949301801772e-02 2.890242961128465168e-02 2.795098118896455902e-02 2.049069000400731422e-02 1.138709457480316899e-02 4.796959940367740219e-03 1.531849415094565332e-03 3.708197680485914569e-04 6.804661095779233817e-05 9.465573711580787289e-06 9.981233209620991104e-07
2.741318676698196620e-09 4.231107275033782058e-08 4.950457854475213731e-07 4.390697507992014188e-06 2.952014509359848432e-05 1.504528008320288671e-04 5.812713070209824884e-04 1.702371396985991655e-03 3.779432220550530200e-03 6.360564018670092357e-03 8.114495326314724588e-03 7.847371631871696146e-03 5.752859206188053534e-03 3.196981255564315585e-03 1.346769442574307979e-03 4.300740486726958812e-04 1.041094231593791484e-04 1.910441142889161563e-05 2.657505084400271547e-06 2.802278954386037742e-07
5.834229469860194214e-10 9.004881834414942634e-09 1.053584442749556748e-07 9.344530795384423855e-07 6.282644258895940658e-06 3.202021610615785925e-05 1.237094475090585685e-04 3.623083101343571480e-04 8.043601434559758886e-04 1.353691212849201771e-03 1.726972794817473351e-03 1.670122019186581373e-03 1.224356037187356722e-03 6.803996344660464754e-04 2.866270907415289474e-04 9.153079174328249373e-05 2.215715632952904544e-05 4.065908903995864373e-06 5.655852641833640480e-07 5.963968581040671870e-08
9.412485230515802048e-11 1.452776544132080987e-09 1.699769962376715350e-08 1.507572826061013027e-07 1.013592225004819389e-06 5.165888875885390350e-06 1.995830560950123800e-05 5.845196243394390809e-05 1.297691153460296676e-04 2.183938532662383671e-04 2.786161567469432011e-04 2.694443014276843846e-04 1.975279370901224262e-04 1.097703054592651421e-04 4.624215197923981662e-05 1.476685532976998352e-05 3.574660677632190904e-06 6.559616433530641209e-07 9.124706138531161436e-08 9.621796069953135332e-09
1.151123521737155036e-11 1.776709562695183992e-10 2.078776367043393336e-09 1.843724051947856536e-08 1.239598069030926754e-07 6.317753547631462895e-07 2.440851111949795410e-06 7.148529554263366781e-06 1.587043989036371699e-05 2.670902480489775432e-05 3.407406266387712484e-05 3.295236758150510252e-05 2.415717517914206224e-05 1.342463520609513301e-05 5.655300118450276456e-06 1.805949661103101468e-06 4.371721057166337097e-07 8.022247669223644016e-08 1.115928854894688430e-08 1.176721716552878711e-09
1.067176782584065484e-12 1.647141387435162470e-11 1.927179692884174764e-10 1.709268783563121410e-09 1.149199242327619788e-08 5.857025572673413145e-08 2.262849804759784365e-07 6.627216476658704802e-07 1.471307349782344488e-06 2.476124466141965601e-06 3.158918037599375382e-06 3.054928593682905945e-06 2.239549101133124391e-06 1.244563136455187686e-06 5.242882167716753165e-07 1.674249124834455142e-07 4.052909287355394061e-08 7.437217896316612543e-09 1.034548719117530217e-09 1.090908205552626702e-10
7.499764521091415278e-14 1.157556343082681206e-12 1.354357977266249281e-11 1.201217416755973722e-10 8.076191167132069944e-10 4.116123336444598269e-09 1.590255800093671413e-08 4.657387961991410062e-08 1.033986012589199264e-07 1.740138159303996798e-07 2.219982837900366243e-07 2.146902505308766877e-07 1.573880838304062095e-07 8.746376989615229923e-08 3.684523718225440785e-08 1.176606761955365234e-08 2.848250240874744115e-09 5.226630097720278862e-10 7.270465311464949080e-11 7.666541091683278527e-12
3.995358059005691964e-15 6.166663034662177564e-14 7.215086612428561735e-13 6.399259167613886879e-12 4.302438479891877965e-11 2.192787053230301204e-10 8.471787759357740073e-10 2.481135571060630720e-09 5.508365411579888603e-09 9.270257751435068928e-09 1.182653974976904322e-08 1.143721806513009058e-08 8.384553239703109494e-09 4.659467333179106698e-09 1.962860499127681937e-09 6.268150547178552154e-10 1.517351581098403772e-10 2.784388579620287103e-11 3.873203231006969795e-12 4.084205130602889840e-13
1.613468921631959018e-16 2.490319768506611609e-15 2.913710822437140899e-14 2.584250431607870489e-13 1.737479012398354951e-12 8.855260804896484358e-12 3.421211830958537102e-11 1.001971556776609244e-10 2.224475571230386410e-10 3.743662659656756478e-10 4.775981039718432645e-10 4.618758976162337515e-10 3.385983402297685410e-10 1.881660072117493545e-10 7.926734891014205429e-11 2.531304067025192122e-11 6.127610049299739920e-12 1.124436001133359735e-12 1.564138419661313760e-13 1.649348556619107951e-14
4.939264939635419560e-18 7.623542639187864780e-17 8.919657215921729120e-16 7.911089814588951172e-15 5.318893381975602541e-14 2.710834936982418787e-13 1.047325512203074851e-12 3.067306047576603875e-12 6.809721619515606258e-12 1.146036435704134299e-11 1.462057024190123125e-11 1.413927096439529166e-11 1.036541136983315882e-11 5.760270618117163417e-12 2.426588030798274908e-12 7.749006666436421681e-13 1.875827236241466121e-13 3.442202848037693749e-14 4.788250925314150727e-15 5.049102210600447729e-16
1.146201200903756894e-19 1.769112172553968395e-18 2.069887308635454425e-17 1.835840101059378418e-16 1.234297422067312387e-15 6.290738193222849094e-15 2.430413785240106159e-14 7.117961717459856413e-14 1.580257628108767406e-13 2.659481430814884026e-13 3.392835851887281167e-13 3.281145991834513969e-13 2.405387664999638207e-13 1.336723010550606569e-13 5.631117482037650933e-14 1.798227237337918882e-14 4.353027134897214755e-15 7.987943725218274960e-16 1.111157030023315659e-16 1.171689935244336650e-17
2.016304946638003018e-21 3.112079817980938592e-20 3.641179241562605441e-19 3.229462221888956253e-18 2.171276732021017203e-17 1.106616057198231411e-16 4.275388416704596606e-16 1.252134564994177676e-15 2.779862095769790380e-15 4.678345791485732693e-15 5.968403894444646460e-15 5.771928077514656096e-15 4.231364479200247464e-15 2.351455587668977712e-15 9.905808879959162776e-16 3.163296697791636799e-16 7.657495157065089368e-17 1.405174801241199467e-17 1.954658060348466090e-18 2.061142677652357507e-19
2.688737420057393429e-23 4.149950370732795605e-22 4.855503080647481067e-21 4.306479502087667573e-20 2.895391894177087403e-19 1.475669643912967910e-18 5.701219371822234584e-18 1.669718196873305154e-17 3.706938899276185772e-17 6.238561986622954193e-17 7.958851123074033016e-17 7.696851130465374359e-17 5.642513565270691511e-17 3.135659931158086038e-17 1.320937046546103157e-17 4.218247947205621897e-18 1.021124994363544177e-18 1.873796955226748973e-19 2.606531456979696012e-20 2.748528418145147791e-21
