5.721171481975056639e-24 8.794199501473575107e-23 1.024718274818568737e-21 9.051268929604856349e-21 6.060539351259703844e-20 3.076166948173968586e-19 1.183601064585800200e-18 3.452213225908960729e-18 7.632849449545927566e-18 1.279300590123533707e-17 1.625381541523100381e-17 1.565434374597461208e-17 1.142907882713762297e-17 6.325347789839721302e-18 2.653715801300028341e-18 8.439587703718809662e-19 2.034627313974514542e-19 3.718307730604266458e-20 5.151131158739414294e-21 5.409494779912721393e-22
4.731796628559296909e-22 7.273399107692038634e-21 8.475114744044903081e-20 7.486012950358634608e-19 5.012476860707850708e-18 2.544198585921460561e-17 9.789183115051229147e-17 2.855214348125888761e-16 6.312883891953157706e-16 1.058068306173320909e-15 1.344300712281123484e-15 1.294720341679734543e-15 9.452622916857366714e-16 5.231491389608916961e-16 2.194802851357838831e-16 6.980111113380059620e-17 1.682774707063262290e-17 3.075292540881021904e-18 4.260334640725596843e-19 4.474018868765614566e-20
2.966634173819856200e-20 4.560110259700618805e-19 5.313534583244200731e-18 4.693410048553532729e-17 3.142608678637303471e-16 1.595103733838372679e-15 6.137399267671729922e-15 1.790097318977563976e-14 3.957908287137726563e-14 6.633635892938165493e-14 8.428190697954449500e-14 8.117342972824052047e-14 5.926390413342883806e-14 3.279921424092043578e-14 1.376047547000747282e-14 4.376231227063091649e-15 1.055027792759045267e-15 1.928076936190892155e-16 2.671047665236062570e-17 2.805018539952808412e-18
1.409933856762101451e-18 2.167255370567486908e-17 2.525330684216416507e-16 2.230607935929789081e-15 1.493568170173106872e-14 7.580950759730996653e-14 2.916883752072199143e-13 8.507684699376711574e-13 1.881050567421131188e-12 3.152727060661752604e-12 4.005614012391852019e-12 3.857879338589959230e-12 2.816598880273614962e-12 1.558827948574536938e-12 6.539855982757236437e-13 2.079864321157949526e-13 5.014165271751785280e-14 9.163451883510680988e-15 1.269452286863048986e-15 1.333123795049017808e-16
5.079609221671197107e-17 7.808033201878459061e-16 9.098081424027654246e-15 8.036275309611018127e-14 5.380920965915942917e-13 2.731210914858006930e-12 1.050874091327596734e-11 3.065088014360438616e-11 6.776914933190704363e-11 1.135842037833408414e-10 1.443114070792488221e-10 1.389889275330944180e-10 1.014744172385721720e-10 5.616034244870316698e-11 2.356132707863652353e-11 7.493186956898108897e-12 1.806467731178930301e-12 3.301343142203525002e-13 4.573492232912002254e-14 4.802883405120570917e-15
1.387262625236716356e-15 2.132406680293741587e-14 2.484724271124450907e-13 2.194740559091302916e-12 1.469552128837171902e-11 7.459051786220944220e-11 2.869981305862619689e-10 8.370884175976661284e-10 1.850803947893256052e-09 3.102032338504545103e-09 3.941205173466037387e-09 3.795846020315715743e-09 2.771308978890967957e-09 1.533762553371157703e-09 6.434697440449284277e-10 2.046420847664343988e-10 4.933539289733405578e-11 9.016106858617213645e-12 1.249039948675784681e-12 1.311687641810629707e-13
2.871996381222139590e-14 4.414639418439261834e-13 5.144028956872219400e-12 4.543686846862261475e-11 3.042357171063751202e-10 1.544218762018451313e-09 5.941611757331189127e-09 1.732991909656059892e-08 3.831648127760998108e-08 6.422018072532511883e-08 8.159325271173502038e-08 7.858393815059342938e-08 5.737334239264994796e-08 3.175289539847836115e-08 1.332150627216407030e-08 4.236626260976836576e-09 1.021371637134232794e-09 1.866569876503540617e-10 2.585839297722469796e-11 2.715536403881064691e-12
4.507190457586351239e-13 6.928149628101841171e-12 8.072822925388303701e-11 7.130671240513026400e-10 4.774547523682038919e-09 2.423432046816716354e-08 9.324515863049293441e-08 2.719684693666747109e-07 6.013227590114152942e-07 1.007844535049461209e-06 1.280490227739319026e-06 1.233263309340204119e-06 9.003931308644117899e-07 4.983165998275316308e-07 2.090621225818686367e-07 6.648783257766083192e-08 1.602897735749164844e-08 2.929316342736764905e-09 4.058107553250778143e-10 4.261648742604877578e-11
5.361974588198949285e-12 8.242066226998429990e-11 9.603825662193615173e-10 8.482995859222443537e-09 5.680035652596078746e-08 2.883033493600540451e-07 1.109290090476956376e-06 3.235470156538282592e-06 7.153630146021232874e-06 1.198981236014669076e-05 1.523333909712818590e-05 1.467150453806541063e-05 1.071151781251610955e-05 5.928218410774232078e-06 2.487105435609248563e-06 7.909718305907956496e-07 1.906885676885997080e-07 3.484858236712210096e-08 4.827723563375085176e-09 5.069866134282311462e-10
4.835489138093905678e-11 7.432788250025700288e-10 8.660838262063335192e-09 7.650061308765694193e-08 5.122320191998519644e-07 2.599952109759804977e-06 1.000370310463973674e-05 2.917783466001637349e-05 6.451224320450511373e-05 1.081254796747315475e-04 1.373759694855369265e-04 1.323092820869561936e-04 9.659767532079746241e-05 5.346134201500511154e-05 2.242899723107858064e-05 7.133073147675513482e-06 1.719651002909032746e-06 3.142684448469020158e-07 4.353695540407509241e-08 4.572062440927511562e-09
3.305619731254879666e-10 5.081176029114105611e-09 5.920691171187114229e-08 5.229707457792721971e-07 3.501702146962150891e-06 1.777369930713482382e-05 6.838695615672091646e-05 1.994644661852398252e-04 4.410162818158815785e-04 7.391635238065750839e-04 9.391246725262319180e-04 9.044879659624551404e-04 6.603575613855084802e-04 3.654705076926892220e-04 1.533283059519811907e-04 4.876285866446013737e-05 1.175581647222789569e-05 2.148390664374873551e-06 2.976257721038014139e-07 3.125536917908763287e-08
1.713019046008645769e-09 2.633137511764177537e-08 3.068186169716671744e-07 2.710108605520558373e-06 1.814631735913071009e-05 9.210583160330576232e-05 3.543909097812328801e-04 1.033653164478033452e-03 2.285408945280378336e-03 3.830450255434715914e-03 4.866677299277130664e-03 4.687184971488300017e-03 3.422066576907115045e-03 1.893920025079116410e-03 7.945690361918192508e-04 2.526960522417307517e-04 6.092030891485458602e-05 1.113326524386470376e-05 1.542338979212519383e-06 1.619697577055648453e-07
6.729275525594394587e-09 1.034378914509148573e-07 1.205279658036995256e-06 1.064615571748885491e-05 7.128442008218669151e-05 3.618205645855475318e-04 1.392158529258961854e-03 4.060513488091208045e-03 8.977802387710374227e-03 1.504720873709045927e-02 1.911783322975742216e-02 1.841273112874129703e-02 1.344294969550468948e-02 7.439911250195001442e-03 3.121316123775164444e-03 9.926692664198322191e-04 2.393140606040359696e-04 4.373495408591706723e-05 6.058790746762475777e-06 6.362679556623042323e-07
2.003877868874236856e-08 3.080226105962501220e-07 3.589143026405218109e-06 3.170266360728394699e-05 2.122743692912029581e-04 1.077447667462710793e-03 4.145640427615155874e-03 1.209160344840029370e-02 2.673455626453931713e-02 4.480834298120554143e-02 5.693005549294317263e-02 5.483036661834005815e-02 4.003109886755906038e-02 2.215494586891256570e-02 9.294813800391810849e-03 2.956020995907459540e-03 7.126415732732174942e-04 1.302361691918667254e-04 1.804217503563267347e-05 1.894711057938030994e-06
4.523462628259167238e-08 6.953162112987081558e-07 8.101967988968263712e-06 7.156414882928242936e-05 4.791784925323240877e-04 2.432181288778166584e-03 9.358179875030316758e-03 2.729503487420427421e-02 6.034936960188835853e-02 1.011483125084720741e-01 1.285113142108418038e-01 1.237715721822647136e-01 9.036437924097653895e-02 5.001156568759954762e-02 2.098168931139518870e-02 6.672787154862294332e-03 1.608684627998919776e-03 2.939891963166443986e-04 4.072758413767228568e-05 4.277034441598480215e-06
7.740474491902064465e-08 1.189813609543382806e-06 1.386395372452778285e-05 1.224593887627462257e-04 8.199623172175860009e-04 4.161908425606707616e-03 1.601356274301316343e-02 4.670681258190569757e-02 1.032688438912913870e-01 1.730833207241673777e-01 2.199064370191674556e-01 2.117958687918101157e-01 1.546300323388608289e-01 8.557896468217919550e-02 3.590351999312763054e-02 1.141836310074276217e-02 2.752754549302573964e-03 5.030694540875503074e-04 6.969236888683443204e-05 7.318790651514770077e-06
1.004063039018947881e-07 1.543378083493525363e-06 1.798375994137124177e-05 1.588493653278759930e-04 1.063621948457838581e-03 5.398659250547277466e-03 2.077214580332449947e-02 6.058618787897167290e-02 1.339561668240623893e-01 2.245166820091078208e-01 2.852537343599421682e-01 2.747330333472968178e-01 2.005798227953375090e-01 1.110095711119245127e-01 4.657259375183193245e-02 1.481143871418708416e-02 3.570761845850087875e-03 6.525613454797743072e-04 9.040212169699879798e-05 9.493639170558952425e-06
9.873046816449402495e-08 1.517618265154163768e-06 1.768360122193432865e-05 1.561980831579836977e-04 1.045869520542046802e-03 5.308552695933372798e-03 2.042544740962878858e-02 5.957497150216266302e-02 1.317203656553596336e-01 2.207693766634082622e-01 2.804926946274717836e-01 2.701475898279559473e-01 1.972320366287401150e-01 1.091567610867226756e-01 4.579527187103620695e-02 1.456422775874938180e-02 3.511163891553617262e-03 6.416697422526516882e-04 8.889326119333252393e-05 9.335185177316102442e-06
7.359329224118895547e-08 1.131226525858021552e-06 1.318128493459806973e-05 1.164294203710966623e-04 7.795869168083532745e-04 3.956973740656009528e-03 1.522504600980338282e-02 4.440694316079298043e-02 9.818382859929837558e-02 1.645606017751897188e-01 2.090781217895779920e-01 2.013669224513144340e-01 1.470159635702378287e-01 8.136500887823988615e-02 3.413561070585392765e-02 1.085611655290760758e-02 2.617207384728502829e-03 4.782980344552879544e-04 6.626067789300641039e-05 6.958409330493831976e-06
4.158360019177079560e-08 6.391950970672576536e-07 7.448033184026533075e-06 6.578798583169717174e-05 4.405025196732532196e-04 2.235872441492457469e-03 8.602852337385119216e-03 2.509196849198155541e-02 5.547838599732427683e-02 9.298432048820295948e-02 1.181387699961893162e-01 1.137815871536213552e-01 8.307079170852892103e-02 4.597497809588337037e-02 1.928819250594280069e-02 6.134205939474375244e-03 1.478842734047275398e-03 2.702604222693919022e-04 3.744033530811869412e-05 3.931821810901339101e-06
