1.446908663230889614e-20 1.369847836600687341e-19 9.831060275696378018e-19 5.348416364026167003e-18 2.205702210315406569e-17 6.895493720299151710e-17 1.634107696997318418e-16 2.935572450760553465e-16 3.997622221210699796e-16 4.126743891322826425e-16 3.229312718819641344e-16 1.915620643322059463e-16 8.614017174432743349e-17 2.936288860744278422e-17 7.587324195089408232e-18 1.486193386211638040e-18 2.206778920176242389e-19 2.483928832920481811e-20 2.119416397374087753e-21 1.370850992408365802e-22
9.782215650365384175e-19 9.261225180511745097e-18 6.646553036309868668e-17 3.615940908392959658e-16 1.491224375809129111e-15 4.661884215765681770e-15 1.104782512826730290e-14 1.984672806263318389e-14 2.702700153115029300e-14 2.789996335263242416e-14 2.183263824505878674e-14 1.295106920945844480e-14 5.823738274404565974e-15 1.985157154524750172e-15 5.129614838290337910e-16 1.004781059891220258e-16 1.491952314504861979e-17 1.679326976281386864e-18 1.432888528411950224e-19 9.268007285485609992e-21
5.013374732248772491e-17 4.746367691036241053e-16 3.406351100789996097e-15 1.853165727619661676e-14 7.642508479677291253e-14 2.389210519103204174e-13 5.661998193864121313e-13 1.017142624363438420e-12 1.385130847730352575e-12 1.429870044804513180e-12 1.118920302191632212e-12 6.637408686433796843e-13 2.984659442775550551e-13 1.017390852313243077e-13 2.628921947298564382e-14 5.149491850460886112e-15 7.646239157464666063e-16 8.606532232560595551e-17 7.343537905138316927e-18 4.749843512355565603e-19
1.947690394269681872e-15 1.843958461759885306e-14 1.323363537108408588e-13 7.199527821961961375e-13 2.969105871588270642e-12 9.282055753805751473e-12 2.199679873045297272e-11 3.951587553053927887e-11 5.381217624881046306e-11 5.555028897810957972e-11 4.346992676437015408e-11 2.578625742506695897e-11 1.159536806508123830e-11 3.952551915822013127e-12 1.021333193208446587e-12 2.000571740228539433e-13 2.970555235675070052e-14 3.343628005603246890e-15 2.852956142653564911e-16 1.845308814398046011e-17
5.735965048842990119e-14 5.430473610842507816e-13 3.897317057218078708e-12 2.120267167535683183e-11 8.744042459649081888e-11 2.733573443802157835e-10 6.478076242277827756e-10 1.163745950508694146e-09 1.584773242572228602e-09 1.635960812709355334e-09 1.280193101171429048e-09 7.594075103816100966e-10 3.414845919323596910e-10 1.164029956177583308e-10 3.007835083390401267e-11 5.891701069849282683e-12 8.748310849414409436e-13 9.847013382054628325e-14 8.401980503825794756e-15 5.434450411035662063e-16
1.280530390021324074e-12 1.212330694430459352e-11 8.700598572027378127e-11 4.733408449797887534e-10 1.952071186953279139e-09 6.102589256275170678e-09 1.446203633821857563e-08 2.598014533214820910e-08 3.537940488001609103e-08 3.652214613791765784e-08 2.857977963928370830e-08 1.695345747705068612e-08 7.623501781650883404e-09 2.598648564082955761e-09 6.714866983421822011e-10 1.315297810328354061e-10 1.953024087252429396e-11 2.198304867497584552e-12 1.875707275044470686e-13 1.213218498567860788e-14
2.167055841770432153e-11 2.051640737303690330e-10 1.472411987199884293e-09 8.010399840998090683e-09 3.303511812139343565e-08 1.032747976993842335e-07 2.447426517547228081e-07 4.396648931630513762e-07 5.987296093950840389e-07 6.180683469827680816e-07 4.836587940938299131e-07 2.869052491853585927e-07 1.290133697678095392e-07 4.397721909130596054e-08 1.136364418722880692e-08 2.225893134400701090e-09 3.305124415929140010e-10 3.720215812311714549e-11 3.174280313463493616e-12 2.053143178133908793e-13
2.780014971741154713e-10 2.631954311651989454e-09 1.888888735623293918e-08 1.027616873472646421e-07 4.237921386265789494e-07 1.324864261796174619e-06 3.139689448638759439e-06 5.640256065315276035e-06 7.680823198276374872e-06 7.928910852466274266e-06 6.204633322677236961e-06 3.680573766640009080e-06 1.655052410722707987e-06 5.641632538157864696e-07 1.457788967183525402e-07 2.855494593103948684e-08 4.239990120533135352e-09 4.772491532975622525e-10 4.072136317780476134e-11 2.633881722991214771e-12
2.703466463131363264e-09 2.559482695731199420e-08 1.836877643196967977e-07 9.993211484905180102e-07 4.121229006900290150e-06 1.288383744827090962e-05 3.053237200275266328e-05 5.484949998849452508e-05 7.469329531263746024e-05 7.710586020828355221e-05 6.033786966758482182e-05 3.579228113638667106e-05 1.609480068487257945e-05 5.486288570118017241e-06 1.417648330373999109e-06 2.776867731498045405e-07 4.123240777976975214e-08 4.641079611487557343e-09 3.960008877766499883e-10 2.561357035247082452e-11
1.992928223149808145e-08 1.886786971671190754e-07 1.354100503011213982e-06 7.366746908006532774e-06 3.038067501085965386e-05 9.497644458808221686e-05 2.250770509411642508e-04 4.043368691399006065e-04 5.506203917773000922e-04 5.684052200201635636e-04 4.447957650859207779e-04 2.638517925796488354e-04 1.186468667848785481e-04 4.044355452838883003e-05 1.045055082662683876e-05 2.047037812204412763e-06 3.039550528677362599e-07 3.421288434591997007e-08 2.919220032522066352e-09 1.888168688134813144e-10
1.113676737016128751e-07 1.054363490690234794e-06 7.566906887404104619e-06 4.116643320934929175e-05 1.697715483248408660e-04 5.307419287538366883e-04 1.257762686872876444e-03 2.259492137490761061e-03 3.076945341663674983e-03 3.176329500389674446e-03 2.485582222909014233e-03 1.474441477634047927e-03 6.630156265705033610e-04 2.260043553867832069e-04 5.839916967117054038e-05 1.143913947709235818e-05 1.698544220234370863e-06 1.911864810768461906e-07 1.631301821453963593e-08 1.055135613571937137e-09
4.717625452930899213e-07 4.466369705852341971e-06 3.205403448366968532e-05 1.743843672582644927e-04 7.191661197006388650e-04 2.248266080097245309e-03 5.327985283446134111e-03 9.571392904446824473e-03 1.303419132198277951e-02 1.345519072085692158e-02 1.052912893876701249e-02 6.245854306322551862e-03 2.808588247951019842e-03 9.573728749175531823e-04 2.473836438470514653e-04 4.845712742581604048e-05 7.195171794443511656e-06 8.098815207373417089e-07 6.910327511126148183e-08 4.469640481328246460e-09
1.514902168426874452e-06 1.434220079550456663e-05 1.029304399652440112e-04 5.599750525662661096e-04 2.309353137640020575e-03 7.219528540197984665e-03 1.710898107484255110e-02 3.073521628726147079e-02 4.185479515991515770e-02 4.320668904938157473e-02 3.381065415245025629e-02 2.005639982811277186e-02 9.018809291856598812e-03 3.074271704432648446e-03 7.943869691147552488e-04 1.556032969245160693e-04 2.310480444528421448e-05 2.600654257475294666e-06 2.219012559515759190e-07 1.435270375914662762e-08
3.687589213639314004e-06 3.491192108350645517e-05 2.505542523350768247e-04 1.363096579295803223e-03 5.621449291137184390e-03 1.757384478500093744e-02 4.164684385755693802e-02 7.481595473420669939e-02 1.018833389954555274e-01 1.051741319117783791e-01 8.230221472858305354e-02 4.882147851658848875e-02 2.195367104072221479e-02 7.483421314813177780e-03 1.933704287851905354e-03 3.787710198747783869e-04 5.624193392247318245e-05 6.330537237417627129e-06 5.401541399797311490e-07 3.493748749713025766e-08
6.804517010979770110e-06 6.442115624485572948e-05 4.623347594904060132e-04 2.515251380799228987e-03 1.037296865562545994e-02 3.242810379896976514e-02 7.684875973554761153e-02 1.380539987476479546e-01 1.880000382813259430e-01 1.940723676763431438e-01 1.518680058208700390e-01 9.008774074904404849e-02 4.050996990053014335e-02 1.380876900513558318e-02 3.568164174096584776e-03 6.989265069089596822e-04 1.037803220300071653e-04 1.168141184525724408e-05 9.967184035707317243e-07 6.446833262116398056e-08
9.518069939472576502e-06 9.011147591090213618e-05 6.467078514431255859e-04 3.518300934389897733e-03 1.450957371182823308e-02 4.536001004406757520e-02 1.074950461207454105e-01 1.931081388118645048e-01 2.629720096368063365e-01 2.714659050571613941e-01 2.124309923303635550e-01 1.260135606619655901e-01 5.666481928651347783e-02 1.931552657695201000e-02 4.991101662288536904e-03 9.776493121519706439e-04 1.451665653607303846e-04 1.633980703634578546e-05 1.394196746049384541e-06 9.017746561281166809e-08
1.009246608550395839e-05 9.554952005278938222e-05 6.857353538505878620e-04 3.730623233988813753e-03 1.538519694990396307e-02 4.809739431618825084e-02 1.139821533391068009e-01 2.047618219016289209e-01 2.788418351171890741e-01 2.878483198361383444e-01 2.252507702967085357e-01 1.336182225369270671e-01 6.008442578454484956e-02 2.048117928752482206e-02 5.292304487808873435e-03 1.036648458054593644e-03 1.539270720817427203e-04 1.732588112996539568e-05 1.478333681671086617e-06 9.561949209888168869e-08
8.112272396197721687e-06 7.680221339633848323e-05 5.511905549159170498e-04 2.998655791885192646e-03 1.236654227711869031e-02 3.866043848298626046e-02 9.161826934648945042e-02 1.645865006168898970e-01 2.241316347027720035e-01 2.313710008550399211e-01 1.810554120885131124e-01 1.074016409004550504e-01 4.829555280185168775e-02 1.646266670287925213e-02 4.253927161607246044e-03 8.332527054924738314e-04 1.237257898413740933e-04 1.392645425207816425e-05 1.188277019371411754e-06 7.685845656755263846e-08
4.942931260395112953e-06 4.679675964064423536e-05 3.358488092196465599e-04 1.827126695082553461e-03 7.535122764518894373e-03 2.355639463089317237e-02 5.582440843435210881e-02 1.002850643081926174e-01 1.365668224029378541e-01 1.409778785795355871e-01 1.103198231725424777e-01 6.544145737431301957e-02 2.942721669383609531e-02 1.003095383153899088e-02 2.591982680020425440e-03 5.077135782223014425e-04 7.538801022148243719e-05 8.485600915142374115e-06 7.240353057933637015e-07 4.683102946241557193e-08
2.283092125593845823e-06 2.161497051252183192e-05 1.551253155922207758e-04 8.439321427407106731e-04 3.480400301516813500e-03 1.088047076844729510e-02 2.578475414651348885e-02 4.632070093129418697e-02 6.307889396394265880e-02 6.511631813429970272e-02 5.095565896297820502e-02 3.022677600552682239e-02 1.359214667825879228e-02 4.633200523842903595e-03 1.197211722090029372e-03 2.345079895777784544e-04 3.482099253128126588e-05 3.919416963274717271e-06 3.344249025985090274e-07 2.163079941163247801e-08
