1.784934966654762871e-10 9.959706717166089560e-10 4.212767796915692315e-09 1.350782151157437627e-08 3.283219542909597733e-08 6.049386801066112381e-08 8.449278087080025199e-08 8.945913058769030757e-08 7.180035006065657871e-08 4.368428879513588884e-08 2.014748294781240766e-08 7.043899380670713376e-09 1.866819418681248979e-09 3.750492448414132531e-10 5.711775119717099033e-11 6.594027055851279196e-12 5.770682344291680864e-13 3.828251239729529029e-14 1.925176334881069087e-15 7.339008937379336729e-17
2.776971531231357364e-09 1.549514269688989183e-08 6.554152648848767921e-08 2.101523948342924215e-07 5.107977249462367549e-07 9.411533328550974390e-07 1.314524346578974849e-06 1.391789972697498388e-06 1.117057661907824407e-06 6.796327519625805548e-07 3.134511207257092723e-07 1.095877912327555330e-07 2.904365972135944877e-08 5.834952506344550125e-09 8.886282803892112783e-10 1.025887539453983467e-10 8.977929664244705768e-12 5.955928314326233526e-13 2.995156672057673609e-14 1.141790556366908653e-15
3.275045040179874403e-08 1.827432858623019722e-07 7.729695779659621102e-07 2.478450177264821114e-06 6.024136498362119818e-06 1.109957203432003148e-05 1.550295490263882520e-05 1.641419364869704220e-05 1.317411472923506028e-05 8.015306777278617578e-06 3.696712503985806001e-06 1.292432954766226224e-06 3.425288759691840246e-07 6.881500962710719923e-08 1.048011335197873095e-08 1.209889212073164261e-09 1.058819785773263707e-10 7.024174812786672506e-12 3.532363545345592155e-13 1.346580422772835635e-14
2.927924986904840256e-07 1.633744349469893821e-06 6.910429974787537815e-06 2.215760734213850682e-05 5.385641895511491796e-05 9.923135072808291434e-05 1.385980604034746518e-04 1.467446313998636029e-04 1.177779823570299171e-04 7.165769234615716613e-05 3.304900169931439003e-05 1.155448763523402272e-05 3.062244464984581804e-06 6.152134816144030137e-07 9.369332443491606934e-08 1.081653782453340777e-08 9.465961137513092206e-10 6.279686750694633659e-11 3.157970458531787598e-12 1.203857173975514513e-13
1.984263913870347597e-06 1.107193651354311798e-05 4.683219990138552604e-05 1.501627974191782589e-04 3.649866343600793091e-04 6.724939650263880376e-04 9.392833867706456338e-04 9.944929530068546703e-04 7.981850671883645477e-04 4.856264204501100192e-04 2.239741173516641059e-04 7.830512380063642589e-05 2.075292643935347940e-05 4.169320991329330284e-06 6.349625877652082710e-07 7.330401487137863654e-08 6.415111445570910870e-09 4.255763335994951311e-10 2.140166448921694107e-11 8.158577690539690272e-13
1.019379139744796666e-05 5.688004019823166983e-05 2.405918250799276800e-04 7.714337905599586136e-04 1.875051795033736519e-03 3.454814224863031035e-03 4.825395876475141281e-03 5.109024882385831273e-03 4.100529175882508537e-03 2.494816537535057225e-03 1.150625889404536520e-03 4.022781908169003121e-04 1.066143477843717693e-04 2.141912079210910597e-05 3.262003667766750451e-06 3.765859122724955348e-07 3.295645675477615073e-08 2.186320246051424013e-09 1.099471203584576301e-10 4.191319435680093636e-12
3.969802210867495588e-05 2.215098392043829835e-04 9.369447753836265477e-04 3.004220361100876351e-03 7.302076794782658316e-03 1.345419835786642801e-02 1.879170023386747199e-02 1.989624613914495882e-02 1.596882764563963344e-02 9.715647319303511581e-03 4.480920809094695104e-03 1.566605386577274092e-03 4.151918133723568019e-04 8.341319707272004994e-05 1.270332976933414421e-05 1.466551088631433511e-06 1.283434296293553738e-07 8.514259913747268108e-09 4.281707408558405794e-10 1.632239518495566034e-11
1.171922293339853539e-04 6.539175126838771843e-04 2.765947549967303406e-03 8.868736093807214060e-03 2.155640540493178672e-02 3.971803671083803944e-02 5.547483543019292307e-02 5.873555700183281242e-02 4.714145471831292233e-02 2.868148860552745261e-02 1.322809226236234745e-02 4.624763854406267576e-03 1.225684596505217721e-03 2.462434650791073265e-04 3.750140325776399244e-05 4.329394321923750040e-06 3.788816631080177833e-07 2.513488197697849667e-08 1.263999589680190067e-09 4.818521876376449685e-11
2.622560899431567003e-04 1.463355130254319217e-03 6.189715764984763183e-03 1.984670881267317985e-02 4.823953453957804949e-02 8.888214745294928387e-02 1.241431578940314223e-01 1.314400929777946592e-01 1.054944825174671669e-01 6.418424752376908349e-02 2.960219951314155967e-02 1.034942753679062369e-02 2.742871704120715317e-03 5.510506003060842246e-04 8.392170233176579565e-05 9.688441231491794553e-06 8.478721164582691048e-07 5.624755076276643430e-08 2.828614081011848471e-09 1.078302472600535109e-10
4.448864385057896991e-04 2.482408901578333008e-03 1.050012071271279671e-02 3.366759415060836119e-02 8.183266486258353178e-02 1.507780507047892793e-01 2.105941844565303589e-01 2.229725717882678482e-01 1.789589123340467602e-01 1.088809845949157418e-01 5.021663030282288998e-02 1.755657974773627145e-02 4.652957435570174646e-03 9.347921684479772913e-04 1.423632422485011310e-04 1.643529465830620569e-05 1.438314764325375467e-06 9.541731724492893228e-08 4.798409236870133957e-09 1.829212609595517964e-10
5.720968706381995752e-04 3.192226692742607900e-03 1.350251588077606979e-02 4.329447604690098844e-02 1.052318241956465839e-01 1.938913922817072921e-01 2.708112980625658195e-01 2.867291504471409791e-01 2.301302643950826066e-01 1.400143163904212229e-01 6.457552886244358192e-02 2.257669252972565113e-02 5.983419942048416942e-03 1.202085808824278042e-03 1.830704609873503371e-04 2.113478818013313026e-05 1.849585207467630226e-06 1.227008599854313275e-07 6.170462101912569022e-09 2.352256034587825951e-10
5.576822173122515181e-04 3.111794787805965620e-03 1.316230411693200021e-02 4.220362081735137827e-02 1.025803846536941372e-01 1.890060706761050868e-01 2.639878889885619584e-01 2.795046723661326338e-01 2.243318617969992379e-01 1.364864910604450532e-01 6.294847248499216286e-02 2.200784621581472478e-02 5.832660641316746164e-03 1.171797843461149695e-03 1.784577854689362334e-04 2.060227234169810637e-05 1.802982733427341969e-06 1.196092675467022337e-07 6.014990054039363376e-09 2.292988178019008692e-10
4.120983163107041483e-04 2.299455411972109366e-03 9.726262012618717978e-03 3.118629309155096507e-02 7.580159899311009197e-02 1.396657111885531988e-01 1.950733970018117547e-01 2.065394974187710342e-01 1.657696438429328012e-01 1.008564580671805905e-01 4.651566558894128234e-02 1.626266014877091395e-02 4.310034559614669622e-03 8.658980031211498595e-04 1.318710739580719377e-04 1.522401374945518456e-05 1.332310993102119879e-06 8.838506274901378529e-08 4.444766565879891092e-09 1.694399674488645435e-10
2.308403389165030763e-04 1.288059294624304373e-03 5.448247494636258847e-03 1.746926444944572540e-02 4.246090340439442196e-02 7.823492314749508347e-02 1.092720045076343433e-01 1.156948371219417016e-01 9.285726063952050302e-02 5.649559350442149436e-02 2.605614142180132445e-02 9.109665902143057603e-03 2.414302119432001296e-03 4.850400513573210697e-04 7.386869152557579371e-05 8.527859383303333361e-06 7.463052116864184631e-07 4.950963649353014685e-08 2.489773386258804552e-09 9.491322328627797315e-11
9.802105799682815385e-05 5.469448512090026434e-04 2.313473399664269046e-03 7.417922672433872877e-03 1.803004923114983130e-02 3.322066660971170760e-02 4.639985169640015866e-02 4.912716032515182518e-02 3.942970701435889042e-02 2.398955864237047042e-02 1.106414312796415861e-02 3.868210789833731802e-03 1.025178048089369579e-03 2.059611384562973191e-04 3.136664644560796500e-05 3.621159989294273402e-06 3.169013993889074268e-07 2.102313214801487968e-08 1.057225191398234628e-09 4.030272442016860998e-11
3.155178164556746151e-05 1.760548689249226070e-04 7.446788378003181899e-04 2.387738728875085648e-03 5.803652684696374540e-03 1.069332692801310512e-02 1.493554567793894776e-02 1.581343302268918907e-02 1.269194121640686290e-02 7.721945993299739359e-03 3.561412569941111578e-03 1.245129818980439656e-03 3.299922953513879671e-04 6.629637550184221606e-05 1.009654047641029820e-05 1.165607182995058216e-06 1.020066908175702514e-07 6.767089527451736349e-09 3.403078794586134974e-10 1.297295485902414582e-11
7.698838493734992157e-06 4.295852504034675475e-05 1.817064458143633019e-04 5.826236706803488178e-04 1.416128737043472483e-03 2.609240831604379626e-03 3.644369604288493110e-03 3.858579786104816660e-03 3.096915625708320224e-03 1.884204693338149914e-03 8.690076678882635575e-04 3.038197173062201582e-04 8.052025126904812486e-05 1.617674378715778548e-05 2.463621083161912828e-06 2.844156805413569160e-07 2.489029135364724704e-08 1.651213548881016974e-09 8.303732041278778178e-11 3.165484769389327092e-12
1.424043808397595500e-06 7.945980637388416897e-06 3.360999705584730493e-05 1.077671172779364400e-04 2.619394291128091293e-04 4.826277696159071489e-04 6.740941474123178945e-04 7.137163168291061179e-04 5.728323208115739277e-04 3.485188096211337791e-04 1.607391803209468344e-04 5.619712475474138592e-05 1.489372265226967562e-05 2.992190555612045741e-06 4.556926804698419299e-07 5.260798615475531414e-08 4.603923737355599610e-09 3.054227507876296062e-10 1.535930154866657342e-11 5.855154631564254916e-13
1.996725250634642494e-07 1.114146916419697193e-06 4.712630987854357513e-06 1.511058318487361686e-05 3.672787797412631236e-05 6.767172811445576865e-05 9.451821618871210633e-05 1.000738448633978450e-04 8.031977335241979670e-05 4.886761933782808446e-05 2.253806927992621728e-05 7.879688626793143180e-06 2.088325648436296773e-06 4.195504662053878785e-07 6.389502038194835539e-08 7.376436997288585178e-09 6.455398860740316049e-10 4.282489871587461162e-11 2.153606866128915619e-12 8.209814213770718695e-14
2.122316202716761519e-08 1.184225046572071480e-07 5.009048240247097191e-07 1.606101566330356116e-06 3.903800509915780520e-06 7.192817589575941897e-06 1.004632668442646889e-05 1.063683360313328443e-05 8.537176375678024183e-06 5.194131755277963236e-06 2.395567922804452054e-06 8.375308941323172102e-07 2.219678124878040500e-07 4.459395462655933107e-08 6.791391904641143576e-09 7.840403557118908081e-10 6.861433536133195391e-11 4.551851908294173246e-12 2.289065430917319557e-13 8.726198920778852503e-15
