2.083542523052270347e-14 2.193037898259880848e-13 1.749793201105103391e-12 1.058337371550204614e-11 4.852419716743598377e-11 1.686511880316320277e-10 4.443419027095037918e-10 8.874460390147263646e-10 1.343579781057326329e-09 1.541990803256684119e-09 1.341519304960798092e-09 8.847262016652463354e-10 4.423007455058116104e-10 1.676190106049877208e-10 4.815325992338633571e-11 1.048636412693745058e-11 1.731095365691552916e-12 2.166276422150444317e-13 2.054960940183704165e-14 1.477712984283377415e-15
4.682764869467233965e-13 4.928855885474064348e-12 3.932662780006079773e-11 2.378614791254383474e-10 1.090582041406554003e-09 3.790437918931926848e-09 9.986590765578050707e-09 1.994536271310721851e-08 3.019697524024992143e-08 3.465626586758574300e-08 3.015066600982902577e-08 1.988423432887749539e-08 9.940715727556195155e-09 3.767239716163948156e-09 1.082245221418507493e-09 2.356811872028800565e-10 3.890639367553033696e-11 4.868709428757256929e-12 4.618527720145885264e-13 3.321162094556487697e-14
7.978094095337628315e-12 8.397362911186365678e-11 6.700134339158067655e-10 4.052480350854836318e-09 1.858040364520114682e-08 6.457823790587869224e-08 1.701429882565850466e-07 3.398120232949301520e-07 5.144702255543812601e-07 5.904438035901068536e-07 5.136812485118012408e-07 3.387705701900337063e-07 1.693614086125767963e-07 6.418300677708028958e-08 1.843836803979588848e-08 4.015334402684576406e-09 6.628538444830019911e-10 8.294890524772846015e-11 7.868652336891987248e-12 5.658311795453189897e-13
1.030368981676045052e-10 1.084517450931011123e-09 8.653207788267964884e-09 5.233768870703933372e-08 2.399654773967122235e-07 8.340264282969441524e-07 2.197392703749985229e-06 4.388664312799855055e-06 6.644370899522232093e-06 7.625567878393457010e-06 6.634181279517573029e-06 4.375213970370543578e-06 2.187298620974424455e-06 8.289220275360572759e-07 2.381310908834130245e-07 5.185794965743411854e-08 8.560741858624303479e-09 1.071283166253854002e-09 1.016234604235150657e-10 7.307696415982077778e-12
1.008749233181761330e-09 1.061761530533786033e-08 8.471641592683528186e-08 5.123951156201531841e-07 2.349303944692461729e-06 8.165264434002378400e-06 2.151285844514984121e-05 4.296579030385556724e-05 6.504955185049986059e-05 7.465564168471230618e-05 6.494979369056967883e-05 4.283410910175330396e-05 2.141403561138249719e-05 8.115291458835547365e-06 2.331344980267509233e-06 5.076983865160859466e-07 8.381115832220765311e-08 1.048804934637357173e-08 9.949114307453848485e-10 7.154362453687215844e-11
7.486356053142216129e-09 7.879782803931916354e-08 6.287164662063247582e-07 3.802701552817195096e-06 1.743518133991009341e-05 6.059789173588008655e-05 1.596560500306421090e-04 3.188673594375360720e-04 4.827603236080287128e-04 5.540511919545186440e-04 4.820199759776389644e-04 3.178900973668290436e-04 1.589226438525480529e-04 6.022702108455516761e-05 1.730190024525503679e-05 3.767845133400351268e-06 6.219981654382714155e-07 7.783626408539774370e-08 7.383659850137430343e-09 5.309555923289009534e-10
4.211672166784258424e-08 4.433006082003782310e-07 3.537031397816995512e-06 2.139322812714103826e-05 9.808679610064049731e-05 3.409114556910371532e-04 8.981925751321150238e-04 1.793883129664111935e-03 2.715911724922965512e-03 3.116979699554987913e-03 2.711746679223130986e-03 1.788385251345696618e-03 8.940665806358610076e-04 3.388250125823010959e-04 9.733698367823823421e-05 2.119713297691095690e-05 3.499235599497973590e-06 4.378910443049847352e-07 4.153897364629593283e-08 2.987048537547833051e-09
1.796120453092795074e-07 1.890511079035653313e-06 1.508411430251741233e-05 9.123410625328076521e-05 4.183034521160706792e-04 1.453859688057898255e-03 3.830454962126483582e-03 7.650239743393756793e-03 1.158234640483247167e-02 1.329275111771186305e-02 1.156458404472159203e-02 7.626793351307022302e-03 3.812859140774302845e-03 1.444961789566721931e-03 4.151057829373518094e-04 9.039783387467945281e-05 1.492292937711618501e-05 1.867441314889585183e-06 1.771481663625328931e-07 1.273864337063773153e-08
5.806483248591100057e-07 6.111628478365353506e-06 4.876379914642381359e-05 2.949408591988717096e-04 1.352287917749306215e-03 4.700025496605119910e-03 1.238306291416692989e-02 2.473163135647828137e-02 3.744331303796170213e-02 4.297269515514890587e-02 3.738589102806160608e-02 2.465583405532451033e-02 1.232617928937956679e-02 4.671260444435191769e-03 1.341950519447985234e-03 2.922373648150474075e-04 4.824272186140316838e-05 6.037048736882852003e-06 5.726831175111251918e-07 4.118138024318949073e-08
1.422943696008751407e-06 1.497722949213308855e-05 1.195011465945025213e-04 7.227855800570387370e-04 3.313932866709084178e-03 1.151793842356716932e-02 3.034608136563393677e-02 6.060763016797156982e-02 9.175902859614351592e-02 1.053093982254439676e-01 9.161830953522258347e-02 6.042188039959428547e-02 3.020668167767832923e-02 1.144744644434638435e-02 3.288599915392006676e-03 7.161603645419647307e-04 1.182241883977600645e-04 1.479446348997810662e-05 1.403424064076690603e-06 1.009195805812483863e-07
2.643376799199797899e-06 2.782292867022342279e-05 2.219951212909681323e-04 1.342705715256346799e-03 6.156233221690716670e-03 2.139666614277762474e-02 5.637336716382108232e-02 1.125896997118515791e-01 1.704590898350376305e-01 1.956313667136963808e-01 1.701976785775951018e-01 1.122446357226280500e-01 5.611440688170232088e-02 2.126571446638693755e-02 6.109172655658033461e-03 1.330398172075710015e-03 2.196229391165893359e-04 2.748340756961058961e-05 2.607115531573498166e-06 1.874764817762723725e-07
3.722436099386679761e-06 3.918059434585818824e-05 3.126162920213952819e-04 1.890814895112977439e-03 8.669284222969003695e-03 3.013105149463034954e-02 7.938567707718101329e-02 1.585502160544706163e-01 2.400426112775993770e-01 2.754905247893020825e-01 2.396744886922060058e-01 1.580642926513171065e-01 7.902100598573538748e-02 2.994664371454411333e-02 8.603012948321111034e-03 1.873483259666894329e-03 3.092757555670758336e-04 3.870247650741484840e-05 3.671372531127126201e-06 2.640067143516067490e-07
3.973674121350987795e-06 4.182500643515133507e-05 3.337156733792683060e-04 2.018431483139057625e-03 9.254399389992014335e-03 3.216468365784275196e-02 8.474364695192367070e-02 1.692512305514292659e-01 2.562437841746890155e-01 2.940841803068212634e-01 2.558508159270129201e-01 1.687325107667194957e-01 8.435436314954461445e-02 3.196782966117503455e-02 9.183655274572368951e-03 1.999930085287222187e-03 3.301496744190319729e-04 4.131461903538061816e-05 3.919164124585627126e-06 2.818252941547421249e-07
3.215541094198983449e-06 3.384525827992193028e-05 2.700464176877424350e-04 1.633337103559971693e-03 7.488762448021804054e-03 2.602801813263445202e-02 6.857549736704533772e-02 1.369599696556988155e-01 2.073553072003379849e-01 2.379761747067733468e-01 2.070373129435043869e-01 1.365402158628182816e-01 6.826048460413908225e-02 2.586872169902878701e-02 7.431515526568846335e-03 1.618365567576926078e-03 2.671607718475616238e-04 3.343224714518748829e-05 3.171431001299850876e-06 2.280561483061899382e-07
1.972480415174844079e-06 2.076139198597630798e-05 1.656521420417077337e-04 1.001923270071910198e-03 4.593764106846076438e-03 1.596613276224552458e-02 4.206564977863122556e-02 8.401412076374155380e-02 1.271960987135561660e-01 1.459795817052899347e-01 1.270010343603517056e-01 8.375663497475696606e-02 4.187241433639611599e-02 1.586841698555673322e-02 4.558647643368522392e-03 9.927394155831840462e-04 1.638820263012633191e-04 2.050804228505582197e-05 1.945422358130558737e-06 1.398944292472888499e-07
9.172086774046171675e-07 9.654102894019445487e-06 7.702868983763697325e-05 4.658970047731024878e-04 2.136112616548136237e-03 7.424294508307016822e-03 1.956063984250211440e-02 3.906679123209066268e-02 5.914652666487769939e-02 6.788089657768267560e-02 5.905582121805295903e-02 3.894705965039883810e-02 1.947078484417785749e-02 7.378856410362532627e-03 2.119783366952761663e-03 4.616264878319570417e-04 7.620558127612443548e-05 9.536294604358161087e-06 9.046266083894841179e-07 6.505128438236266568e-08
3.233109615663741321e-07 3.403017619238276648e-06 2.715218509497175619e-05 1.642261050454897858e-04 7.529678262797091532e-04 2.617022555025175657e-03 6.895016839818938689e-03 1.377082680279541511e-02 2.084882195341139152e-02 2.392763880801866694e-02 2.081684878748453482e-02 1.372862208563531763e-02 6.863343452262286697e-03 2.601005878013630535e-03 7.472118565441456276e-04 1.627207715563496675e-04 2.686204390131322639e-05 3.361490851830597837e-06 3.188758521610772862e-07 2.293021623421839758e-08
8.639120329090018221e-08 9.093127728234283405e-07 7.255275017485876863e-06 4.388249243985173798e-05 2.011988589452234130e-04 6.992887790525347804e-04 1.842402121527479848e-03 3.679672016192494545e-03 5.570967365370861624e-03 6.393651172604605283e-03 5.562423886782760438e-03 3.668394587545014112e-03 1.833938746051246840e-03 6.950089983947879560e-04 1.996608190682203077e-04 4.348025562470993411e-05 7.177747034138276489e-06 8.982164976221508388e-07 8.520610756635659580e-08 6.127132104019237471e-09
1.749908885376425355e-08 1.841870977756828238e-07 1.469602197366947702e-06 8.888678535288908409e-06 4.075411125022839983e-05 1.416453992182046672e-04 3.731902925395310343e-04 7.453410198170585350e-04 1.128434947245540027e-03 1.295074795898427033e-03 1.126704411204388322e-03 7.430567047661409226e-04 3.714759818942371043e-04 1.407785023681589127e-04 4.044257147021536379e-05 8.807202904665712505e-06 1.453898410203747547e-06 1.819394765099025102e-07 1.725904016137396300e-08 1.241089659857508045e-09
2.686941239722587994e-09 2.828146727947157617e-08 2.256537344938829199e-07 1.364834313528681439e-06 6.257691650209881446e-06 2.174929607803520167e-05 5.730243418204620663e-05 1.144452457233250759e-04 1.732683582234627968e-04 1.988554893745945649e-04 1.730026387511717010e-04 1.140944948718880520e-04 5.703920607862726725e-05 2.161618623920650534e-05 6.209855497726360681e-06 1.352323934629340350e-06 2.232424573296124671e-07 2.793635066678551916e-08 2.650082364582570854e-09 1.905662070255205466e-10
