1.743831980574184291e-03 2.517320114843180513e-03 2.754666792042281820e-03 2.285054277526205047e-03 1.436880949194876749e-03 6.849231927631966145e-04 2.474912092302349910e-04 6.779138428036714562e-05 1.407622000814395807e-05 2.215615575556586487e-06 2.643623430273173372e-07 2.391121225236858586e-08 1.639458456454060149e-09 8.521107754832826056e-11 3.357287378408396325e-12 1.002715660042378811e-13 2.270198837543532404e-15 3.896250003618896524e-17 5.069049752622133714e-19 4.999229925933577767e-21
7.617577619403783848e-03 1.099640423006258833e-02 1.203320522718411868e-02 9.981797855246988399e-03 6.276724066461131755e-03 2.991948560597896579e-03 1.081115335326432968e-03 2.961329631725712172e-04 6.148912263011438993e-05 9.678468917633363346e-06 1.154813474056692661e-06 1.044512988266692784e-07 7.161642970737714298e-09 3.722273731003024404e-10 1.466563148317182272e-11 4.380160735468049616e-13 9.916904867620286487e-15 1.701998079963904237e-16 2.214311950770871890e-18 2.183812570377683664e-20
2.522469697298450678e-02 3.641327707501376687e-02 3.984651954136696900e-02 3.305352944521738889e-02 2.078462084274938088e-02 9.907479722634721445e-03 3.579984095861468967e-03 9.806088802708839633e-04 2.036138734613531084e-04 3.204909195646099128e-05 3.824026665537217726e-06 3.458779802421762509e-07 2.371492392875707445e-08 1.232586415343943389e-09 4.856348416301721342e-11 1.450437826372868779e-12 3.283864408003437534e-14 5.635963026662462260e-16 7.332429120193863600e-18 7.231434070754227091e-20
6.331867913975178230e-02 9.140409535975806132e-02 1.000221722535582364e-01 8.297050416976450848e-02 5.217326256061398382e-02 2.486961608747847649e-02 8.986425665848013153e-03 2.461510602801782535e-03 5.111086779718025316e-04 8.044917932948520963e-05 9.599017887760089357e-06 8.682180355195189701e-07 5.952886810401708934e-08 3.094021063117888780e-09 1.219033740987964972e-10 3.640868607405777523e-12 8.243110195199278960e-14 1.414731502665585593e-15 1.840576032583335374e-17 1.815224397489281677e-19
1.204854364123616739e-01 1.739275434819303467e-01 1.903263813871405308e-01 1.578797527058923289e-01 9.927747063071393208e-02 4.732294780019447034e-02 1.709974738650541989e-02 4.683865539229734379e-03 9.725590134889106281e-04 1.530820701287193962e-04 1.826541354067441023e-05 1.652081665818884466e-06 1.132740251390299866e-07 5.887432952225965275e-09 2.319628493199556092e-10 6.927997378390537866e-12 1.568533555590630135e-13 2.692010395996508090e-15 3.502325215067758769e-17 3.454085061299984589e-19
1.737937214424483401e-01 2.508810686431360848e-01 2.745355048284670585e-01 2.277329989432259338e-01 1.432023785617870804e-01 6.826079111897295770e-02 2.466546017939849275e-02 6.756222553012701700e-03 1.402863742785866305e-03 2.208126014726739393e-04 2.634687052180025916e-05 2.383038393510312076e-06 1.633916509568924977e-07 8.492303410084782517e-09 3.345938564868152110e-10 9.993261280252838117e-12 2.262524766067767669e-13 3.883079306620591773e-15 5.051914579494337938e-17 4.982330768405636458e-19
1.900336150363060028e-01 2.743242737581554347e-01 3.001890632490267219e-01 2.490131674093393754e-01 1.565837100099479740e-01 7.463931834771271590e-02 2.697028710543686661e-02 7.387547634532875412e-03 1.533952240807745374e-03 2.414461037783750049e-04 2.880881431501646520e-05 2.605717841418334451e-06 1.786595386782757985e-07 9.285853963015422406e-09 3.658594774851182608e-10 1.092706658978850326e-11 2.473942998840779147e-13 4.245927827456889488e-15 5.523983159045485605e-17 5.447897193111623909e-19
1.575156090241241758e-01 2.273826924929099880e-01 2.488215735464383294e-01 2.064027499135593080e-01 1.297895556044737775e-01 6.186725271967961903e-02 2.235520909370029494e-02 6.123411716531607964e-03 1.271466742231841269e-03 2.001305404619423405e-04 2.387913281145426410e-05 2.159834893724565006e-06 1.480878319212166136e-07 7.696885322178448508e-09 3.032546552477379747e-10 9.057258361416030683e-12 2.050608983462870557e-13 3.519376861228339438e-15 4.578735037850138806e-17 4.515668683721311342e-19
9.897228174273611789e-02 1.428720876886781788e-01 1.563428477550906637e-01 1.296896938879983641e-01 8.155108274115960287e-02 3.887324694204370018e-02 1.404651936749088531e-02 3.847542687293414258e-03 7.989047270827349684e-04 1.257486566483186899e-04 1.500405118597169958e-05 1.357095902709942418e-06 9.304849668157571484e-08 4.836208343844241494e-09 1.905449584642670883e-10 5.690975846244743481e-12 1.288465640407675883e-13 2.211341215174490840e-15 2.876971095112459530e-17 2.837344412982375904e-19
4.714117337840355998e-02 6.805095061032853665e-02 7.446716558130683783e-02 6.177208646010548532e-02 3.884333737692868133e-02 1.851559286709961866e-02 6.690453056212275137e-03 1.832610845266477830e-03 3.805237748294860154e-04 5.989494352134411601e-05 7.146531997462469846e-06 6.463940419911140465e-07 4.431963411804342303e-08 2.303519046108839445e-09 9.075786437553716745e-11 2.710650642141223105e-12 6.137049795866888240e-14 1.053276915392542701e-15 1.370320970793476940e-17 1.351446511603368888e-19
1.702095851123783948e-02 2.457071650913417865e-02 2.688737774163197508e-02 2.230364764895164525e-02 1.402491254563479825e-02 6.685305337483447331e-03 2.415678603862321354e-03 6.616889425755225276e-04 1.373932577350630050e-04 2.162587979146002865e-05 2.580352076763721441e-06 2.333893151603743106e-07 1.600220358329154919e-08 8.317167203060516227e-10 3.276935496926497623e-11 9.787170919144499027e-13 2.215864868665018332e-14 3.802998820974218058e-16 4.947729281944476542e-18 4.879580493152576295e-20
4.658696918619632116e-03 6.725092550681234342e-03 7.359170974537176599e-03 6.104587735617044569e-03 3.838668475522124222e-03 1.829791862497203749e-03 6.611798307808898489e-04 1.811066183979019475e-04 3.760502359645914055e-05 5.919080260985056725e-06 7.062515463530555194e-07 6.387948614400977745e-08 4.379860069301276310e-09 2.276438262566705771e-10 8.969089074488628681e-12 2.678783511100057731e-13 6.064901003613614251e-15 1.040894311391997380e-16 1.354211112420055218e-18 1.335558546400166435e-20
9.665887166301881297e-04 1.395325493659345384e-03 1.526884395357420467e-03 1.266582850956274016e-03 7.964488139363828673e-04 3.796461111266248058e-04 1.371819148702264782e-04 3.757608981833699991e-05 7.802308699600789599e-06 1.228093669332719997e-06 1.465334164751278384e-07 1.325374704762493818e-08 9.087355106715393040e-10 4.723165248007110143e-11 1.860910990625365588e-12 5.557953138732026381e-14 1.258348628377610988e-15 2.159652611387667565e-17 2.809723843525497548e-19 2.771023408262226859e-21
1.520252773088978182e-04 2.194570880666452269e-04 2.401486998856106807e-04 1.992084180566651398e-04 1.252656375124499763e-04 5.971082046610679353e-05 2.157600051717845104e-05 5.909975335458332231e-06 1.227148758617521027e-06 1.931548314494132161e-07 2.304680666283273766e-08 2.084552132288190003e-09 1.429261128682709346e-10 7.428604268290356890e-12 2.926844732714127740e-13 8.741560424286094998e-15 1.979133377920121097e-16 3.396706184215762666e-18 4.419139589820102150e-20 4.358271463577275394e-22
1.812536274168267592e-05 2.616498649339112447e-05 2.863196419978131748e-05 2.375081895846341347e-05 1.493491845022539520e-05 7.119081114074258581e-06 2.572419816041366994e-06 7.046226038576711898e-07 1.463080139150409676e-07 2.302907415992116482e-08 2.747778120821909505e-09 2.485327717896566469e-10 1.704050593989260229e-11 8.856826273277543197e-13 3.489559329086777668e-14 1.042221112325839430e-15 2.359641174413724460e-17 4.049756251437810890e-19 5.268762503808447610e-21 5.196191883508504319e-23
1.638152876700782748e-06 2.364766349995082458e-06 2.587729425773206962e-06 2.146576206793990682e-06 1.349803585793342875e-06 6.434157138090081430e-07 2.324928323800847687e-07 6.368311420567367341e-08 1.322317778105067268e-08 2.081345605077162943e-09 2.483415475491883051e-10 2.246215321944223870e-11 1.540104560869074966e-12 8.004714523391502986e-14 3.153830207334576436e-15 9.419494316594080182e-17 2.132621031058382015e-18 3.660130805533319537e-20 4.761856948892017691e-22 4.696268319244941773e-24
1.122325861030216695e-07 1.620140871857277583e-07 1.772896594207565245e-07 1.470655165230398466e-07 9.247729520203353054e-08 4.408148380237933688e-08 1.592847175593570853e-08 4.363036380823885398e-09 9.059419666961926195e-10 1.425964591915408395e-10 1.701429366861399351e-11 1.538919585049679418e-12 1.055151324359369628e-13 5.484163442584142397e-15 2.160741682497090410e-16 6.453452678135870021e-18 1.461094241554685235e-19 2.507616667668137229e-21 3.262427625821730401e-23 3.217491761599644902e-25
5.828815798386368780e-09 8.414225348799016442e-09 9.207564430295348232e-09 7.637869141859362334e-09 4.802821871812321312e-09 2.289378318056093476e-09 8.272475137472496510e-10 2.265949335083177769e-10 4.705022873706921502e-11 7.405767994748448308e-12 8.836398338265889115e-13 7.992401406085272875e-14 5.479943858255804630e-15 2.848208316765025391e-16 1.122184357723879739e-17 3.351610101002971933e-19 7.588214344707126119e-21 1.302334389353204417e-22 1.694346566070065476e-24 1.671009059167086616e-26
2.294766552823410480e-10 3.312625336983239518e-10 3.624957730429164030e-10 3.006978989871848154e-10 1.890839472685817113e-10 9.013132294365222182e-11 3.256819208421448302e-11 8.920893924938966159e-12 1.852336648524854085e-12 2.915602290438401429e-13 3.478832074208019968e-14 3.146556017176031316e-15 2.157417957993581574e-16 1.121320934965082188e-17 4.417966220375804369e-19 1.319506915970120293e-20 2.987430221883034520e-22 5.127205080158434897e-24 6.670531310639743875e-26 6.578653076501573615e-28
6.848469262318997471e-12 9.886152807132456756e-12 1.081827324156583016e-11 8.973986116033949020e-12 5.642994923704020011e-12 2.689866618424822291e-12 9.719605776178854355e-13 2.662339128230016642e-13 5.528087632827571153e-14 8.701282769982436360e-15 1.038217787324372288e-15 9.390537847643594363e-17 6.438568033473990544e-18 3.346454543210409822e-19 1.318491670753209918e-20 3.937918017987631340e-22 8.915645045774407102e-24 1.530155925877008933e-25 1.990744051417592325e-27 1.963324039495381153e-29
