2.733120459188507664e-21 2.591945414158723690e-20 1.863329881137211829e-19 1.015431111215283367e-18 4.194768534210876179e-18 1.313597633192367002e-17 3.118268677742533140e-17 5.611274657777313564e-17 7.654315173928234280e-17 7.914946325632298127e-17 6.204209106425398445e-17 3.686563331033131326e-17 1.660557010966053404e-17 5.669995334994771565e-18 1.467602463181579449e-18 2.879592155656827443e-19 4.283022452604129281e-20 4.829103791390500154e-21 4.127428397082205647e-22 2.674172234797017166e-23
2.050294366527081314e-19 1.944389630954352630e-18 1.397806944598230563e-17 7.617420154028548813e-17 3.146773229721166920e-16 9.854164378899256594e-16 2.339219510724245964e-15 4.209388130405671615e-15 5.742007904542689423e-15 5.937524564001975246e-15 4.654187464330350635e-15 2.765534905002595844e-15 1.245693607625189933e-15 4.253438392915270029e-16 1.100945643448101051e-16 2.160172470551016265e-17 3.212978329133197341e-18 3.622630047488740360e-19 3.096256940425572951e-20 2.006073405837140183e-21
1.165924646859869522e-17 1.105700640278516670e-16 7.948797962214168556e-16 4.331737943616731646e-15 1.789450591343791391e-14 5.603689553626574142e-14 1.330225418601051054e-13 2.393719384671837853e-13 3.265262124145851783e-13 3.376445033223155317e-13 2.646659896432634163e-13 1.572654814906156644e-13 7.083787105293241772e-14 2.418769098312502654e-14 6.260660330074508891e-15 1.228408157385598714e-15 1.827098920487391296e-16 2.060052316281113507e-17 1.760723893500208307e-18 1.140777863637928381e-19
5.025989386931327095e-16 4.766379798325794183e-15 3.426514252404457114e-14 1.867296397775015845e-13 7.713843004137863468e-13 2.415600725144470185e-12 5.734246080243238079e-12 1.031868419203119342e-11 1.407567189329550305e-11 1.455495168426285297e-11 1.140904310249647087e-11 6.779294382628149331e-12 3.053631202185574020e-12 1.042666680929786330e-12 2.698803259617379101e-13 5.295339092854708015e-14 7.876134883995694436e-15 8.880334682037691640e-16 7.590009891189858199e-17 4.917588328655964126e-18
1.642364203461729124e-14 1.557530459819169979e-13 1.119696823362472536e-12 6.101844880399136061e-12 2.520685708979356810e-11 7.893562551384061784e-11 1.873804294239132478e-10 3.371880885360493123e-10 4.599567941255739056e-10 4.756184263242840785e-10 3.728182163697866621e-10 2.215299229980205541e-10 9.978482226969966192e-11 3.407166830383781612e-11 8.818995673382580197e-12 1.730380767199758906e-12 2.573718525698793659e-13 2.901865219704188708e-14 2.480220229199828266e-15 1.606941522667431446e-16
4.068311456044307376e-13 3.858169216952215897e-12 2.773608560257515046e-11 1.511492114697170244e-10 6.244007586936455586e-10 1.955319708570737756e-09 4.641613267367904621e-09 8.352508904793951088e-09 1.139362079910364811e-08 1.178157614761931689e-08 9.235105206763917173e-09 5.487532678134516142e-09 2.471776568945561586e-09 8.439915957427596656e-10 2.184559371983632760e-10 4.286337880282203650e-11 6.375375535258307916e-12 7.188229926307075740e-13 6.143770273790913512e-14 3.980565694309174684e-15
7.639338181266882482e-12 7.244740164881495735e-11 5.208188705115978687e-10 2.838228967286865161e-09 1.172478707158360376e-08 3.671633469476787931e-08 8.715865006696407635e-08 1.568405980593374031e-07 2.139455725892225462e-07 2.212304674124525852e-07 1.734136940504686800e-07 1.030430397523780882e-07 4.641418761253522221e-08 1.584818982442191696e-08 4.102091985815063966e-09 8.048740854882517652e-10 1.197146537885007783e-10 1.349781596740287158e-11 1.153656482218756474e-12 7.474572146239830812e-14
1.087411941019357240e-10 1.031243384956177761e-09 7.413530406224342475e-09 4.040041162129752839e-08 1.668950001299063328e-07 5.226340270608704993e-07 1.240648791780892688e-06 2.232527676082757482e-06 3.045381220748131423e-06 3.149077135654423388e-06 2.468435316938466497e-06 1.466753129746715867e-06 6.606768890837785481e-07 2.255890556184256471e-07 5.839071006796758144e-08 1.145687847310111774e-08 1.704063113265985136e-09 1.921329559231730805e-10 1.642157743029801601e-11 1.063958527947242704e-12
1.173354596342870425e-09 1.112746807389509933e-08 7.999452322655823120e-08 4.359342295391410780e-07 1.800854010537155496e-06 5.639399520316122555e-06 1.338702388092895641e-05 2.408973555816184382e-05 3.286070272165132294e-05 3.397961703358374732e-05 2.663525951526470750e-05 1.582676685410767744e-05 7.128929113811925645e-06 2.434182900791009064e-06 6.300556896381765368e-07 1.236236288112970735e-07 1.838742256715203271e-08 2.073180166938999741e-09 1.771944249479004163e-10 1.148047563202976320e-11
9.597569805239386315e-09 9.101822409665919795e-08 6.543231032602411108e-07 3.565767084848530339e-06 1.473026323759765858e-05 4.612802534252089068e-05 1.095004839816363486e-04 1.970443711814242802e-04 2.687873633454520195e-04 2.779396334676502390e-04 2.178657357930689992e-04 1.294566025879869840e-04 5.831177976348063700e-05 1.991063944512387967e-05 5.153602739817972908e-06 1.011191681348062515e-06 1.504017388918180689e-07 1.695778192973521768e-08 1.449379299179713729e-09 9.390568428263768113e-11
5.951002045431671705e-08 5.643612380657930162e-07 4.057150096214144448e-06 2.210964613550658775e-05 9.133544057042070020e-05 2.860182095421805073e-04 6.789610467795119658e-04 1.221779554342305443e-03 1.666624136645261742e-03 1.723373063011821504e-03 1.350883052318359919e-03 8.026995608567294741e-04 3.615639455477542646e-04 1.234565191691558319e-04 3.195506890635646589e-05 6.269924456022977127e-06 9.325705089355864652e-07 1.051472372670296459e-07 8.986919969382461172e-09 5.822650218585193689e-10
2.797149887249796783e-07 2.652667502669932004e-06 1.906982529588041272e-05 1.039219844371254149e-04 4.293040320656299719e-04 1.344371580558356835e-03 3.191321059793982267e-03 5.742731251951352194e-03 7.833634538041787249e-03 8.100371554389518974e-03 6.349556509362396135e-03 3.772929279816766932e-03 1.699459253755191508e-03 5.802827591688510455e-04 1.501984316357107764e-04 2.947053009113401685e-05 4.383361783456493372e-06 4.942236292657254817e-07 4.224122590980839510e-08 2.736820669539720262e-09
9.966397344692618088e-07 9.451598741802079052e-06 6.794682582401125558e-05 3.702796887898268750e-04 1.529633640566731463e-03 4.790069138529679145e-03 1.137085069390561011e-02 2.046166412519458480e-02 2.791166637694727365e-02 2.886206488922473529e-02 2.262381555716528811e-02 1.344315244866990493e-02 6.055265851588757624e-03 2.067579065574353184e-03 5.351651897721346283e-04 1.050051032966800899e-04 1.561815669535714462e-05 1.760945700068019626e-06 1.505077878246997937e-07 9.751441057246664554e-09
2.691891034882205029e-06 2.552845631015290189e-05 1.835221343866655689e-04 1.000113220634441229e-03 4.131489987090021174e-03 1.293781867661594059e-02 3.071229249976552972e-02 5.526627959170631044e-02 7.538848983252610658e-02 7.795548485217328183e-02 6.110617926104782577e-02 3.630951115590441702e-02 1.635507324861014411e-02 5.584462828479957487e-03 1.445463517763323448e-03 2.836153189615085463e-04 4.218412585366777319e-05 4.756256226781681731e-06 4.065165683375208790e-07 2.633832050973091824e-08
5.511547742970247705e-06 5.226857400039403142e-05 3.757548104498858121e-04 2.047694981882382335e-03 8.459073572584872858e-03 2.648970719915536703e-02 6.288228766136964853e-02 1.131556718302904330e-01 1.543551561330479827e-01 1.596109838851439700e-01 1.251126513010959729e-01 7.434238669636021590e-02 3.348641006690484395e-02 1.143398194769679015e-02 2.959533311578827711e-03 5.806919191149554097e-04 8.637044390919393724e-05 9.738259436215956373e-06 8.323277003664889851e-07 5.392674111914302958e-08
8.554339668886536759e-06 8.112478687642493084e-05 5.831999341575418595e-04 3.178177751546858946e-03 1.312912307006448842e-02 4.111403251472248166e-02 9.759807460582722860e-02 1.756261757020918524e-01 2.395708967395286659e-01 2.477283396084459244e-01 1.941843137382963935e-01 1.153850165604580064e-01 5.197344545718324271e-02 1.774640625644004557e-02 4.593419922910131625e-03 9.012778534709549576e-04 1.340534726373585571e-04 1.511451644547252593e-05 1.291835650673524391e-06 8.369838787256065456e-08
1.006459323563404850e-05 9.544722478210843650e-05 6.861628529544040820e-04 3.739279422841143910e-03 1.544704656998704961e-02 4.837264237266078459e-02 1.148288423782654055e-01 2.066326669726018805e-01 2.818667156214630376e-01 2.914643406277730997e-01 2.284672115166413719e-01 1.357560375339955383e-01 6.114926549895215863e-02 2.087950295158536029e-02 5.404380101096163853e-03 1.060396867389211580e-03 1.577203765740609704e-04 1.778295764081847132e-05 1.519906954198841909e-06 9.847519049068780203e-08
8.976412117653022544e-06 8.512749646920976434e-05 6.119751095490012262e-04 3.334989535756166003e-03 1.377691604285158355e-02 4.314260526888485242e-02 1.024135787754362481e-01 1.842915985068099283e-01 2.513913620184337616e-01 2.599512943863219183e-01 2.037653979580009156e-01 1.210781312105303764e-01 5.453782333368153989e-02 1.862201669925466277e-02 4.820059975809475560e-03 9.457470428365676637e-04 1.406676918116908604e-04 1.586026903596935553e-05 1.355575022453063750e-06 8.782807933848032745e-08
6.068846580006507978e-06 5.755369840870864915e-05 4.137491685939459723e-04 2.254747172161155645e-03 9.314410781705207906e-03 2.916820763205996148e-02 6.924061519805077558e-02 1.245973806307828502e-01 1.699627409740238071e-01 1.757500104971979615e-01 1.377633872323150155e-01 8.185949941687042930e-02 3.687238044348511296e-02 1.259012630846593171e-02 3.258785817341222635e-03 6.394084441803285328e-04 9.510377076938352642e-05 1.072294121920198007e-05 9.164883175069171434e-07 5.937953070065136234e-08
3.110329170618233505e-06 2.949670001995317059e-05 2.120495371618725069e-04 1.155574755349030426e-03 4.773705049144221294e-03 1.494892412530690259e-02 3.548633210658931614e-02 6.385708757826795423e-02 8.710717336492146412e-02 9.007319219219904471e-02 7.060476423369822785e-02 4.195360445711342201e-02 1.889737019573531004e-02 6.452533706816442928e-03 1.670152055229995542e-03 3.277016002390960693e-04 4.874139238159585629e-05 5.495587411747159845e-06 4.697071034657022232e-07 3.043245269773467773e-08
