1.798617064038702509e-08 4.113062623756907051e-08 7.129987261236504548e-08 9.369340132753824663e-08 9.333103374082756666e-08 7.047579219966824615e-08 4.034137308054021399e-08 1.750484240014928258e-08 5.757879258229299529e-09 1.435700069658370288e-09 2.713699213454782532e-10 3.888270903895448025e-11 4.223263136939074321e-12 3.477255375919033531e-13 2.170310403416119675e-14 1.026842739333578429e-15 3.682839906556255892e-17 1.001286967827995682e-18 2.063626548064612773e-20 3.224040349186340719e-22
2.780441532995790336e-07 6.358290697646935172e-07 1.102208641697077955e-06 1.448385148941988613e-06 1.442783390188296345e-06 1.089469368553268962e-06 6.236281833073865687e-07 2.706034086468185806e-07 8.900975617126277210e-08 2.219416340707624151e-08 4.195046378691145405e-09 6.010790250401712571e-10 6.528647184269578078e-11 5.375410620384336595e-12 3.355033878974228439e-13 1.587373019739573669e-14 5.693219107223466198e-16 1.547866929242290022e-17 3.190113714337638811e-19 4.983971224426806385e-21
3.258259306513118350e-06 7.450960429584145080e-06 1.291622759159138223e-05 1.697289561730470426e-05 1.690725142959041393e-05 1.276694246983481821e-05 7.307984390075780305e-06 3.171064969841981977e-06 1.043060474294531352e-06 2.600822157675938282e-07 4.915963433295928848e-08 7.043742168449095357e-09 7.650592610795683633e-10 6.299172801280131415e-11 3.931595119015629726e-12 1.860162442941801597e-13 6.671596550402025221e-15 1.813867246477794464e-16 3.738333489565046738e-18 5.840464700541793322e-20
2.894371952285539046e-05 6.618825838038293655e-05 1.147372365229157917e-04 1.507733682386678176e-04 1.501902387886237453e-04 1.134111091995255500e-04 6.491817580047697686e-05 2.816915611731372191e-05 9.265698943300458836e-06 2.310358384003497992e-06 4.366941161297591245e-07 6.257086331568762195e-08 6.796162793668928226e-09 5.595671603601317187e-10 3.492508597297478425e-11 1.652416672541477492e-12 5.926502502071763529e-14 1.611291794020262632e-15 3.320830720519343307e-17 5.188192721116653687e-19
1.949035982880334417e-04 4.457039363088072725e-04 7.726270370427945188e-04 1.015290103696526698e-03 1.011363378660666123e-03 7.636970518377926608e-04 4.371513498055021535e-04 1.896877795428613214e-04 6.239412537413663599e-05 1.555768124485971162e-05 2.940646744372043134e-06 4.213448239983886940e-07 4.576455980342683903e-08 3.768059352284907061e-09 2.351814154803613126e-10 1.112717925196713225e-11 3.990836982802770341e-13 1.085024916367583002e-14 2.236208294595896254e-16 3.493667872088554205e-18
9.949063266166036004e-04 2.275143557771768747e-03 3.943957597606409342e-03 5.182657254106326494e-03 5.162612864903783592e-03 3.898373530123370231e-03 2.231485962448674209e-03 9.682816202815856246e-04 3.184975065811775021e-04 7.941585293423358827e-05 1.501084677768051653e-05 2.150799855750502762e-06 2.336101051144563022e-07 1.923446319916037607e-08 1.200508765457848401e-09 5.679988020959387563e-11 2.037165551360563219e-12 5.538626086499695329e-14 1.141496513901242333e-15 1.783380245192465722e-17
3.849828182740374933e-03 8.803755242241305054e-03 1.526129516377002816e-02 2.005449098529173829e-02 1.997692845262578551e-02 1.508490586662188451e-02 8.634820502990926336e-03 3.746802860593399960e-03 1.232438315211626311e-03 3.073026883066516039e-04 5.808504723056372919e-05 8.322602519034008457e-06 9.039632600398082949e-07 7.442849293745198837e-08 4.645414704119701322e-09 2.197893145888483222e-10 7.882890220636838633e-12 2.143192603265504954e-13 4.417064533765268604e-15 6.900858246456950314e-17
1.129268780093809800e-02 2.582402504927782533e-02 4.476590474740251013e-02 5.882576960679380268e-02 5.859825569581630228e-02 4.424850262721152783e-02 2.532848935819421651e-02 1.099048397693037221e-02 3.615107081919766759e-03 9.014099213554521532e-04 1.703806697707202272e-04 2.441266141697061407e-05 2.651592329474148047e-06 2.183208429937490552e-07 1.362637901470437361e-08 6.447072424586204033e-10 2.312285484059041839e-11 6.286619510569792869e-13 1.295656024339804676e-14 2.024226381975726759e-16
2.511019674097957066e-02 5.742179019395929340e-02 9.954057840878681451e-02 1.308038152036243018e-01 1.302979197811474366e-01 9.839009331071153774e-02 5.631992685419238975e-02 2.443822230845519791e-02 8.038480445653783599e-03 2.004357232617911492e-03 3.788550798727699010e-04 5.428350999840182868e-05 5.896028141718144472e-06 4.854538987409312720e-07 3.029934626351381268e-08 1.433558244400021396e-09 5.141552166279702687e-11 1.397880252502637407e-12 2.880995052134994472e-14 4.501029657037830610e-16
4.232526915990562910e-02 9.678907539727003850e-02 1.677837022522761512e-01 2.204804184827735825e-01 2.196276907983204796e-01 1.658444664930824597e-01 9.493179554740904802e-02 4.119260186069833435e-02 1.354950946854515878e-02 3.378506358920992190e-03 6.385909036723454732e-04 9.149925009855398069e-05 9.938232688767990351e-06 8.182718415504508084e-07 5.107200071752110900e-08 2.416378460771300891e-09 8.666502360865020841e-11 2.356240317461684419e-12 4.856150363448454731e-14 7.586849824236447966e-16
5.408118027807440331e-02 1.236723956965751769e-01 2.143858935650614361e-01 2.817192069045959535e-01 2.806296327436666460e-01 2.119080319760797693e-01 1.212992534016569812e-01 5.263391282722648667e-02 1.731290736697823837e-02 4.316891896827203430e-03 8.159605472316285154e-04 1.169133129713462236e-04 1.269859269308217355e-05 1.045548152621849405e-06 6.525733049756139985e-08 3.087531438094695536e-09 1.107363723518357254e-10 3.010689829418122172e-12 6.204953883952514272e-14 9.694109481904721376e-16
5.238288494159728387e-02 1.197887479695377150e-01 2.076535966481682649e-01 2.728724618294690041e-01 2.718171032442119328e-01 2.052535466150617882e-01 1.174901287614222301e-01 5.098106560319387581e-02 1.676923524867353008e-02 4.181329815179555924e-03 7.903371790841955038e-04 1.132419187234691226e-04 1.229982253607753567e-05 1.012715112689474902e-06 6.320807381556761156e-08 2.990574599956525622e-09 1.072589507464542353e-10 2.916146025629273992e-12 6.010101549184889685e-14 9.389688224088849543e-16
3.846178931116557564e-02 8.795410163814824933e-02 1.524682898410839316e-01 2.003548133594660607e-01 1.995799232479507634e-01 1.507060688635162571e-01 8.626635557781375807e-02 3.743251266658783466e-02 1.231270087096096068e-02 3.070113961291632415e-03 5.802998842199770177e-04 8.314713525210042176e-05 9.031063933855090935e-06 7.435794217886803803e-07 4.641011316137778546e-08 2.195809763267001792e-09 7.875418030042204199e-11 2.141161071281121125e-12 4.412877598879547082e-14 6.894316923840370860e-16
2.140752083314310245e-02 4.895454155671427610e-02 8.486261688868346198e-02 1.115158685497798230e-01 1.110845709813943344e-01 8.388177894626017150e-02 4.801515575083403070e-02 2.083463377805570144e-02 6.853149713729947759e-03 1.708800598296510978e-03 3.229902218122574680e-04 4.627902294729631388e-05 5.026617137994802171e-06 4.138702917395623959e-07 2.583149359830482238e-08 1.222169953468883139e-09 4.383393975352457133e-11 1.191752933534448206e-12 2.456171978059781252e-14 3.837321035258192314e-16
9.032336015163100126e-03 2.065507128335646037e-02 3.580553193613796731e-02 4.705116503752031915e-02 4.686919045996208733e-02 3.539169336316913550e-02 2.025872234072462197e-02 8.790621506480925107e-03 2.891504880882530149e-03 7.209831211669409743e-04 1.362771633277461267e-04 1.952620711998865645e-05 2.120847872288652840e-06 1.746216000826125710e-07 1.089891406725623373e-08 5.156622185917289572e-10 1.849456907262625084e-11 5.028285632250419492e-13 1.036316665987640338e-14 1.619055903701139949e-16
2.888887403340340866e-03 6.606283816878989051e-03 1.145198207933824201e-02 1.504876675991613684e-02 1.499056431218239241e-02 1.131962063502760067e-02 6.479516226991480568e-03 2.811577834900427005e-03 9.248141359063256212e-04 2.305980483081671083e-04 4.358666239160840708e-05 6.245229771041799848e-06 6.783284736495946291e-07 5.585068358649679269e-08 3.485890638493568242e-09 1.649285506171769511e-10 5.915272365246808974e-12 1.608238555233060243e-13 3.314538074333686632e-15 5.178361608396797320e-17
7.004190737889978919e-04 1.601712544024859594e-03 2.776566048155293398e-03 3.648616856253895837e-03 3.634505505120312445e-03 2.744474634650483427e-03 1.570977376640763810e-03 6.816751461928234395e-04 2.242238516286570917e-04 5.590916116246040084e-05 1.056771186948454543e-05 1.514173950419360712e-06 1.644626926923466550e-07 1.354115914067969007e-08 8.451642281108868087e-10 3.998740225426348954e-11 1.434174826781131193e-12 3.899220710317832367e-14 8.036193052656877194e-16 1.255508690752000310e-17
1.287307005684482737e-04 2.943803011905221320e-04 5.103077656352842219e-04 6.705828290348754420e-04 6.679892901302783266e-04 5.044096536373368980e-04 2.887314549818663346e-04 1.252857359449025031e-04 4.121031905679984014e-05 1.027559892922901755e-05 1.942250008991147074e-06 2.782914982105402235e-07 3.022675772253048129e-08 2.488742765468539545e-09 1.553335527993944560e-10 7.349323424699323471e-12 2.635883817247182318e-13 7.166415543124257796e-15 1.476979711554037538e-16 2.307511593822897914e-18
1.793507184126156065e-05 4.101377392642175030e-05 7.109730932409555359e-05 9.342721791420677865e-05 9.306587981558963620e-05 7.027557012789855957e-05 4.022676304148828830e-05 1.745511105691823395e-05 5.741521094977790769e-06 1.431621238709260228e-06 2.705989580661459475e-07 3.877224307160869416e-08 4.211264825625165820e-09 3.467376476318065247e-10 2.164144540900883032e-11 1.023925474067958365e-12 3.672376940294066211e-14 9.984423066347362277e-16 2.057763774906391048e-17 3.214880834719945515e-19
1.894178609630282955e-06 4.331591975723902694e-06 7.508807531740372341e-06 9.867138492482876774e-06 9.828976454253931762e-06 7.422021104459374500e-06 4.248473313196019656e-06 1.843488461343675970e-06 6.063798651660704915e-07 1.511979629329853735e-07 2.857879593088279823e-08 4.094856944183905676e-09 4.447647504726405971e-10 3.662003927894447166e-11 2.285620227119341578e-12 1.081399476958351303e-13 3.878511281343851130e-15 1.054485912806025522e-16 2.173268197974261533e-18 3.395335443054750376e-20
