2.275025698494597013e-06 2.153851188491766197e-05 1.545759417299404244e-04 8.409398388409191098e-04 3.468045390652174566e-03 1.084180116235070566e-02 2.569300625442095046e-02 4.615568774181957878e-02 6.285391731672089477e-02 6.488380234939505886e-02 5.077349449769331946e-02 3.011858999461568612e-02 1.354344154056458770e-02 4.616578853356548273e-03 1.192911698997412310e-03 2.336647264029300124e-04 3.469563463027823248e-05 3.905290400009846355e-06 3.332181519029029541e-07 2.155265555696713026e-08
4.930808699304944333e-06 4.668179433863532343e-05 3.350223246663047239e-04 1.822622696390937625e-03 7.516516579627007845e-03 2.349812906413648733e-02 5.568609569308387991e-02 1.000361740046985942e-01 1.362273149247315851e-01 1.406268145806351400e-01 1.100446419260227987e-01 6.527794637859231364e-02 2.935356704363064825e-02 1.000580660966620024e-02 2.585473819839159259e-03 5.064365059395446820e-04 7.519806794977534404e-05 8.464185653121477805e-06 7.222050121263949095e-07 4.671244882364962224e-08
8.101152725268249375e-06 7.669661682071662694e-05 5.504304028016183134e-04 2.994507741921640862e-03 1.234938373945695250e-02 3.860663512122632091e-02 9.149038086737501518e-02 1.643560667396831709e-01 2.238168931019432484e-01 2.310451229524065064e-01 1.807996426561498948e-01 1.072494686884511578e-01 4.822692263144853081e-02 1.643920347099059667e-02 4.247846460693606961e-03 8.320581329480105596e-04 1.235478945253144182e-04 1.390637212930754789e-05 1.186558525990849614e-06 7.674698110778584533e-08
1.008956181132884232e-05 9.552162295604668782e-05 6.855322643874313089e-04 3.729502699335999691e-03 1.538051124285456060e-02 4.808254387898031751e-02 1.139464819647417887e-01 2.046968808851842014e-01 2.787522287202479077e-01 2.877546107683318088e-01 2.251764942482289145e-01 1.335736012220993529e-01 6.006410857339580106e-02 2.047416771100053767e-02 5.290470490270061769e-03 1.036284865586191211e-03 1.538724377562476395e-04 1.731965881007917793e-05 1.477796555223873728e-06 9.558434904018574396e-08
9.525649781833407537e-06 9.018285866983557770e-05 6.472174299353287193e-04 3.521058420434822894e-03 1.452088468306709547e-02 4.539517990727100910e-02 1.075779405850304515e-01 1.932562419664810016e-01 2.631725892905639741e-01 2.716718224778789104e-01 2.125912367077467668e-01 1.261080876586071486e-01 5.670708732719789008e-02 1.932985345017936007e-02 4.994782728309562526e-03 9.783662450736562918e-04 1.452724093029695023e-04 1.635165205890452787e-05 1.395201565449198789e-06 9.024207895322027984e-08
6.817320859641838688e-06 6.454210449396448595e-05 4.632008300616599064e-04 2.519952503757470850e-03 1.039231257894028537e-02 3.248844057853536582e-02 7.699142370175220129e-02 1.383097048273493335e-01 1.883474643460176512e-01 1.944301989652711116e-01 1.521473816252177369e-01 9.025308679772756082e-02 4.058415102164618371e-02 1.383399727659988948e-02 3.574668107998590569e-03 7.001975470093716684e-04 1.039686162050927344e-04 1.170255690938489754e-05 9.985184164214653255e-07 6.458448729014942635e-08
3.698534537289719215e-06 3.501539790996881864e-05 2.512958247023623485e-04 1.367125232824430809e-03 5.638039896737433512e-03 1.762563652442063200e-02 4.176940553315791615e-02 7.503581402110694187e-02 1.021823112388006161e-01 1.054823178739083961e-01 8.254303373490193274e-02 4.896412615614208208e-02 2.201772328316466132e-02 7.505223499039571054e-03 1.939329793768202696e-03 3.798713400553887913e-04 5.640507843853440122e-05 6.348873963111719406e-06 5.417164492164814969e-07 3.503839143465457444e-08
1.521046327337422928e-06 1.440030959674245115e-05 1.033470385053796557e-04 5.622391229369852125e-04 2.318680491381489798e-03 7.248657389069624105e-03 1.717793905686610528e-02 3.085896540504258143e-02 4.202313853273399735e-02 4.338028767434998212e-02 3.394635822483510479e-02 2.013681459783327188e-02 9.054931567769181067e-03 3.086571863521420361e-03 7.975619615191651942e-04 1.562245534890710638e-04 2.319695450646846590e-05 2.611015613604586559e-06 2.227844048045059125e-07 1.440976583296877169e-08
4.741895997147565906e-07 4.489328773700834665e-06 3.221867075301792284e-05 1.752793059999424802e-04 7.228538370683670672e-04 2.259785178147196046e-03 5.355260979827360449e-03 9.620351589582146201e-03 1.310080757006053948e-02 1.352390185499440997e-02 1.058285321696016482e-02 6.277697057650886286e-03 2.822895199438900903e-03 9.622456924215489447e-04 2.486417280547376660e-04 4.870335449563570422e-05 7.231702528928666174e-06 8.139899662566158121e-07 6.945353723831958438e-08 4.492276776526504669e-09
1.120620148092700073e-07 1.060932647668293357e-06 7.614020132941628784e-06 4.142257062689616213e-05 1.708271489784261897e-04 5.340397179770101348e-04 1.265572538052112160e-03 2.273512499959179194e-03 3.096025076915735145e-03 3.196012082224367317e-03 2.500973987275779877e-03 1.483565605542090703e-03 6.671156934585441940e-04 2.274010039426519370e-04 5.875981469908523724e-05 1.150973373526988182e-05 1.709019253860747182e-06 1.923647328159808745e-07 1.641348381162006599e-08 1.061629329199281823e-09
2.007528169893291871e-08 1.900601359147956187e-07 1.364009020276023356e-06 7.420621300127596536e-06 3.060272602990708204e-05 9.567022148454451481e-05 2.267202250028432591e-04 4.072870183568227270e-04 5.546355352599130440e-04 5.725476467030267066e-04 4.480354685904809815e-04 2.657724609074378695e-04 1.195100364271817049e-04 4.073761497630372689e-05 1.052649137773357742e-05 2.061904271563570025e-06 3.061612180411780909e-07 3.446106342808072083e-08 2.940383605809402811e-09 1.901849425052614142e-10
2.726224955759096998e-09 2.581018256164370396e-08 1.852325405304113705e-07 1.007721001330742177e-06 4.155852787930043273e-06 1.299202418405062285e-05 3.078862576612924616e-05 5.530961160361219187e-05 7.531955268437176738e-05 7.775201893609807492e-05 6.084325459809194429e-05 3.609192271099636527e-05 1.622947307328595181e-05 5.532171565612852297e-06 1.429498421040123235e-06 2.800067747901981231e-07 4.157671935202919783e-08 4.679815333531527433e-09 3.993043428171970524e-10 2.582713130720414009e-11
2.806458013955492460e-10 2.656977867463251594e-09 1.906839517108591426e-08 1.037378325673949971e-07 4.278159928390057698e-07 1.337438068410606550e-06 3.169473793330838376e-06 5.693737870230224142e-06 7.753621424088982055e-06 8.004026820437968792e-06 6.263387733328264555e-06 3.715411140865822468e-06 1.670710800023317917e-06 5.694983897822858449e-07 1.471568694721931278e-07 2.882474006452530054e-08 4.280032613339156492e-09 4.817542741246136113e-10 4.110559073781651812e-11 2.658722622337728594e-12
2.190040917832151902e-11 2.073392945336688566e-10 1.488016761854661602e-09 8.095260891845959060e-09 3.338494732368614040e-08 1.043679998175834463e-07 2.473323050220163736e-07 4.443151776797767349e-07 6.050597620094724520e-07 6.246003381137031384e-07 4.887682392548493106e-07 2.899349423580805148e-07 1.303751916373113540e-07 4.444124123933925889e-08 1.148349855517557009e-08 2.249360577399584320e-09 3.339956096352804250e-10 3.759406224596962744e-11 3.207706127076525104e-12 2.074754478111343068e-13
1.295515842662836623e-12 1.226512886986579336e-11 8.802343707070041648e-11 4.788741000445153303e-10 1.974882195676611474e-09 6.173875388801061800e-09 1.463091017840508190e-08 2.628340626573731874e-08 3.579223114319713153e-08 3.694815136878125044e-08 2.891302131340407874e-08 1.715106362205506004e-08 7.712327421879056222e-09 2.628915817251310306e-09 6.793048561920064897e-10 1.330606309751942877e-10 1.975746663631532217e-11 2.223871838792710980e-12 1.897514367150642607e-13 1.227318299919962393e-14
5.809383499713271686e-14 5.499958775648803054e-13 3.947168271254098304e-12 2.147378830598112385e-11 8.855814544004059320e-11 2.768504145751394802e-10 6.560828156412916229e-10 1.178606865683641946e-09 1.605003892455890242e-09 1.656837947002772889e-09 1.296524700151134206e-09 7.690921463662114315e-10 3.458380530257303822e-10 1.178864794079534414e-10 3.046155278754080083e-11 5.966737021601263475e-12 8.859691012132017279e-13 9.972339928475653801e-14 8.508879854634626800e-15 5.503570427819752474e-16
1.974759377740936145e-15 1.869577928524962122e-14 1.341744362300272778e-13 7.299494831930591113e-13 3.010319910739191768e-12 9.410860075612263289e-12 2.230194809528867652e-11 4.006388906488095610e-11 5.455822443284056904e-11 5.632019771809266967e-11 4.407222057594536659e-11 2.614342689647776199e-11 1.175592794701771501e-11 4.007265671670837218e-12 1.035466793175484489e-12 2.028247900745866563e-13 3.011637622298185121e-14 3.389855703750603488e-15 2.892387856274248737e-16 1.870805622305906429e-17
5.088562842428840805e-17 4.817531130805541175e-16 3.457408828132788840e-15 1.880934892065419726e-14 7.756996733006860785e-14 2.424991795751823707e-13 5.746769235312375995e-13 1.032366877284877007e-12 1.405857122276016074e-12 1.451259675568067328e-12 1.135653622076397157e-12 6.736642052631043456e-13 3.029269226608156678e-13 1.032592802264938779e-13 2.668192341666111828e-14 5.226392146458083677e-15 7.760392214072381482e-16 8.734985117545652130e-17 7.453109243196305564e-18 4.820694653929461309e-19
9.939691816461393895e-19 9.410274814167396944e-18 6.753493923394231028e-17 3.674104797934564450e-16 1.515204967196275478e-15 4.736832747007091305e-15 1.122539249452637611e-14 2.016563206446789822e-14 2.746116529580088920e-14 2.834803139410390037e-14 2.218317305539959646e-14 1.315895036662364743e-14 5.917191842560306324e-15 2.017004514679584238e-15 5.211886028422293076e-16 1.020891926785592534e-16 1.515868219992895598e-17 1.706239320969810789e-18 1.455845417375860176e-19 9.416454249477401048e-21
1.471795651419400802e-20 1.393403518529188080e-19 1.000007160370660291e-18 5.440341173861836856e-18 2.243602842932501070e-17 7.013949695100342878e-17 1.662172647200020717e-16 2.985976842003707818e-16 4.066245152423457755e-16 4.197565689415555118e-16 3.284719309259690113e-16 1.948479518727706050e-16 8.761737670851695633e-17 2.986630298418610256e-17 7.717373268677797843e-18 1.511660850413706452e-18 2.244584938353448427e-19 2.526472308452512680e-20 2.155707635607029823e-21 1.394318523358857924e-22
