2.502930217457309005e-15 1.083796297904240663e-14 3.557487676329505241e-14 8.851889111173202652e-14 1.669649626923692116e-13 2.387324989773051349e-13 2.587584630555199602e-13 2.126054538749914594e-13 1.324192301586927678e-13 6.252080132959270869e-14 2.237663779872185076e-14 6.071023976490145495e-15 1.248607339156689820e-15 1.946644459527860339e-16 2.300616404243911353e-17 2.061097828223780640e-18 1.399747880734571130e-19 7.206059620374549381e-21 2.812177329194332837e-22 8.319253804424704406e-24
1.100366252557112558e-13 4.764706832584726589e-13 1.563982629486783412e-12 3.891566764976699818e-12 7.340300941061857762e-12 1.049542585850109214e-11 1.137582975042319847e-11 9.346799400236125506e-12 5.821562704382661812e-12 2.748609585120608609e-12 9.837468463032520144e-13 2.669011647069135509e-13 5.489267615694458818e-14 8.558056689122537270e-15 1.011422785043135769e-15 9.061229424527046900e-17 6.153728614988569268e-18 3.168008746256593828e-19 1.236320936024825051e-20 3.657403657919781523e-22
3.667098730424475233e-12 1.587894061273874313e-11 5.212154318317969816e-11 1.296909961573675442e-10 2.446240803854933661e-10 3.497722940114971034e-10 3.791127793892122386e-10 3.114929791284117469e-10 1.940103593028003373e-10 9.160061658202456352e-11 3.278450972805070699e-11 8.894792256405883759e-12 1.829362383451372123e-12 2.852072093873403675e-13 3.370684262930490427e-14 3.019760269960068587e-15 2.050801752503764291e-16 1.055775822311323233e-17 4.120183551938345183e-19 1.218872378123154052e-20
9.264132598252989935e-11 4.011471252075304328e-10 1.316738170337327211e-09 3.276362796652323246e-09 6.179898835596900986e-09 8.836241260792459199e-09 9.577465228342393811e-09 7.869197079775459650e-09 4.901252532701245254e-09 2.314091657955932658e-09 8.282298013127684932e-10 2.247077075225616260e-10 4.621488794382127144e-11 7.205143902510052066e-12 8.515305491929902170e-13 7.628771847276688046e-14 5.180907514242278258e-15 2.667189495274246557e-16 1.040875350249413321e-17 3.079217703520549421e-19
1.774123063336248389e-09 7.682147886742483233e-09 2.521612824077188140e-08 6.274382128871814996e-08 1.183478424670309430e-07 1.692179947524879552e-07 1.834127671392295629e-07 1.506986637022080349e-07 9.386119062177744909e-08 4.431589614582856496e-08 1.586097323918349295e-08 4.303253674287553408e-09 8.850358919311596075e-10 1.379817466614217195e-10 1.630719304194279539e-11 1.460944123547641280e-12 9.921670930921971545e-14 5.107787855655849202e-15 1.993323115090042651e-16 5.896840407788733336e-18
2.575488056792628648e-08 1.115214639936743436e-07 3.660616248375248421e-07 9.108497922502785623e-07 1.718051363628797850e-06 2.456531530906719050e-06 2.662596530040399705e-06 2.187687069519177231e-06 1.362579521333397064e-06 6.433322671258921732e-07 2.302531768557618802e-07 6.247017849277606813e-08 1.284803414490930595e-08 2.003076043178210114e-09 2.367309336498687180e-10 2.120847318653674154e-11 1.440325393096649444e-12 7.414957220686782266e-14 2.893699981887952473e-15 8.560421966733477283e-17
2.834210863142292138e-07 1.227244459126035007e-06 4.028346514586714309e-06 1.002349969776813257e-05 1.890639649984299350e-05 2.703304459977918210e-05 2.930069890909640999e-05 2.407453003415889741e-05 1.499458586528120588e-05 7.079587479698297298e-06 2.533834522728543484e-06 6.874567251038100497e-07 1.413869415836971721e-07 2.204296722053434881e-08 2.605119375423675709e-09 2.333898809486278290e-10 1.585014484849885472e-11 8.159832948624684665e-13 3.184389033259574836e-14 9.420366313564869874e-16
2.364294629472431634e-06 1.023765564339314226e-05 3.360440874018768431e-05 8.361589044816934669e-05 1.577168879301236797e-04 2.255092696055972454e-04 2.444260092693302652e-04 2.008293836109575317e-04 1.250846198265656941e-04 5.905781702697047986e-05 2.113721117918876112e-05 5.734754122548301309e-06 1.179447835060695706e-06 1.838821158118245392e-07 2.173186839605856384e-08 1.946935033225679604e-09 1.322216805707890255e-10 6.806920920638996342e-12 2.656412755802971849e-13 7.858456042374639574e-15
1.495091775930270673e-05 6.473911739442842514e-05 2.125017521765670749e-04 5.287557167696990430e-04 9.973427978485955876e-04 1.426036544601905339e-03 1.545658953527193286e-03 1.269970146947751533e-03 7.909885006159028545e-04 3.734596164147315715e-04 1.336638429329689874e-04 3.626444698864538088e-05 7.458388376627546173e-06 1.162801943818068937e-06 1.374242334670285545e-07 1.231169127637773724e-08 8.361206118595184899e-10 4.304443008495085981e-11 1.679816388012309890e-12 4.969394615207303054e-14
7.166893135663663489e-05 3.103343510630692946e-04 1.018651412247328697e-03 2.534650901013593000e-03 4.780876576862427493e-03 6.835868999649672220e-03 7.409292675172705553e-03 6.087746903024965350e-03 3.791693691797415854e-03 1.790221312444133543e-03 6.407328926725355854e-04 1.738377672700692122e-04 3.575263627298457583e-05 5.574023884989088995e-06 6.587587540543201540e-07 5.901749786709866273e-08 4.008039620172696399e-09 2.063383903723482923e-10 8.052391655308148778e-12 2.382136048736732563e-13
2.604298882013633253e-04 1.127690043963711997e-03 3.701565914072568915e-03 9.210390587459607592e-03 1.737270430643170563e-02 2.484011643035438643e-02 2.692381798529112913e-02 2.212159739711502121e-02 1.377822084907053511e-02 6.505289355236783602e-03 2.328289154686726415e-03 6.316900425099821522e-04 1.299175931777747043e-04 2.025483552944053596e-05 2.393791360112828448e-06 2.144572282649145628e-07 1.456437664730928639e-08 7.497905008366485291e-10 2.926070500633048832e-11 8.656183552756394616e-13
7.173771504141474454e-04 3.106321919792835642e-03 1.019629054808931720e-02 2.537083511983196857e-02 4.785464984994117904e-02 6.842429670355322513e-02 7.416403684673630869e-02 6.093589569520204557e-02 3.795332739551232626e-02 1.791939463058457582e-02 6.413478309516797843e-03 1.740046066795609709e-03 3.578694958025506251e-04 5.579373509918519647e-05 6.593909925100360687e-06 5.907413943957429338e-07 4.011886304204303235e-08 2.065364219954289349e-09 8.060119873921777866e-11 2.384422284794302475e-12
1.497962957861393753e-03 6.486344272822537789e-03 2.129098416336851207e-02 5.297711419659362209e-02 9.992581000838279826e-02 1.428775112511846968e-01 1.548627244926082391e-01 1.272409004145471922e-01 7.925075189980892998e-02 3.741768101816401321e-02 1.339205316639565171e-02 3.633408941903804382e-03 7.472711504001402398e-04 1.165034994647666164e-04 1.376881436713256099e-05 1.233533471158574838e-06 8.377263021801107337e-08 4.312709282973011806e-09 1.683042316037944873e-10 4.978937866168562743e-12
2.371108503545029701e-03 1.026716046715035746e-02 3.370125631856702580e-02 8.385687062926851232e-02 1.581714264635541989e-01 2.261591851221075866e-01 2.451304426451319241e-01 2.014081719366359047e-01 1.254451124814542073e-01 5.922802107988676956e-02 2.119812841574021320e-02 5.751281628021289935e-03 1.182846992222887387e-03 1.844120622769248913e-04 2.179449942891169747e-05 1.952546081010737118e-06 1.326027421651631431e-07 6.826538400371516374e-09 2.664068511467793600e-10 7.881104036076573143e-12
2.845106981805257344e-03 1.231962598283924300e-02 4.043833485654853288e-02 1.006203502467179212e-01 1.897908210783018634e-01 2.713697309204881059e-01 2.941334539435737638e-01 2.416708452240065030e-01 1.505223252418542157e-01 7.106804941273520138e-02 2.543575845080746009e-02 6.900996512705954468e-03 1.419305034311676159e-03 2.212771136912338387e-04 2.615134752266294393e-05 2.342871479341663901e-06 1.591108070240461429e-07 8.191203411999339065e-09 3.196631411279747491e-10 9.456582895237050955e-12
2.587870823033447312e-03 1.120576513837982964e-02 3.678216234980277027e-02 9.152290942735133439e-02 1.726311634286788743e-01 2.468342362500439424e-01 2.675398107721237428e-01 2.198205315767091661e-01 1.369130708263849028e-01 6.464253636199658593e-02 2.313602180077057799e-02 6.277053073679358941e-03 1.290980659345583072e-03 2.012706692537985953e-04 2.378691194029054052e-05 2.131044204059567440e-06 1.447250376734756010e-07 7.450607815806902762e-09 2.907612688783347746e-10 8.601579876146864630e-12
1.784363809713052649e-03 7.726491444279760812e-03 2.536168295411468307e-02 6.310599659313080589e-02 1.190309801049960897e-01 1.701947694771191733e-01 1.844714781550307048e-01 1.515685395446400296e-01 9.440298429305478412e-02 4.457170018911565251e-02 1.595252731882347563e-02 4.328093286817340582e-03 8.901445725469196452e-04 1.387782168169535970e-04 1.640132283006815313e-05 1.469377111399003706e-06 9.978941656801946857e-08 5.137271469874763322e-09 2.004829146937838358e-10 5.930878659299361443e-12
9.326550324310342111e-04 4.038498813592101416e-03 1.325609783684148814e-02 3.298437514747842164e-02 6.221536326046391702e-02 8.895776039741644381e-02 9.641994054393447644e-02 7.922216332512554970e-02 4.934275056362196626e-02 2.329683008537981187e-02 8.338100561615212000e-03 2.262216910479878176e-03 4.652626390750225888e-04 7.253689051615051005e-05 8.572677944218655340e-06 7.680171218590429776e-07 5.215814232439891668e-08 2.685159866649383644e-09 1.047888319006361231e-10 3.099964143087454400e-12
3.695349239953521036e-04 1.600126842446896206e-03 5.252307590989603071e-03 1.306901066237365315e-02 2.465086096610842950e-02 3.524668616387578723e-02 3.820333795622760792e-02 3.138926514639531901e-02 1.955049717763463965e-02 9.230628727208483805e-03 3.303707426818524879e-03 8.963315749191532941e-04 1.843455382643624551e-04 2.874043820240359555e-05 3.396651261609667356e-06 3.043023828580451201e-07 2.066600671134082326e-08 1.063909283426314857e-09 4.151924525730431955e-11 1.228262298674558758e-12
1.109907431824097161e-04 4.806021187635764512e-04 1.577543785696096336e-03 3.925310199081295283e-03 7.403948046731948646e-03 1.058643077560629010e-02 1.147446857245836872e-02 9.427844678063347986e-03 5.872040964005239595e-03 2.772442537763103107e-03 9.922768289268553768e-04 2.692154412972013128e-04 5.536864573747373515e-05 8.632262848079320653e-06 1.020192743304196030e-06 9.139798550141192046e-08 6.207087056089005744e-09 3.195478272241377349e-10 1.247040966428089742e-11 3.689116684260641716e-13
