9.183149135209786805e-14 1.911409954062737011e-13 3.015871746971123144e-13 3.607187469009404581e-13 3.270554404485276657e-13 2.247868293251676104e-13 1.171162517677913109e-13 4.625517060446431067e-14 1.384842008061167436e-14 3.142946514204845719e-15 5.407176813378777853e-16 7.051815990090491621e-17 6.971531449947312771e-18 5.224590181272305988e-19 2.968062817562769420e-20 1.278176316457406632e-21 4.172585681664546066e-23 1.032563050559192901e-24 1.936978125460764048e-26 2.754416883221017943e-28
3.944544876695026825e-12 8.210301532242082923e-12 1.295442475465411997e-11 1.549437196397496589e-11 1.404839280100620754e-11 9.655530177152606132e-12 5.030630604887943410e-12 1.986852152154730159e-12 5.948472977516268578e-13 1.350026378510953450e-13 2.322607558971125535e-14 3.029048556824092586e-15 2.994563004336943419e-16 2.244178998830769677e-17 1.274906549849776858e-18 5.490299423825946756e-20 1.792299268022815270e-21 4.435288190334743085e-23 8.320127473223293516e-25 1.183136726303803557e-26
1.284396119443488201e-10 2.673383053587697141e-10 4.218132485398728453e-10 5.045172978338020545e-10 4.574342988118895879e-10 3.143968665174633646e-10 1.638040034845642734e-10 6.469454078751958532e-11 1.936901682644249028e-11 4.395864911945521832e-12 7.562718207004110115e-13 9.862983775330887798e-14 9.750694243392616931e-15 7.307344414978163468e-16 4.151264788378094714e-17 1.787714297841431123e-18 5.835964088862629735e-20 1.444188649984998740e-21 2.709143836344638082e-23 3.852450073553004485e-25
3.170281946620361016e-09 6.598725971596798614e-09 1.041163941908098056e-08 1.245302797841849690e-08 1.129087574568994821e-08 7.760275003214693175e-09 4.043183151754310143e-09 1.596858878649018824e-09 4.780864986984131818e-10 1.085033733686546263e-10 1.866709859683374073e-11 2.434485664460683796e-12 2.406769178050510410e-13 1.803675807318700397e-14 1.024658951783372682e-15 4.412624951418773880e-17 1.440494198944040018e-18 3.564698721252212711e-20 6.686994506712324299e-22 9.509023527518264004e-24
5.931897114603220309e-08 1.234683987419486025e-07 1.948116125575988574e-07 2.330079216203533738e-07 2.112629551090903256e-07 1.452020787904044509e-07 7.565177758801948987e-08 2.987873865535702279e-08 8.945450183644099453e-09 2.030200651700305401e-09 3.492790552039567719e-10 4.555152737740559710e-11 4.503292572451880384e-12 3.374847883330749094e-13 1.917233729326722437e-14 8.256438278321248799e-16 2.695300773304411148e-17 6.669888172428184484e-19 1.251199864479573624e-20 1.779228162520734412e-22
8.413683121949287913e-07 1.751250843565454793e-06 2.763168586488928426e-06 3.304937323662234369e-06 2.996511108256770500e-06 2.059516974060829555e-06 1.073029541714089058e-06 4.237939975574355642e-07 1.268804596139712554e-07 2.879595621328287737e-08 4.954103611111752909e-09 6.460936689727543833e-10 6.387379278167474431e-11 4.786816110687982282e-12 2.719365619062510642e-13 1.171076538376108608e-14 3.822960207637569812e-16 9.460434740767010691e-18 1.774676630186496293e-19 2.523621308981333618e-21
9.046394287567852195e-06 1.882945363844236767e-05 2.970959585010984587e-05 3.553469472549031336e-05 3.221849525287012907e-05 2.214393187769162462e-05 1.153721643168436222e-05 4.556634167274062256e-06 1.364219032758017201e-06 3.096141963242174829e-07 5.326653495026972667e-08 6.946800814236916838e-09 6.867711866138864533e-10 5.146785930931641848e-11 2.923862623007369084e-12 1.259141799556619482e-13 4.110447812534101239e-15 1.017186190118310636e-16 1.908132775730186472e-18 2.713398289744947038e-20
7.373296409472197518e-05 1.534701434531176092e-04 2.421491363797045285e-04 2.896268156156052952e-04 2.625980117769680273e-04 1.804849183168614254e-04 9.403450014106395460e-05 3.713901171764306882e-05 1.111911660736673030e-05 2.523521714299197294e-06 4.341508212101600645e-07 5.662015149098973377e-08 5.597553415672021778e-09 4.194906502915958653e-10 2.383104814438312301e-11 1.026268081465989794e-12 3.350235368265029013e-14 8.290612861823916337e-16 1.555230525760131673e-17 2.211565097791384096e-19
4.555590650587969660e-04 9.482151697594156997e-04 1.496118263090821321e-03 1.789459069735764877e-03 1.622461624867430324e-03 1.115125936616569906e-03 5.809920907628463591e-04 2.294633568991199125e-04 6.869945387553370170e-05 1.559157707731443864e-05 2.682400533239479573e-06 3.498275648268575299e-07 3.458447970956802088e-08 2.591822677876394305e-09 1.472401136360052992e-10 6.340796595288360913e-12 2.069942678735988088e-13 5.122354553988835793e-15 9.608990672828503964e-17 1.366415334899889756e-18
2.133656545204202365e-03 4.441060794077206914e-03 7.007219852010343648e-03 8.381110923616359384e-03 7.598961651205957644e-03 5.222804101333874613e-03 2.721134694154372490e-03 1.074714632819665427e-03 3.217607784724204061e-04 7.302471409887136813e-05 1.256329177395905662e-05 1.638452465629973243e-06 1.619798773739202088e-07 1.213906130908824503e-08 6.896138311626536988e-10 2.969775643823355010e-11 9.694784021282819071e-13 2.399106100449178544e-14 4.500467099527599393e-16 6.399743186759457914e-18
7.575322927585111804e-03 1.576751878449708308e-02 2.487839634868848487e-02 2.975625195208198015e-02 2.697931330682430684e-02 1.854301609321735295e-02 9.661102244411176598e-03 3.815661155451267449e-03 1.142377768267518806e-03 2.592665592018160588e-04 4.460464475181267818e-05 5.817152979256662604e-06 5.750925010101139073e-07 4.309845915022684251e-08 2.448401303447033194e-09 1.054387575873218092e-10 3.442030997888691560e-12 8.517773626355895878e-14 1.597843461756919567e-15 2.272161440522554900e-17
2.038799926335856799e-02 4.243623201760954311e-02 6.695697744892002701e-02 8.008509322687792920e-02 7.261132298696636178e-02 4.990612308714859752e-02 2.600160380292564424e-02 1.026935717067387066e-02 3.074561615466351455e-03 6.977823214336818444e-04 1.200476168521873014e-04 1.565611285349345413e-05 1.547786886320233615e-06 1.159939136333065119e-07 6.589554590380650560e-09 2.837747423534657045e-10 9.263780055351776130e-12 2.292448309856528900e-13 4.300388462996843858e-15 6.115227854764624629e-17
4.159535994460109715e-02 8.657790902697420909e-02 1.366048498341749795e-01 1.633886795824893989e-01 1.481407801070821206e-01 1.018178942639196005e-01 5.304817090431047238e-02 2.095142355049719324e-02 6.272684995482481762e-03 1.423607409834292716e-03 2.449197574002518548e-04 3.194142010024176876e-05 3.157776877583517554e-06 2.366494390467989356e-07 1.344393294903075652e-08 5.789539424102551293e-10 1.889985676733326313e-11 4.677026488530803870e-13 8.773602731163550824e-15 1.247621703711419067e-16
6.432976780044881437e-02 1.338980307363954736e-01 2.112677539502400281e-01 2.526905845450611587e-01 2.291087755643493318e-01 1.574675998633532359e-01 8.204224031377219117e-02 3.240265774565746770e-02 9.701090933752636730e-03 2.201695915977405944e-03 3.787833821917790337e-04 4.939935947186929646e-05 4.883695046061037577e-06 3.659928291103299081e-07 2.079186443122017690e-08 8.953876762218103157e-10 2.922978425775347600e-11 7.233307474786914315e-13 1.356891314850594247e-14 1.929523259552240626e-16
7.541815438110105463e-02 1.569777522705815831e-01 2.476835317141703185e-01 2.962463283714375506e-01 2.685997726461026858e-01 1.846099583843510972e-01 9.618368847450273207e-02 3.798783561290773603e-02 1.137324754499971675e-02 2.581197603674005667e-03 4.440734759645113090e-04 5.791422301622162775e-05 5.725487274827069085e-06 4.290782421886220648e-07 2.437571431019135743e-08 1.049723764054386863e-09 3.426806060478503955e-11 8.480097449001607063e-13 1.590775812827718133e-14 2.262111119726767362e-16
6.702497120297847000e-02 1.395079130719296401e-01 2.201191704679833772e-01 2.632774799519539966e-01 2.387076715741391908e-01 1.640649687868102891e-01 8.547953742839493885e-02 3.376022138055202737e-02 1.010753439199744454e-02 2.293939655182018495e-03 3.946531466167307639e-04 5.146902840250145876e-05 5.088305632343448299e-06 3.813267118841574694e-07 2.166297442704345113e-08 9.329014430835547454e-10 3.045441504191987659e-11 7.536359010400464997e-13 1.413740549873370028e-14 2.010363869307544638e-16
4.515378817717796006e-02 9.398453505952626685e-02 1.482912147317083373e-01 1.773663658216308447e-01 1.608140286384347750e-01 1.105282809515886616e-01 5.758637202298986374e-02 2.274379022731066319e-02 6.809304931256908791e-03 1.545395147841773517e-03 2.658723199122646529e-04 3.467396650024120661e-05 3.427920528421914909e-06 2.568944867215678199e-07 1.459404369759542787e-08 6.284826892891906450e-10 2.051671460922021147e-11 5.077139941653075216e-13 9.524172883737472868e-15 1.354354096458467893e-16
2.305942989936789200e-02 4.799663295858774131e-02 7.573032095070728054e-02 9.057860800340833407e-02 8.212555291423365156e-02 5.644530059139080125e-02 2.940858258918392643e-02 1.161494655408946454e-02 3.477420080672226441e-03 7.892124341516951365e-04 1.357774036398101724e-04 1.770752648056810733e-05 1.750592725810352178e-06 1.311925454592127642e-07 7.452981049397434044e-09 3.209576228635275293e-10 1.047760910868095529e-11 2.592826810331792853e-13 4.863866484473786123e-15 6.916503488845843729e-17
8.926881300773048186e-03 1.858069549541765952e-02 2.931709885919348002e-02 3.506524166314461954e-02 3.179285289467699560e-02 2.185138576993236534e-02 1.138479689841865108e-02 4.496435933397547637e-03 1.346196173476801525e-03 3.055238464919496507e-04 5.256282444575798328e-05 6.855025805588542126e-06 6.776981710954664592e-07 5.078791132181325344e-08 2.885235127461051698e-09 1.242507128053297914e-10 4.056144199456439468e-12 1.003748022839385419e-13 1.882924207544959025e-15 2.677551263442209684e-17
2.619677159501585927e-03 5.452679604105910467e-03 8.603378008132395866e-03 1.029022450084426596e-02 9.329911282271305048e-03 6.412494383676034873e-03 3.340975576517310388e-03 1.319521355443999686e-03 3.950539106597301606e-04 8.965884225084505099e-05 1.542505450671998463e-05 2.011671705452066465e-06 1.988768932887067302e-07 1.490418958041086743e-08 8.466993464500087987e-10 3.646253864266421930e-11 1.190313610873338490e-12 2.945592845621794766e-14 5.525617932380259416e-16 7.857525659747208965e-18
