1.369313372255501341e-13 1.703601596881821306e-13 1.606682439607907343e-13 1.148653063028663891e-13 6.225074057003036542e-14 2.557390156459212637e-14 7.964275513339961474e-15 1.880149489377793145e-15 3.364614453034534758e-16 4.564309131402912667e-17 4.693659866037774419e-18 3.658853307008954083e-19 2.162097131366129287e-20 9.685057929322735789e-22 3.288713675698772121e-23 8.465385213344345469e-25 1.651825649947294747e-26 2.443309623049043340e-28 2.739615563366748343e-30 2.328614317325988960e-32
6.216898922045011646e-12 7.734620245330192400e-12 7.294591967954046714e-12 5.215066276307528779e-12 2.826281914627454254e-12 1.161095511741865547e-12 3.615906837468173317e-13 8.536175553841943641e-14 1.527588088306820732e-14 2.072268415239306020e-15 2.130995691187295422e-16 1.661177173987348115e-17 9.816262367471159269e-19 4.397169225154927074e-20 1.493127936937391002e-21 3.843418553698040358e-23 7.499549270922838513e-25 1.109301148263490632e-26 1.243828723782774449e-28 1.057227668447927454e-30
2.139644308771304972e-10 2.661992159747750065e-10 2.510549453152062001e-10 1.794847723581145066e-10 9.727097206249411184e-11 3.996094250187973704e-11 1.244471654252192046e-11 2.937860124713544119e-12 5.257436545578215451e-13 7.132040228594872063e-14 7.334159457695067692e-15 5.717204559300852163e-16 3.378422292421103789e-17 1.513355488850740065e-18 5.138836472323777746e-20 1.322773417705971802e-21 2.581088757769554198e-23 3.817835738295547532e-25 4.280833713559320430e-27 3.638616603285649913e-29
5.582210107763919639e-09 6.944985893223284738e-09 6.549880499284682210e-09 4.682655459787747605e-09 2.537744246617737550e-09 1.042558224445559880e-09 3.246755649391811860e-10 7.664709697842304493e-11 1.371635243546968883e-11 1.860708664979163381e-12 1.913440420394364944e-13 1.491586099065700752e-14 8.814111294917874574e-16 3.948258255763022092e-17 1.340693160089982717e-18 3.451040489454052118e-20 6.733913526464102297e-22 9.960515942172800553e-24 1.116845128301248071e-25 9.492943428902239168e-28
1.103996239571092511e-07 1.373513028348564587e-07 1.295372854345480772e-07 9.260909064713706395e-08 5.018908373517733339e-08 2.061872156551387888e-08 6.421123459236078395e-09 1.515853133520182258e-09 2.712689278450697811e-10 3.679932015130118907e-11 3.784219848372734715e-12 2.949916632616092204e-13 1.743170811721443092e-14 7.808488364053944260e-16 2.651494978842580812e-17 6.825138519357937749e-19 1.331769150085120239e-20 1.969895781789466474e-22 2.208789705197573631e-24 1.877423752537202201e-26
1.655106060112774605e-06 2.059164384243509365e-06 1.942016996512355860e-06 1.388391206940695297e-06 7.524324238085438461e-07 3.091149207910183936e-07 9.626518614087709884e-08 2.272560012074783155e-08 4.066851229231552697e-09 5.516937069831996881e-10 5.673284907450465292e-11 4.422501382221389109e-12 2.613353624657958231e-13 1.170644966751587701e-14 3.975109018075922398e-16 1.023221612501784275e-17 1.996582154875327325e-19 2.953258651947055860e-21 3.311407317843317901e-23 2.814625013062733271e-25
1.880965729696513282e-05 2.340162804013751641e-05 2.207029207952387379e-05 1.577854339733059482e-05 8.551111238151824372e-06 3.512974706322682298e-06 1.094017600790534713e-06 2.582678901616794966e-07 4.621823322571523097e-08 6.269791290921377330e-09 6.447474722551427849e-10 5.026006332746478467e-11 2.969978012904403974e-12 1.330393934967171702e-13 4.517561753292649082e-15 1.162852842717240296e-16 2.269040456288484897e-18 3.356267280456711520e-20 3.763289756491565814e-22 3.198715368824677748e-24
1.620439259343049580e-04 2.016034434338172677e-04 1.901340741417907761e-04 1.359310846158152193e-04 7.366724519508638695e-05 3.026403959057177783e-05 9.424887666716335878e-06 2.224960412825856963e-06 3.981669545276948952e-07 5.401382808465848261e-08 5.554455883536998364e-09 4.329870475951340429e-10 2.558615978757069888e-11 1.146125380477038940e-12 3.891848908232446427e-14 1.001789862211744387e-15 1.954763012615211211e-17 2.891401571137653365e-19 3.242048682453343926e-21 2.755671664440051447e-23
1.058233363211798965e-03 1.316578136144027798e-03 1.241677030349170935e-03 8.877025658853725026e-04 4.810864473436017585e-04 1.976403386652690445e-04 6.154954908637631848e-05 1.453017956151210775e-05 2.600242822927315380e-06 3.527391392451530609e-07 3.627356284141075657e-08 2.827636623599873282e-09 1.670912856965246173e-10 7.484810732963445781e-12 2.541585150769973889e-13 6.542222727617737429e-15 1.276564626038778781e-16 1.888239618596607460e-18 2.117230905847042633e-20 1.799600741930993797e-22
5.238741412489383679e-03 6.517666749479880152e-03 6.146871858287023850e-03 4.394535605797215104e-03 2.381598976464985654e-03 9.784104933166291700e-04 3.046985503653157693e-04 7.193106553432801812e-05 1.287239680069627382e-05 1.746220825018151867e-06 1.795708039851337950e-07 1.399810060284360506e-08 8.271786436478903574e-10 3.705325244368892138e-11 1.258201436996455471e-12 3.238700869237358338e-14 6.319581488010492165e-16 9.347653769507336690e-18 1.048126586426985030e-19 8.908850599915951029e-22
1.965935629943317553e-02 2.445876266454352632e-02 2.306728553177434318e-02 1.649131622319561022e-02 8.937395292897630517e-03 3.671668246376679802e-03 1.143438260050722152e-03 2.699347677222457419e-04 4.830607491510431341e-05 6.553020023984921529e-06 6.738730047074206654e-07 5.253048883278323713e-08 3.104142464445158797e-09 1.390492552479651636e-10 4.721636056973867055e-12 1.215383034249932606e-13 2.371541069767430080e-15 3.507881789705655674e-17 3.933290916087652041e-19 3.343212698848230913e-21
5.592531577812297205e-02 6.957827126802720863e-02 6.561991185570009710e-02 4.691313659164354777e-02 2.542436519163248504e-02 1.044485907796702598e-02 3.252758879392600964e-03 7.678881696038097199e-04 1.374171388158199796e-04 1.864149103153930876e-05 1.916978359240666605e-06 1.494344032025740631e-07 8.830408529163377305e-09 3.955558559503542878e-10 1.343172092990901136e-11 3.457421440790536741e-13 6.746364488615307933e-15 9.978932871127204530e-17 1.118910167652672167e-18 9.510495819332004719e-21
1.205991968724988150e-01 1.500408807344345841e-01 1.415049438440060259e-01 1.011650362095092570e-01 5.482594028201129288e-02 2.252363886950106350e-02 7.014356611430886193e-03 1.655899394641215062e-03 2.963308538740054955e-04 4.019912656065805737e-05 4.133835407628055798e-06 3.222452794518039240e-07 1.904218441784377665e-08 8.529897038951974085e-10 2.896460635446636255e-11 7.455697714132615543e-13 1.454808306070254352e-14 2.151890021823169958e-16 2.412854817427284043e-18 2.050874709802488238e-20
1.971411137206701969e-01 2.452688500313044973e-01 2.313153234003806624e-01 1.653724769744508161e-01 8.962287650560128716e-02 3.681894545674359309e-02 1.146622954606728306e-02 2.706865877507303939e-03 4.844061658576464613e-04 6.571271439846114774e-05 6.757498700918586098e-06 5.267679630530272475e-07 3.112788095742419098e-08 1.394365340558169832e-09 4.734786717723500714e-11 1.218768108781603413e-12 2.378146265865995804e-14 3.517651912351630772e-16 3.944245884628853077e-18 3.352524186537235963e-20
2.442906331972184153e-01 3.039289042599068735e-01 2.866381636748027151e-01 2.049240077375356905e-01 1.110576522436165364e-01 4.562479804200612887e-02 1.420856574931552048e-02 3.354257093896445118e-03 6.002598176942013173e-04 8.142898407408603358e-05 8.373664961717705658e-06 6.527531310620793035e-07 3.857262245130300828e-08 1.727850601655071535e-09 5.867188347963456230e-11 1.510256421888202501e-12 2.946918814444599232e-14 4.358955860690582829e-16 4.887576753810719217e-18 4.154335140353314336e-20
2.294738722024495803e-01 2.854949517383400526e-01 2.692529323723798496e-01 1.924949186439478266e-01 1.043217628302660904e-01 4.285755429149666618e-02 1.334678517250516804e-02 3.150814067756556921e-03 5.638527474060892703e-04 7.649013816222275937e-05 7.865783874488797183e-06 6.131622265523439323e-07 3.623310856850498813e-08 1.623052685073791916e-09 5.511330547255709671e-11 1.418656068034821670e-12 2.768181745515060015e-14 4.094575657776865879e-16 4.591134538008119874e-18 3.902365631489283277e-20
1.634016706110227035e-01 2.032926520885199040e-01 1.917271824643656530e-01 1.370700332402296218e-01 7.428449332355147039e-02 3.051761798552334384e-02 9.503857557036901951e-03 2.243603062582728760e-03 4.015031429089489378e-04 5.446640282405855037e-05 5.600995936577888978e-06 4.366149889423357792e-07 2.580054284481224869e-08 1.155728613830101949e-09 3.924458196777356711e-11 1.010183727299649721e-12 1.971141714003238673e-14 2.915628243435498738e-16 3.269213380635531521e-18 2.778761073756716301e-20
8.820161964852814285e-02 1.097341361921340547e-01 1.034912798673992274e-01 7.398822112318290123e-02 4.009758652654515226e-02 1.647292420005793540e-02 5.130030961770421817e-03 1.211061204137073603e-03 2.167250026644148815e-04 2.940009687506258445e-05 3.023328411537480694e-06 2.356778180023113438e-07 1.392672215782214529e-08 6.238439009392044327e-10 2.118360038207314684e-11 5.452810889707375261e-13 1.063990907080319129e-14 1.573809694860338521e-16 1.764669321130194535e-18 1.499930976257053605e-20
3.609054557943148361e-02 4.490127119709694248e-02 4.234680460530977630e-02 3.027467383737377990e-02 1.640722449234100280e-02 6.740429756707216891e-03 2.099118099956114210e-03 4.955448637061351472e-04 8.868004485667056779e-05 1.203000058884805704e-05 1.237092609784116355e-06 9.643520228503314578e-08 5.698568833677274900e-09 2.552659104335672532e-10 8.667955284406537026e-12 2.231193947857269015e-13 4.353662946451776311e-15 6.439751418630098329e-17 7.220715313467195052e-19 6.137452745235346868e-21
1.119456323511569540e-02 1.392747357189989647e-02 1.313512927965818262e-02 9.390596491512562607e-03 5.089191896199191968e-03 2.090746092414794664e-03 6.511043247106486744e-04 1.537080757171114674e-04 2.750677092580914272e-05 3.731464851755784898e-06 3.837213105422041975e-07 2.991226518576739334e-08 1.767581734608528488e-09 7.917836458938225565e-11 2.688625843488083285e-12 6.920716031882456824e-14 1.350418908219846187e-15 1.997481703778019311e-17 2.239721037230437241e-19 1.903714719630838876e-21
