5.019122311378032337e-14 7.620283549854828741e-13 8.770236476296682333e-12 7.651530169384541101e-11 5.060368058343420083e-10 2.536954836903711660e-09 9.641401873968643500e-09 2.777566429871726842e-08 6.065764471499634494e-08 1.004161233085376010e-07 1.260138203260188139e-07 1.198753049129463751e-07 8.644464416827144271e-08 4.725451134099431678e-08 1.958146954149690597e-08 6.150977038248839038e-09 1.464669876333192254e-09 2.643822003782606978e-10 3.617607916582706522e-11 3.752386781626775405e-12
7.552749416846369403e-13 1.146696345831193591e-11 1.319740670232203940e-10 1.151398321052966319e-09 7.614815804556036243e-09 3.817596578898534522e-08 1.450833190817483892e-07 4.179667665382320495e-07 9.127731151518398248e-07 1.511056654350194461e-06 1.896249481357254330e-06 1.803877417418338062e-06 1.300814555467861261e-06 7.110834541030847249e-07 2.946609456503371330e-07 9.255958583307428737e-08 2.204027690114358522e-08 3.978409741489704509e-09 5.443757770239946711e-10 5.646572312546930749e-11
8.615474320567427394e-12 1.308044577642328506e-10 1.505437454184940954e-09 1.313408153810865405e-08 8.686273885066453900e-08 4.354759237533354463e-07 1.654975613388496937e-06 4.767776269564520890e-06 1.041206705011880349e-05 1.723672941331669243e-05 2.163065105216244923e-05 2.057695642934277550e-05 1.483848302110518162e-05 8.111378917114321952e-06 3.361218108020585591e-06 1.055833698240420528e-06 2.514149870197665569e-07 4.538199941871188306e-08 6.209732732861519020e-09 6.441084706115901205e-10
7.449894592135882789e-11 1.131080409814098760e-09 1.301768182624278865e-08 1.135718352613961177e-07 7.511115747589576666e-07 3.765607799016311755e-06 1.431075459521269928e-05 4.122748130343583745e-05 9.003427916262117330e-05 1.490478788101363408e-04 1.870425983548981838e-04 1.779311860516115504e-04 1.283099807407363517e-04 7.013997799879121873e-05 2.906481950291804202e-05 9.129909121704728005e-06 2.174012808220073286e-06 3.924230976380048306e-07 5.369623607920793917e-08 5.569676181963434867e-09
4.883350347566407758e-10 7.414147736025428948e-09 8.532993357757836533e-08 7.444549105203991981e-07 4.923480358409612918e-06 2.468327830240215422e-05 9.380592914729216027e-05 2.702430654051711143e-04 5.901679856058527403e-04 9.769977303569325495e-04 1.226050283517159632e-03 1.166325655352562539e-03 8.410623550404788470e-04 4.597623250941819959e-04 1.905177243331133106e-04 5.984587342992744429e-05 1.425049183090731415e-05 2.572304140070013316e-06 3.519748231031410513e-07 3.650881201424571693e-08
2.426512079552658957e-09 3.684052496872190182e-08 4.240001225318692500e-07 3.699158783396062201e-06 2.446452478895947219e-05 1.226499609916110057e-04 4.661169156601667018e-04 1.342824118584440285e-03 2.932514859908666189e-03 4.854652289258862621e-03 6.092181824668680030e-03 5.795413169189338881e-03 4.179196287196102443e-03 2.284535730925416844e-03 9.466729326384812739e-04 2.973711170681550791e-04 7.080997287957315931e-05 1.278164912184469041e-05 1.748945087226448190e-06 1.814104396724936149e-07
9.139950666133675870e-09 1.387673210308766943e-07 1.597082592348091456e-06 1.393363299995117379e-05 9.215060230926881582e-05 4.619859930279884407e-04 1.755724049216240631e-03 5.058019822188106196e-03 1.104591292708932693e-02 1.828603401522692698e-02 2.294744040048353126e-02 2.182960097442303987e-02 1.574179177220636980e-02 8.605167908138916869e-03 3.565835906687491851e-03 1.120108720018023587e-03 2.667201470964352598e-04 4.814467786495765903e-05 6.587756949462032180e-06 6.833192725065220097e-07
2.609768981214864967e-08 3.962282328005845066e-07 4.560217841647718264e-06 3.978529483057550737e-05 2.631215334652649133e-04 1.319128251783230473e-03 5.013193539649339094e-03 1.444237908988661376e-02 3.153986490663666237e-02 5.221289053474317821e-02 6.552280241222777080e-02 6.233098796303036815e-02 4.494820746469734701e-02 2.457070186168339859e-02 1.018168290104322707e-02 3.198294060735759701e-03 7.615773782417937241e-04 1.374695460535767667e-04 1.881030256125150907e-05 1.951110576845365223e-06
5.648811696399454538e-08 8.576309596743394683e-07 9.870533394889897467e-06 8.611476356770776945e-05 5.695232055065868474e-04 2.855236287717450271e-03 1.085099351970337557e-02 3.126034546123287322e-02 6.826763559145833382e-02 1.130141360704597087e-01 1.418232706845824753e-01 1.349146289913356889e-01 9.728982215911605169e-02 5.318297100780582098e-02 2.203812286621246661e-02 6.922666729834060437e-03 1.648424528336168331e-03 2.975510802817050689e-04 4.071466014257987923e-05 4.223153975231265492e-06
9.268489236726426561e-08 1.407188581607635844e-06 1.619542966702149867e-05 1.412958693169544895e-04 9.344655095634223736e-04 4.684830761465788931e-03 1.780415458161999087e-02 5.129152661053726359e-02 1.120125576321653466e-01 1.854319740264395999e-01 2.327015890253952002e-01 2.213659887937444726e-01 1.596317452216644284e-01 8.726185627274002377e-02 3.615983600822453292e-02 1.135861231058707746e-02 2.704711330380876570e-03 4.882175461301279827e-04 6.680403058027353552e-05 6.929290489434906948e-06
1.152809698616508352e-07 1.750253577715378455e-06 2.014378818008761968e-05 1.757430411394280334e-04 1.162283167119275732e-03 5.826967265381672971e-03 2.214471156316335718e-02 6.379612450664960688e-02 1.393206158060000255e-01 2.306392904295863355e-01 2.894329829385404174e-01 2.753338244317738992e-01 1.985491048200329622e-01 1.085358267794941656e-01 4.497540924521450934e-02 1.412778080658859230e-02 3.364105383287145992e-03 6.072423540002397369e-04 8.309049338316267300e-05 8.618614184821624233e-06
1.086933846345813173e-07 1.650237550559981044e-06 1.899269688035605451e-05 1.657004273154833070e-04 1.095865965472071551e-03 5.493992590358443180e-03 2.087928002727081067e-02 6.015057565458278854e-02 1.313593154143458397e-01 2.174596998671619874e-01 2.728937011739891449e-01 2.596002212489065819e-01 1.872032673298556216e-01 1.023336842232818733e-01 4.240534636423123893e-02 1.332046663977987447e-02 3.171867835738375295e-03 5.725422576594158246e-04 7.834239222320766455e-05 8.126114377178785745e-06
7.768647627379039475e-08 1.179475096379583597e-06 1.357465958513949622e-05 1.184311479348827868e-04 7.832488206353510748e-04 3.926724026988021553e-03 1.492305808587672880e-02 4.299145052989612747e-02 9.388650813097597359e-02 1.554250782697683964e-01 1.950454492956786579e-01 1.855441938488272546e-01 1.337998833571135138e-01 7.314100447003860084e-02 3.030839406907756550e-02 9.520543674723712033e-03 2.267030658702029293e-03 4.092134094906950555e-04 5.599369653582273029e-05 5.807981726607848749e-06
4.209054536407925856e-08 6.390397972872867767e-07 7.354752750743730709e-06 6.416601503593927214e-05 4.243643372384018546e-04 2.127499710601759002e-03 8.085315275733497703e-03 2.329277482503940011e-02 5.086772523488839598e-02 8.420933245283980517e-02 1.056756558593804490e-01 1.005278741271778825e-01 7.249279836432891144e-02 3.962780800831763178e-02 1.642109279073186712e-02 5.158232097172004392e-03 1.228277576209864819e-03 2.217118912055567048e-04 3.033739380632283564e-05 3.146765435414742659e-06
1.728703463799819811e-08 2.624604412988301473e-07 3.020675176723280896e-06 2.635366481744944367e-05 1.742909466607210991e-04 8.737867583177198012e-04 3.320724975685957533e-03 9.566590352597031249e-03 2.089191576125652705e-02 3.458566845268985085e-02 4.340211578235625423e-02 4.128786707534412570e-02 2.977356329051180847e-02 1.627556221336964176e-02 6.744317456846853423e-03 2.118540783050677171e-03 5.044666639823869401e-04 9.105943175061507414e-05 1.245989029175334132e-05 1.292410031971086187e-06
5.382118690205428420e-09 8.171402881608219992e-08 9.404523486027170681e-07 8.204909340415842775e-06 5.426347440146551108e-05 2.720434210768945681e-04 1.033869390033276920e-03 2.978447479076354494e-03 6.504456816769388708e-03 1.076784865018498745e-02 1.351274775797690203e-02 1.285450082783305865e-02 9.269655254097043662e-03 5.067208426229044375e-03 2.099765390495998349e-03 6.595832184749892291e-04 1.570598727694563442e-04 2.835030297603555765e-05 3.879243017755657295e-06 4.023769451581341851e-07
1.270231443177614189e-09 1.928529167143797522e-08 2.219557413661964497e-07 1.936437011614866620e-06 1.280669850819925330e-05 6.420484705964190817e-05 2.440030558502988202e-04 7.029420675283336393e-04 1.535113966268944691e-03 2.541315180531734681e-03 3.189137600615599231e-03 3.033785034800678179e-03 2.187727222106512857e-03 1.195909611552067658e-03 4.955646978127756491e-04 1.556679426308311509e-04 3.706763085999959802e-05 6.690942421858372395e-06 9.155384227865072528e-07 9.496480422844591819e-08
2.272528123758148143e-10 3.450266322221204176e-09 3.970935117323675776e-08 3.464413979370875935e-07 2.291203125909773507e-06 1.148667208706667222e-05 4.365376165744934726e-05 1.257609883939449658e-04 2.746420489161433974e-04 4.546581058208263681e-04 5.705578244704296101e-04 5.427642222250606691e-04 3.913988797908511696e-04 2.139561447893352617e-04 8.865980439784850765e-05 2.785002524509770541e-05 6.631644497770152965e-06 1.197053884139561115e-06 1.637958834461473069e-07 1.698983201332654603e-08
3.081999000295959793e-11 4.679245658027443951e-10 5.385375843706888263e-09 4.698432687985827685e-08 3.107326008292081303e-07 1.557820628002689340e-06 5.920316161584944391e-06 1.705568509600626059e-05 3.724691066964628909e-05 6.166065946409230478e-05 7.737896073738716434e-05 7.360959685408376791e-05 5.308145336557948239e-05 2.901669807533194316e-05 1.202402846697109714e-05 3.777015961486197112e-06 8.993825642362414933e-07 1.623442559697514111e-07 2.221397146886722340e-08 2.304158295461489427e-09
3.168491452487576854e-12 4.810562842533638621e-11 5.536509689840834741e-10 4.830288332521118790e-09 3.194529231326925225e-08 1.601538918040327052e-07 6.086462439541558450e-07 1.753433159382151960e-06 3.829219869215074034e-06 6.339108885108750503e-06 7.955050461575093070e-06 7.567535824340774383e-06 5.457111804978066257e-06 2.983101546180689671e-06 1.236146780657839437e-06 3.883013196541916790e-07 9.246226124749697043e-08 1.669002447279239723e-08 2.283737883047650478e-09 2.368821619879499507e-10
