2.443264095135369747e-03 3.376773902077354235e-03 3.537776329414110427e-03 2.809671721329753437e-03 1.691521835738945797e-03 7.719629478558062740e-04 2.670620157750763801e-04 7.003652813087090951e-05 1.392303499329686697e-05 2.098166940157646402e-06 2.396861747019604916e-07 2.075595632739831135e-08 1.362508849111817638e-09 6.780047466734395033e-11 2.557543072396655194e-12 7.313242899055233477e-14 1.585235754558739287e-15 2.604800938034309380e-17 3.244531832737076670e-19 3.063559776420848933e-21
1.020849883150390901e-02 1.410890967629909419e-02 1.478161349681894783e-02 1.173943109187924189e-02 7.067553081136582552e-03 3.225432267776882564e-03 1.115844284458285870e-03 2.926281350469294405e-04 5.817352563034492753e-05 8.766606442400451263e-06 1.001461953803663391e-06 8.672298518071248108e-08 5.692863911750427883e-09 2.832854081534090169e-10 1.068598172341073912e-11 3.055634949089421978e-13 6.623466280330424058e-15 1.088343555867222774e-16 1.355637300495688207e-18 1.280023164917082190e-20
3.233331053661715054e-02 4.468705589592118776e-02 4.681770623805703996e-02 3.718222211531873461e-02 2.238501392596519909e-02 1.021589019602125829e-02 3.534206189901083379e-03 9.268391482814736281e-04 1.842526212973764584e-04 2.776641435072623037e-05 3.171923793830805369e-06 2.746771348846138419e-07 1.803097005147144083e-08 8.972479914529337697e-10 3.384563892835885104e-11 9.678092276461924313e-13 2.097846075172506246e-14 3.447103314914815880e-16 4.293701016713664577e-18 4.054208867380600051e-20
7.763101826121819593e-02 1.072918793257378323e-01 1.124074877454602772e-01 8.927306595339361273e-02 5.374554587895413044e-02 2.452795415006398319e-02 8.485491300261594622e-03 2.225304667270822795e-03 4.423833616546976946e-04 6.666607853435413823e-05 7.615665388893826442e-06 6.594890940727502110e-07 4.329165625487182770e-08 2.154257453174834973e-09 8.126205977994223276e-11 2.323672230831131378e-12 5.036846653438301929e-14 8.276360692648579508e-16 1.030900877468837073e-17 9.733997459430744902e-20
1.412918824980633759e-01 1.952759598705623989e-01 2.045865931706876695e-01 1.624809235721444978e-01 9.781926764854849410e-02 4.464196004781791072e-02 1.544396900348072796e-02 4.050152794755925573e-03 8.051572599974414664e-04 1.213352078313293384e-04 1.386084742121312142e-05 1.200299283399082764e-06 7.879272674393900044e-08 3.920843726670709856e-09 1.479005384593038627e-10 4.229186105711834648e-12 9.167283406275935968e-14 1.506334205951632095e-15 1.876285135876445620e-17 1.771630536451947561e-19
1.949377547582840098e-01 2.694185717000264768e-01 2.822642774745885985e-01 2.241718764886605486e-01 1.349594051007782514e-01 6.159167325023020417e-02 2.130775377089573486e-02 5.587919689926495494e-03 1.110860339010519716e-03 1.674039057982917291e-04 1.912355067797665427e-05 1.656030362161829168e-06 1.087088442108979565e-07 5.409514399001416008e-09 2.040555931809675240e-10 5.834928584193043034e-12 1.264792862022201861e-13 2.078260993003891401e-15 2.588675337941727081e-17 2.444285354056991335e-19
2.038785458148971164e-01 2.817754143205231099e-01 2.952102864751305344e-01 2.344534861796064018e-01 1.411492980931699226e-01 6.441656616048413442e-02 2.228503072059468890e-02 5.844208793341666708e-03 1.161809782829070423e-03 1.750818609776738394e-04 2.000064947848531738e-05 1.731983947806926783e-06 1.136947591420549684e-07 5.657620970348673720e-09 2.134145725373597312e-10 6.102546713714516621e-12 1.322802398057218354e-13 2.173580123577638514e-15 2.707404546342861286e-17 2.556392137375913659e-19
1.616381660569486123e-01 2.233960470370308926e-01 2.340474281698544379e-01 1.858784669090997321e-01 1.119054169864422826e-01 5.107048206690686931e-02 1.766792813732382880e-02 4.633382034553512954e-03 9.211013441993598939e-04 1.388076945769591681e-04 1.585683421827708373e-05 1.373144525063262431e-06 9.013902019241030074e-08 4.485452229597348188e-09 1.691984802858347384e-10 4.838196462207647493e-12 1.048738859810327860e-13 1.723249023327357836e-15 2.146473548238965701e-17 2.026748499486555196e-19
9.714335998832411556e-02 1.342593964450264354e-01 1.406607988922317087e-01 1.117116041682052197e-01 6.725434018551931792e-02 3.069298758595703433e-02 1.061829606930328809e-02 2.784628840613576507e-03 5.535751960571143890e-04 8.342241298808173648e-05 9.529841820888735224e-06 8.252498538446669236e-07 5.417289431792402034e-08 2.695724105757842465e-09 1.016870537499988436e-10 2.907720819208516474e-12 6.302844128805894035e-14 1.035660106188277088e-15 1.290014961741950610e-17 1.218061079844543873e-19
4.425671212350343331e-02 6.116608957171157379e-02 6.408244973597504446e-02 5.089373382927307732e-02 3.063982935122322449e-02 1.398315557507204092e-02 4.837498645689893018e-03 1.268625225487902660e-03 2.521985866409840816e-04 3.800570328950221658e-05 4.341619088533573863e-06 3.759685192683934260e-07 2.468016536604767999e-08 1.228121878090825781e-09 4.632673468409815907e-11 1.324703646720642751e-12 2.871458823345245978e-14 4.718275256577564324e-16 5.877068777905963335e-18 5.549260244447285472e-20
1.528417465782818535e-02 2.112387367460854398e-02 2.213104650731572559e-02 1.757628796881469113e-02 1.058154753980116575e-02 4.829120416369207455e-03 1.670643178404248056e-03 4.381231363860479695e-04 8.709746074044957321e-05 1.312537193113936538e-05 1.499389838579243245e-06 1.298417401253682766e-07 8.523361540868418933e-09 4.241351963394382570e-10 1.599906252101789491e-11 4.574899701052942206e-13 9.916660337599485652e-15 1.629469060060216466e-16 2.029661521780325939e-18 1.916451962386776871e-20
4.001304998036150050e-03 5.530103077486405935e-03 5.793774867401041417e-03 4.601366476829714565e-03 2.770185502707402710e-03 1.264234680034871227e-03 4.373643359447052501e-04 1.146980019937740341e-04 2.280159137009877862e-05 3.436143428408970381e-06 3.925312415897403205e-07 3.399178662560317131e-08 2.231364787242755630e-09 1.110360434206911692e-10 4.188458340892730110e-12 1.197681225787455700e-13 2.596122032166185321e-15 4.265851994058967207e-17 5.313531789079443153e-19 5.017155971629026397e-21
7.940688152411789135e-04 1.097462553106169159e-03 1.149788868129093030e-03 9.131524911347531749e-04 5.497501243251353645e-04 2.508904807443605310e-04 8.679602785661473400e-05 2.276210051431419766e-05 4.525031871790411308e-06 6.819111121333283394e-07 7.789879004657129501e-08 6.745753634619515071e-09 4.428198284925477522e-10 2.203537583148762699e-11 8.312098563024060794e-13 2.376827841077903647e-14 5.152068006101797966e-16 8.465688170682220279e-18 1.054483448417830234e-19 9.956669387179960167e-22
1.194569560982836770e-04 1.650984568460804125e-04 1.729702460367689399e-04 1.373714909222212332e-04 8.270250034512132776e-05 3.774309300215183846e-05 1.305729313400108694e-05 3.424251386848999360e-06 6.807300869605668902e-07 1.025843405779657746e-07 1.171882356301367003e-08 1.014807760125717684e-09 6.661627782929278073e-11 3.314925448258166940e-12 1.250443253871127647e-13 3.575617296828183574e-15 7.750592263635815316e-17 1.273548741288614116e-18 1.586328295309727163e-20 1.497846779826294284e-22
1.362264901262478690e-05 1.882752083762868293e-05 1.972520503073583645e-05 1.566558923228146004e-05 9.431239263631739438e-06 4.304152101415854223e-06 1.489029414688124516e-06 3.904952570167472273e-07 7.762919255507943904e-08 1.169852733176468274e-08 1.336392835160362494e-09 1.157267888201209148e-10 7.596796377846030846e-12 3.780279303909679084e-13 1.425982221050046228e-14 4.077567437603582248e-16 8.838631210442501212e-18 1.452331289001775108e-19 1.809019272851730044e-21 1.708116598875655590e-23
1.177629047683073813e-06 1.627571510776072636e-06 1.705173083015746212e-06 1.354233887396563980e-06 8.152967387039711742e-07 3.720784801528720025e-07 1.287212413654776230e-07 3.375691153895358845e-08 6.710764699018684976e-09 1.011295643617705044e-09 1.155263576373348663e-10 1.000416497432760445e-11 6.567157441694441029e-13 3.267915595941378783e-14 1.232710380654961428e-15 3.524910503058927159e-17 7.640679023242219206e-19 1.255488202920343535e-20 1.563832145682092344e-22 1.476605410446531285e-24
7.717067008637166242e-08 1.066556436826953745e-07 1.117409167924864417e-07 8.874368100012256632e-08 5.342683739740027425e-08 2.438250457103477028e-08 8.435172748215700682e-09 2.212108718473544690e-09 4.397600497662083649e-10 6.627075192052293786e-11 7.570504862334423001e-12 6.555783557160005701e-13 4.303493883199900167e-14 2.141482810912884560e-15 8.078017970491714441e-17 2.309892967150653508e-18 5.006978396962630313e-20 8.227282274967460004e-22 1.024787685242066742e-23 9.676275326386780180e-26
3.833476916940145396e-09 5.298152104438084753e-09 5.550764619800478529e-09 4.408369815339317605e-09 2.653994680606236138e-09 1.211208459711901433e-09 4.190198165248025309e-10 1.098871851253754342e-10 2.184521655551777342e-11 3.292020109081023024e-12 3.760671717228922847e-13 3.256605768836907279e-14 2.137773903605552383e-15 1.063788213121709466e-16 4.012780424201161528e-18 1.147446479376656226e-19 2.487232012744178709e-21 4.086927929346636412e-23 5.090664538409624706e-25 4.806719711536092108e-27
1.443544755152356843e-10 1.995086927108901455e-10 2.090211400149498982e-10 1.660028027711323767e-10 9.993956359725238992e-11 4.560960343042493259e-11 1.577872702914532240e-11 4.137942478412176826e-12 8.226095648191846360e-13 1.239652270063266474e-13 1.416129026176259704e-14 1.226316547369681171e-15 8.050061010187554604e-17 4.005830552569132623e-18 1.511063783724904147e-19 4.320856452278664343e-21 9.365990208465293698e-23 1.538984974977511520e-24 1.916954830792847347e-26 1.810031775178611018e-28
4.120638094394727924e-12 5.695030350899082337e-12 5.966565768087405581e-12 4.738595533207607403e-12 2.852802252414809413e-12 1.301938638859932612e-12 4.504080905374471476e-13 1.181187029227904275e-13 2.348161563753971080e-14 3.538621403730889691e-15 4.042379144125753364e-16 3.500554217555098443e-17 2.297911993541171520e-18 1.143475317664431400e-19 4.313373013239138148e-21 1.233400324729907515e-22 2.673547592270997782e-24 4.393074819439273952e-26 5.472000139105703534e-28 5.166785344371746115e-30
