5.597734386330200135e-11 7.760972548390169131e-10 8.156743897947451505e-09 6.498517990619669982e-08 3.924719687347859528e-07 1.796800176413645468e-06 6.235736263122321095e-06 1.640485949971566998e-05 3.271554135783121757e-05 4.945754177639722743e-05 5.667711836422348537e-05 4.923566584048597668e-05 3.242266350994812475e-05 1.618506254986863381e-05 6.124588218503923637e-06 1.756856243873759007e-06 3.820255219438801983e-07 6.297168994757479175e-08 7.868557785811343336e-09 7.453182371990110230e-10
4.303683999148472261e-10 5.966837843521620892e-09 6.271117165629265158e-08 4.996229896635658355e-07 3.017426721930511384e-06 1.381426776479855766e-05 4.794196459918708612e-05 1.261248327709430525e-04 2.515256033030242931e-04 3.802424632724311958e-04 4.357484485466351807e-04 3.785366232856154033e-04 2.492738821232599595e-04 1.244349765704981146e-04 4.708742948167781323e-05 1.350716840732500431e-05 2.937111718039349927e-06 4.841427544124471598e-07 6.049552176299700601e-08 5.730200738963268390e-09
2.508218016759389792e-09 3.477516050240655816e-08 3.654852229660126525e-07 2.911838751426219649e-06 1.758578015880072276e-05 8.051054701707181652e-05 2.794092210076636615e-04 7.350646050672810091e-04 1.465909323281512936e-03 2.216080449460482767e-03 2.539573327493085432e-03 2.206138691214555927e-03 1.452786130145304220e-03 7.252160014789895554e-04 2.744289288251650647e-04 7.872074985375111865e-05 1.711769853427680741e-05 2.821618825966510130e-06 3.525722558841016112e-07 3.339602242162622412e-08
1.108120553172659123e-08 1.536352495481309440e-07 1.614698900747033303e-06 1.286438557741023977e-05 7.769326393213756867e-05 3.556923333644527508e-04 1.234418613038191104e-03 3.247485630603908976e-03 6.476327972136922649e-03 9.790553600695339406e-03 1.121973202361426641e-02 9.746631315736966478e-03 6.418350236787286577e-03 3.203974899147096246e-03 1.212415884043517317e-03 3.477850820432609974e-04 7.562529828787693765e-05 1.246579760363922107e-05 1.557649935584128853e-06 1.475422734082404160e-07
3.711124776898793028e-08 5.145284775836658101e-07 5.407668940565069551e-06 4.308316447991010034e-05 2.601967772831010836e-04 1.191222947288923762e-03 4.134100289715761725e-03 1.087591449490888165e-02 2.168939212607059325e-02 3.278882062341362258e-02 3.757517662115961860e-02 3.264172373986576337e-02 2.149522317076290115e-02 1.073019591482475207e-02 4.060412573611464106e-03 1.164741355361742590e-03 2.532711061381897168e-04 4.174828290858612561e-05 5.216610460956215910e-06 4.941229407916082506e-07
9.421518874453000354e-08 1.306245425423020127e-06 1.372857504212030328e-05 1.093762327382143118e-04 6.605676164553920832e-04 3.024185430634522814e-03 1.049533665666367403e-02 2.761093734400068070e-02 5.506336476833566251e-02 8.324174231422511172e-02 9.539297572284652360e-02 8.286830403121553390e-02 5.457042352080559988e-02 2.724099819208447917e-02 1.030826393617375637e-02 2.956955996657907072e-03 6.429852538745876910e-04 1.059873378140459830e-04 1.324353043166575210e-05 1.254441414082185803e-06
1.813147384361588459e-07 2.513836153172855851e-06 2.642029407395036261e-05 2.104917826342851662e-04 1.271245604801273573e-03 5.819968071440882740e-03 2.019800889920614698e-02 5.313654782435819901e-02 1.059680473331878620e-01 1.601966194176959180e-01 1.835813595696792755e-01 1.594779469243516601e-01 1.050193944190312978e-01 5.242460931995356760e-02 1.983799219875518466e-02 5.690586732835978614e-03 1.237408794464116410e-03 2.039699404032053922e-04 2.548683803733501878e-05 2.414140648749717714e-06
2.645100103567575858e-07 3.667296065648122972e-06 3.854310090511383415e-05 3.070747810399932680e-04 1.854549668671110277e-03 8.490428456784633940e-03 2.946575435176785121e-02 7.751796095876765935e-02 1.545909038578028027e-01 2.337019584109103765e-01 2.678166581487319564e-01 2.326535269910645076e-01 1.532069667641457744e-01 7.647935338170215591e-02 2.894054596558682732e-02 8.301681201544794733e-03 1.805187023748163356e-03 2.975604273202296472e-04 3.718133369279403401e-05 3.521855826564791999e-06
2.925148621215101832e-07 4.055569018181816287e-06 4.262383049998166699e-05 3.395861544739144111e-04 2.050899094129362416e-03 9.389347896660632173e-03 3.258542487631588963e-02 8.572513241072214629e-02 1.709581307195679190e-01 2.584450246321193245e-01 2.961715994285376019e-01 2.572855911127359119e-01 1.694276700478151154e-01 8.457656282806660930e-02 3.200461034131363292e-02 9.180617129655524455e-03 1.996310206343550591e-03 3.290644737906077183e-04 4.111788693355079307e-05 3.894730373833349254e-06
2.452170029715368895e-07 3.399808381598239311e-06 3.573181852903770865e-05 2.846771560486779386e-04 1.719281289203459162e-03 7.871147928612938494e-03 2.731656152706902693e-02 7.186390427014696658e-02 1.433152495043291674e-01 2.166560492467128618e-01 2.482824682835558239e-01 2.156840890163645164e-01 1.420322549365621578e-01 7.090105134458839220e-02 2.682966114011912928e-02 7.696167646442931588e-03 1.673519089767501423e-03 2.758567666001848578e-04 3.446937680103058114e-05 3.264976359583738240e-06
1.558296313238327374e-07 2.160498172052223012e-06 2.270672930684315355e-05 1.809056294458170867e-04 1.092562775794289533e-03 5.001929168645268334e-03 1.735903163408310246e-02 4.566781900196398292e-02 9.107346645099873017e-02 1.376798177494739650e-01 1.577776623478614748e-01 1.370621599095965537e-01 9.025815361354093402e-02 4.505594863983301140e-02 1.704961790310034059e-02 4.890733319543981959e-03 1.063481975604015778e-03 1.753004796428450326e-04 2.190447731510011936e-05 2.074815596918534657e-06
7.506652736961939452e-08 1.040759025010712181e-06 1.093832605844065812e-05 8.714618181886002555e-05 5.263112850581831226e-04 2.409538222282769579e-03 8.362223616906503537e-03 2.199918305587013345e-02 4.387207236461204696e-02 6.632336686889421518e-02 7.600493634190418069e-02 6.602582763487099826e-02 4.347931841333919217e-02 2.170443177592830050e-02 8.213172283677804691e-03 2.355972759931110241e-03 5.123024302282752759e-04 8.444605907890922916e-05 1.055186380101311717e-05 9.994838624069695070e-07
2.741191821263084740e-08 3.800522319645396690e-07 3.994330226849073641e-06 3.182302541849632463e-05 1.921922114414805545e-04 8.798870414532423013e-04 3.053619208115149718e-03 8.033404871693407626e-03 1.602069126703850599e-02 2.421919291996227699e-02 2.775459544707397849e-02 2.411054101565966029e-02 1.587726996373287069e-02 7.925771039918427796e-03 2.999190382124161842e-03 8.603266311817569416e-04 1.870766213601751952e-04 3.083702611487665557e-05 3.853206450858872891e-06 3.649798498902259214e-07
7.588035404912208316e-09 1.052042315861724862e-07 1.105691288918116386e-06 8.809096893325214621e-06 5.320172392365978161e-05 2.435661003757925492e-04 8.452881875891864009e-04 2.223768512497448224e-03 4.434770730106771253e-03 6.704240539809894033e-03 7.682893669381047654e-03 6.674164042052087298e-03 4.395069534485942196e-03 2.193973832681913975e-03 8.302214616685934558e-04 2.381514816496119896e-04 5.178565087277504876e-05 8.536157306717322168e-06 1.066626083762385287e-06 1.010319672473872620e-07
1.592267714415384290e-09 2.207597783032216964e-08 2.320174389691084801e-07 1.848494350371433061e-06 1.116381024000561036e-05 5.110972962822106958e-05 1.773746455642072339e-04 4.666339332696067669e-04 9.305889967002684221e-04 1.406812856237270879e-03 1.612172702188827307e-03 1.400501626282880984e-03 9.222581272937005557e-04 4.603818397829439178e-04 1.742130549857321884e-04 4.997353005566966219e-05 1.086666252259806441e-05 1.791220910205311191e-06 2.238200253294439752e-07 2.120047297983697277e-08
2.532792720341483645e-10 3.511587620401463854e-09 3.690661281975400264e-08 2.940367999568529261e-07 1.775807990777579189e-06 8.129936314667310439e-06 2.821467815938989552e-05 7.422665287686958189e-05 1.480271825606733766e-04 2.237792884263068317e-04 2.564455240202077077e-04 2.227753719906370316e-04 1.467020055696409322e-04 7.323214317686421043e-05 2.771176941299218724e-05 7.949203013341177117e-06 1.728541217187793940e-06 2.849264128650113858e-07 3.560266440679550393e-08 3.372322577729494796e-09
3.054077326183744327e-11 4.234322076277007276e-10 4.450251633061222189e-09 3.545537369085512511e-08 2.141294420476098292e-07 9.803192327003999499e-07 3.402165844054794974e-06 8.950354907810773906e-06 1.784932727761710426e-05 2.698362346683344027e-05 3.092256440968555982e-05 2.686256980148856282e-05 1.768953555960605178e-05 8.830435519972106649e-06 3.341524395302303288e-06 9.585261553106284979e-07 2.084299475590536704e-07 3.435683031513820431e-08 4.293019687053697422e-09 4.066394315849314566e-10
2.791625955964517452e-12 3.870446669017079644e-11 4.067820373412427856e-10 3.240852503151648712e-09 1.957282820678468838e-08 8.960757449312231327e-08 3.109801574221139291e-07 8.181208400168618314e-07 1.631544980786891778e-06 2.466479254148835059e-06 2.826524158081164526e-06 2.455414159256044971e-06 1.616938975112987802e-06 8.071594254893483654e-07 3.054371333181275656e-07 8.761554501894881432e-08 1.905185722108896801e-08 3.140438470569295447e-09 3.924100115310813136e-10 3.716949738629032146e-11
1.934333022080904132e-13 2.681853844382988175e-12 2.818615172771786588e-11 2.245604574332690850e-10 1.356212061827576866e-09 6.208958259622386400e-09 2.154798662866270934e-08 5.668804423873536128e-08 1.130506515961965829e-07 1.709037079048498037e-07 1.958514178808314166e-07 1.701370013767831649e-07 1.120385934071197497e-07 5.592852178036355994e-08 2.116390743124656935e-08 6.070929438654455315e-09 1.320113694887544096e-09 2.176027137323496148e-10 2.719030613245117194e-11 2.575494974705883583e-12
1.016019594620367044e-14 1.408659225012760194e-13 1.480493902828397808e-12 1.179516775677376066e-11 7.123582204035155981e-11 3.261291195437424237e-10 1.131820446087762092e-09 2.977572272705188383e-09 5.938050785214371161e-09 8.976815989927328202e-09 1.028720886887613185e-08 8.936544286609096865e-09 5.884891844160266696e-09 2.937677916797966449e-09 1.111646464358335787e-09 3.188790759822207331e-10 6.933973446255619778e-11 1.142970824934748776e-11 1.428186537630295504e-12 1.352793614272495026e-13
