1.030850381355601555e-18 8.353234178866027920e-17 5.131100217527960045e-15 2.389258594122830109e-13 8.433592952812502839e-12 2.256622606507922942e-10 4.577222799177471557e-09 7.037882143972337401e-08 8.203113993185034041e-07 7.247902173077305135e-06 4.854480026637533101e-05 2.464733305210708905e-04 9.486236943599085474e-04 2.767673286616804083e-03 6.121142574965677055e-03 1.026235391624100851e-02 1.304242356343705660e-02 1.256511395796691168e-02 9.176379852634482248e-03 5.080110431819150410e-03
3.335893459042535355e-18 2.703156516514617341e-16 1.660454704477486002e-14 7.731783642175400798e-13 2.729161096154215960e-11 7.302565657179004584e-10 1.481216660780300719e-08 2.277500734754125789e-07 2.654576726998995766e-06 2.345464471687308162e-05 1.570938757049989884e-04 7.976024319188177803e-04 3.069802984354090374e-03 8.956356208987858655e-03 1.980838329888619589e-02 3.320959076383996761e-02 4.220606233672561519e-02 4.066145991951335137e-02 2.969531377370015005e-02 1.643954105001520227e-02
8.183244496353800492e-18 6.631084283159385838e-16 4.073243641827863641e-14 1.896675559746149149e-12 6.694875838803616960e-11 1.791384555804256538e-09 3.633556717580829195e-08 5.586912646325253618e-07 6.511913722088219201e-06 5.753633761084626117e-05 3.853653030462173327e-04 1.956589978491530754e-03 7.530500804368096303e-03 2.197074143837324245e-02 4.859173280036401671e-02 8.146609122293617389e-02 1.035352392306037594e-01 9.974619159317268946e-02 7.284525599803705342e-02 4.032766198076709330e-02
1.521723339869968489e-17 1.233089849243126924e-15 7.574440579782507546e-14 3.526981833076916866e-12 1.244952271190032184e-10 3.331186903268685043e-09 6.756816402525584831e-08 1.038919877747260002e-06 1.210929369461764418e-05 1.069922667862051015e-04 7.166098682286494532e-04 3.638396284203497880e-03 1.400341739761341506e-02 4.085590997057183399e-02 9.035923827032879552e-02 1.514910772581151421e-01 1.925299801398219768e-01 1.854840190563823432e-01 1.354601176836488508e-01 7.499170348125792918e-02
2.145076059601607404e-17 1.738207889467745768e-15 1.067720440823017891e-13 4.971760696940860934e-12 1.754929586940936573e-10 4.695761107844130861e-09 9.524651902506535400e-08 1.464498900168218147e-06 1.706969678550676023e-05 1.508201550389627566e-04 1.010159095373336022e-03 5.128814522392275040e-03 1.973972181749933386e-02 5.759196305591331860e-02 1.273736386234847751e-01 2.135472819240638864e-01 2.713971983821941714e-01 2.614649577173027151e-01 1.909494635857007516e-01 1.057110077710542717e-01
2.292168338900813179e-17 1.857400381134058251e-15 1.140936228483329529e-13 5.312684558250961152e-12 1.875268719810984074e-10 5.017759109409461508e-09 1.017777688220137699e-07 1.564922603231190211e-06 1.824020101815985583e-05 1.611622034104599841e-04 1.079427783133005917e-03 5.480507887680987657e-03 2.109331516066846601e-02 6.154116246881580904e-02 1.361079111188112367e-01 2.281906584587841680e-01 2.900074627253940163e-01 2.793941478806813983e-01 2.040432612177519034e-01 1.129598290939439337e-01
1.856723107593818470e-17 1.504548400384481591e-15 9.241915716939875946e-14 4.303429209475815483e-12 1.519022275078898394e-10 4.064531007023510895e-09 8.244295674278222818e-08 1.267632882674136372e-06 1.477509402028225183e-05 1.305460781673788129e-04 8.743679396963120005e-04 4.439370993705977521e-03 1.708619956479858273e-02 4.985013381645014147e-02 1.102513717739462690e-01 1.848410787755005447e-01 2.349144904754713603e-01 2.263173963677165279e-01 1.652809837838857265e-01 9.150075120972600562e-02
1.140104329184747685e-17 9.238545789249622273e-16 5.674916241279827472e-14 2.642482474633369238e-12 9.327421330959055551e-11 2.495789155776957702e-09 5.062336516888934014e-08 7.783787100202812426e-07 9.072515221973829553e-06 8.016065953398949313e-05 5.368978655304109532e-04 2.725956319540032320e-03 1.049162904984048995e-02 3.061003180394898313e-02 6.769887537023709656e-02 1.135000223033949124e-01 1.442471559081304477e-01 1.389681866474084537e-01 1.014893197446785217e-01 5.618522339233284618e-02
5.306875101873691170e-18 4.300291418202672182e-16 2.641518932535024805e-14 1.230003613949702358e-12 4.341660562007308429e-11 1.161721869768713324e-09 2.356379756753867670e-08 3.623140874299606165e-07 4.223008711605468465e-06 3.731260353470411764e-05 2.499113319629158282e-04 1.268858415028267491e-03 4.883567543551617894e-03 1.424813602489318105e-02 3.151198245024326716e-02 5.283116878037841246e-02 6.714312195905229597e-02 6.468590556085523913e-02 4.724051389615035318e-02 2.615269107233308618e-02
1.872535059587192908e-18 1.517361213981344551e-16 9.320620359029693509e-15 4.340077439784802156e-13 1.531958348956677784e-11 4.099144767629917154e-10 8.314504531424296549e-09 1.278428111216340285e-07 1.490091950087803810e-06 1.316578154600658905e-05 8.818141032252079469e-05 4.477176911425300712e-04 1.723170654220563570e-03 5.027466018742341412e-03 1.111902782757091986e-02 1.864151951593857881e-02 2.369150346765718299e-02 2.282447272615886064e-02 1.666885253663219837e-02 9.227997643699257027e-03
5.008617520807876730e-19 4.058605964588290764e-17 2.493059993510940562e-15 1.160874814881240616e-13 4.097650075200120815e-12 1.096430648834168292e-10 2.223946241204628253e-09 3.419512710401845198e-08 3.985666709209632456e-07 3.521555646653411087e-06 2.358657876602285707e-05 1.197545894134810409e-04 4.609100740668511530e-04 1.344736070911819190e-03 2.974094252942816909e-03 4.986194559294138996e-03 6.336953679710954392e-03 6.105042114653000396e-03 4.458549731247438488e-03 2.468285463792338486e-03
1.015553011709092451e-19 8.229275830216121268e-18 5.054956930257089537e-16 2.353803039605469315e-14 8.308442115037468107e-13 2.223135312145160718e-11 4.509298811002402182e-10 6.933443045309593659e-09 8.081383362556369071e-08 7.140346468865872293e-07 4.782441662242281792e-06 2.428157738928920224e-05 9.345465328527448583e-05 2.726602223257951251e-04 6.030307491308708936e-04 1.011006506410552439e-03 1.284887969136330613e-03 1.237865315207110298e-03 9.040206381526131717e-04 5.004723810708874799e-04
1.560932589100608308e-20 1.264862068250345947e-18 7.769606232233356470e-17 3.617859265328740542e-15 1.277030141458823950e-13 3.417019415724770463e-12 6.930914867989707545e-11 1.065689046195934063e-09 1.242130593891945572e-08 1.097490664910254232e-07 7.350742856351104488e-07 3.732144459689436368e-06 1.436423428754205282e-05 4.190861745990931235e-05 9.268746561678910484e-05 1.553944486849733679e-04 1.974907741145780573e-04 1.902632643639452629e-04 1.389504298684668209e-04 7.692396561786826639e-05
1.818706072087643426e-21 1.473742261480829304e-19 9.052684357390930650e-18 4.215315036508519124e-16 1.487919778680728396e-14 3.981308355795678002e-13 8.075490923537244263e-12 1.241677669367257040e-10 1.447256895788671371e-09 1.278731029302086403e-08 8.564649595088308464e-08 4.348473366589410531e-07 1.673635383235536653e-06 4.882943541530665879e-06 1.079939375349953005e-05 1.810563949817422350e-05 2.301045365901594698e-05 2.216834709007551080e-05 1.618967995706836933e-05 8.962724228782254383e-06
1.606340854647480268e-22 1.301657502644070301e-20 7.995627743637103573e-19 3.723104498453070237e-17 1.314179550843718362e-15 3.516422122857338358e-14 7.132538451868994736e-13 1.096690443397808203e-11 1.278264758970680947e-10 1.129417186206196823e-09 7.564579434508708086e-09 3.840714303043467829e-08 1.478209664076642451e-07 4.312775891650374582e-07 9.538378772639328706e-07 1.599149465204771526e-06 2.032358739200852847e-06 1.957981125004882898e-06 1.429925634374473145e-06 7.916172007445694873e-07
1.075498261687881832e-23 8.715026934391947204e-22 5.353336880217905514e-20 2.492741440637379868e-18 8.798866183281928228e-17 2.354360763191734893e-15 4.775470090431432541e-14 7.342704769486201580e-13 8.558404788574915856e-12 7.561821122651838398e-11 5.064735799177233773e-10 2.571485089613524287e-09 9.897101972629290319e-09 2.887545915986373054e-08 6.386259653182706407e-08 1.070683388915163365e-07 1.360731307314215778e-07 1.310933037821896456e-07 9.573824444938176792e-08 5.300138640312767910e-08
5.458565675010821497e-25 4.423210020461410452e-23 2.717023539886231930e-21 1.265161771920095170e-19 4.465761650948596685e-18 1.194928277092862071e-16 2.423734007413464434e-15 3.726703951483218947e-14 4.343718281649888523e-13 3.837913894523611153e-12 2.570547435660150957e-11 1.305127190251103562e-10 5.023158384755654356e-10 1.465540167148602363e-09 3.241271415898041569e-09 5.434128351229879868e-09 6.906232647332280962e-09 6.653487353165931978e-09 4.859082655485048448e-09 2.690023395240582698e-09
2.100120365597549532e-26 1.701779184926220853e-24 1.045343559031504997e-22 4.867564413758943160e-21 1.718150435378445946e-19 4.597349119823746925e-18 9.325037844763655946e-17 1.433806485262679601e-15 1.671195652636942716e-14 1.476593231844345698e-13 9.889885625226517309e-13 5.021326764445342726e-12 1.932602418203299902e-11 5.638497244285543063e-11 1.247041900057965150e-10 2.090718386321564943e-10 2.657093583872369623e-10 2.559852738714517498e-10 1.869476168368303513e-10 1.034955563902309049e-10
6.125007889179918743e-28 4.963244537819343107e-26 3.048747896004312554e-24 1.419626747292732544e-22 5.010991343106423481e-21 1.340818368771093826e-19 2.719650325843463526e-18 4.181701286103382539e-17 4.874047566246011749e-16 4.306488971922751900e-15 2.884388365062285909e-14 1.464471586971495179e-13 5.636441249773465075e-13 1.644469558512258505e-12 3.637001764810577741e-12 6.097586985986603144e-12 7.749422095088766890e-12 7.465818853341763965e-12 5.452333336442658362e-12 3.018451274362361137e-12
1.354147392475050412e-29 1.097298937520874669e-27 6.740324401836528256e-26 3.138581848245881496e-24 1.107855040149367721e-22 2.964348341593936963e-21 6.012739026329506774e-20 9.245114447427552565e-19 1.077578824721334967e-17 9.521001307367385782e-17 6.376950126602090702e-16 3.237727063755291079e-15 1.246132635143671682e-14 3.635675585982187155e-14 8.040865490060318894e-14 1.348085041988264462e-13 1.713281013366666193e-13 1.650580589586380490e-13 1.205429136424698880e-13 6.673343114727078025e-14
