7.695199460703755146e-14 1.488895199889158811e-13 2.183761462950658855e-13 2.427968706982576741e-13 2.046339991620633831e-13 1.307402520546897312e-13 6.331952721630398645e-14 2.324678122408568815e-14 6.469709980855224589e-15 1.364908746281574508e-15 2.182826612520811463e-16 2.646254945241945899e-17 2.431873300841836992e-18 1.694131143357272170e-19 8.946433273489259093e-21 3.581373761239635295e-22 1.086791385235284163e-23 2.499997338755907310e-25 4.359430164870918027e-27 5.762576753725687020e-29
3.399885145569204215e-12 6.578221525331970729e-12 9.648272533111724753e-12 1.072722647792419222e-11 9.041118395726325762e-12 5.776352428011812579e-12 2.797576867325136048e-12 1.027086907489176991e-12 2.858440638527497817e-13 6.030425845668485242e-14 9.644142186515774300e-15 1.169165650047274480e-15 1.074447771452874409e-16 7.484992869073470648e-18 3.952703987426009320e-19 1.582318887736326671e-20 4.801650569114816907e-22 1.104546264122622242e-23 1.926078971231169779e-25 2.546015760246791423e-27
1.138689799360816952e-10 2.203178468717717016e-10 3.231400192805085517e-10 3.592763532545900436e-10 3.028052081536837847e-10 1.934616407810725442e-10 9.369646636158935051e-11 3.439920275363218142e-11 9.573491626361265409e-12 2.019710696760877129e-12 3.230016856799525915e-13 3.915770511268278215e-14 3.598541318061260783e-15 2.506874398216029564e-16 1.323839929193055439e-17 5.299503658673364324e-19 1.608169184853662731e-20 3.699347213295231589e-22 6.450825199676297515e-24 8.527117979215002207e-26
2.890968993247289653e-09 5.593552030788599389e-09 8.204058530617124884e-09 9.121507875533885957e-09 7.687787036096058263e-09 4.911711733913610518e-09 2.378817999250036744e-09 8.733460913499023488e-10 2.430571299089425328e-10 5.127753847398252701e-11 8.200546440229066541e-12 9.941575957827290067e-13 9.136176838743989415e-14 6.364592147287292684e-15 3.361038440379573802e-16 1.345467463169096567e-17 4.082909368220768680e-19 9.392108452096047673e-21 1.637771379316016107e-22 2.164912137924639819e-24
5.563886431323205179e-08 1.076520997620498456e-07 1.578932532548870776e-07 1.755502532902797510e-07 1.479572215300418917e-07 9.452957238464332189e-08 4.578213470822419446e-08 1.680819987644610474e-08 4.677816573942926485e-09 9.868746472668951245e-10 1.578256604439592745e-10 1.913330779642602331e-11 1.758325684778753475e-12 1.224913445004519966e-13 6.468570301952021378e-15 2.589452941072418796e-16 7.857864988254021878e-18 1.807581641317971789e-19 3.152013728362545805e-21 4.166535613955452201e-23
8.117268265573080845e-07 1.570558608459909703e-06 2.303537122502306878e-06 2.561138724946282974e-06 2.158578313580982405e-06 1.379111359563775255e-06 6.679249725607357562e-07 2.452182824767649713e-07 6.824562739827242812e-08 1.439771705486279721e-08 2.302550997091777292e-09 2.791397597855619004e-10 2.565257479240512161e-11 1.787051399761287857e-12 9.437130157808823214e-14 3.777806115061765104e-15 1.146400072891905297e-16 2.637118006561000143e-18 4.598537609582934821e-20 6.078644439278623713e-22
8.977147498806970112e-06 1.736931172210092380e-05 2.547555635851666972e-05 2.832445515723752783e-05 2.387241036609303644e-05 1.525203515152047546e-05 7.386796642221114184e-06 2.711947688774105964e-06 7.547502968471382643e-07 1.592289738602930733e-07 2.546465048110450100e-08 3.087096193437948333e-09 2.837000578289259513e-10 1.976357498451353147e-11 1.043682512642792546e-12 4.177997031420030597e-14 1.267840634347591908e-15 2.916473441818256653e-17 5.085670332606983042e-19 6.722567979629823164e-21
7.525990090334350874e-05 1.456155955038415043e-04 2.135742837303617272e-04 2.374580220006619689e-04 2.001343120088959113e-04 1.278654109482203413e-04 6.192719718157605824e-05 2.273560887122718456e-05 6.327447839643222606e-06 1.334895833588486457e-06 2.134828543254849100e-07 2.588066572684766176e-08 2.378398955939535288e-09 1.656878975228999425e-10 8.749710583065284625e-12 3.502623106069307635e-13 1.062893981801148158e-14 2.445025017664511837e-16 4.263570864909399313e-18 5.635863730992165494e-20
4.782838789594862777e-04 9.254010571183034261e-04 1.357285030174856712e-03 1.509068474570341486e-03 1.271872722546334242e-03 8.125969340779010293e-04 3.935532697436400131e-04 1.444869720915770324e-04 4.021153709124713994e-05 8.483390884549969521e-06 1.356703987549360823e-06 1.644741096561899847e-07 1.511495317833213123e-08 1.052962459061301637e-09 5.560524884049397388e-11 2.225950533545717738e-12 6.754793062927910910e-14 1.553836818232664429e-15 2.709540122975269663e-17 3.581645383785329324e-19
2.304117714334891209e-03 4.458090816711661464e-03 6.538678427194829883e-03 7.269890450763843992e-03 6.127207291146420307e-03 3.914660461683077547e-03 1.895930639191689693e-03 6.960614951335502513e-04 1.937178295328356400e-04 4.086847178968882770e-05 6.535879272414409762e-06 7.923489088378577611e-07 7.281581692718450125e-08 5.072613903966195715e-09 2.678765572072191410e-10 1.072344747795758920e-11 3.254100553591313835e-13 7.485560554255935346e-15 1.305312528749745486e-16 1.725446526276204974e-18
8.414346697246843226e-03 1.628038424697085193e-02 2.387842725479316294e-02 2.654872115394021209e-02 2.237578666786431761e-02 1.429584526939592024e-02 6.923699085702613581e-03 2.541928611641416924e-03 7.074330313015113380e-04 1.492464939988360465e-04 2.386820509529358837e-05 2.893558077639925335e-06 2.659141609201365288e-07 1.852454489790130478e-08 9.782513325527144613e-10 3.916067495505482380e-11 1.188356396692349228e-12 2.733632111540202623e-14 4.766836388969329588e-16 6.301112651199383882e-18
2.329340411224390880e-02 4.506892608684447826e-02 6.610255978550384770e-02 7.349472427899252092e-02 6.194280553646089316e-02 3.957513434704398175e-02 1.916684997156274314e-02 7.036811353971439420e-03 1.958384182796692359e-03 4.131585044134162589e-04 6.607426182005380125e-05 8.010225873717309136e-06 7.361291651445357465e-07 5.128142752228244910e-08 2.708089461056708732e-09 1.084083482482112397e-10 3.289722514830778152e-12 7.567503427110642335e-14 1.319601513229095333e-15 1.744334630152388418e-17
4.888125408766696989e-02 9.457722954075792332e-02 1.387163509957730356e-01 1.542288226432346754e-01 1.299870985683513058e-01 8.304849682982037851e-02 4.022167215257645145e-02 1.476676238917157095e-02 4.109673037880908798e-03 8.670139295826247714e-04 1.386569676599298275e-04 1.680947466269931416e-05 1.544768492805146179e-06 1.076141759536704244e-07 5.682931030611559625e-09 2.274951308280295675e-10 6.903489131536428457e-12 1.588042074260184335e-13 2.769186356437935860e-15 3.660489633010601993e-17
7.775861871464827269e-02 1.504502056710339541e-01 2.206652028039744751e-01 2.453419094611610507e-01 2.067790081095739474e-01 1.321106939734593422e-01 6.398325344453237307e-02 2.349045800277676024e-02 6.537526599078796220e-03 1.379215955666615763e-03 2.205707378346112091e-04 2.673993446948328225e-05 2.457364617098561437e-06 1.711889318810215998e-07 9.040211333335277513e-09 3.618914339998291008e-10 1.098183320372910842e-11 2.526202742952390335e-13 4.405126465329219758e-15 5.822981079243804060e-17
9.376733100894586725e-02 1.814244448874484661e-01 2.660950960228233853e-01 2.958521693811645425e-01 2.493500530181019526e-01 1.593092492690756090e-01 7.715593465953041186e-02 2.832660337217608043e-02 7.883453059334383228e-03 1.663164819354599321e-03 2.659811828875663516e-04 3.224507235344218741e-05 2.963279508689949693e-06 2.064327981398637890e-07 1.090138305561216071e-08 4.363965621057467495e-10 1.324274024051197616e-11 3.046289822397540692e-13 5.312040751734452789e-15 7.021799040952199246e-17
8.571392663733377881e-02 1.658424249893404867e-01 2.432409592300176782e-01 2.704422837780660616e-01 2.279340994505838214e-01 1.456266394443445633e-01 7.052923498921991052e-02 2.589371348424016062e-02 7.206366118197227687e-03 1.520320412003132267e-03 2.431368297638871552e-04 2.947563651838167137e-05 2.708772017724732229e-06 1.887028832420507735e-07 9.965094851479409073e-09 3.989157258357701964e-10 1.210535965179829936e-11 2.784652816108496927e-13 4.855804963087344052e-15 6.418717066830611474e-17
5.939474840274350242e-02 1.149191210014216119e-01 1.685517878073294340e-01 1.874007180936360373e-01 1.579450273764106127e-01 1.009107615280630948e-01 4.887264335639582291e-02 1.794283213877751956e-02 4.993591115004991990e-03 1.053493310889229905e-03 1.684796321648944853e-04 2.042489573984184720e-05 1.877020908794485373e-06 1.307600843029410701e-07 6.905229111920023217e-09 2.764253149918508352e-10 8.388307700397846525e-12 1.929601873235335572e-13 3.364789426759814671e-15 4.447796294129271076e-17
3.119906094025010068e-02 6.036507866001359496e-02 8.853741518915286823e-02 9.843844079285490878e-02 8.296586258623649124e-02 5.300672337380694238e-02 2.567197638498407847e-02 9.425067508368132826e-03 2.623049304819276718e-03 5.533822920455493599e-04 8.849951304551128780e-05 1.072885371219361448e-05 9.859674684116981479e-07 6.868606987029960154e-08 3.627200546559275050e-09 1.452015620872673578e-10 4.406236749345217636e-12 1.013587363402472292e-13 1.767467212164152146e-15 2.336352478326979306e-17
1.242315252275823581e-02 2.403676766675259119e-02 3.525470894691615925e-02 3.919719783919687478e-02 3.303617269330397233e-02 2.110674454162525873e-02 1.022232299882639729e-02 3.752967161992139603e-03 1.044471872114738874e-03 2.203512673231211637e-04 3.523961669422627670e-05 4.272121725592997674e-06 3.926023371669521151e-07 2.735010274257052072e-08 1.444314805078128192e-09 5.781780277962475010e-11 1.754519191886271828e-12 4.036003017784537038e-14 7.037876812299173437e-16 9.303120770450833491e-18
3.749893481587765129e-03 7.255430393120768789e-03 1.064153426701734163e-02 1.183156339781265935e-02 9.971875368372557988e-03 6.371011192946854883e-03 3.085579309258373436e-03 1.132822532089677349e-03 3.152708829558211238e-04 6.651240733629172055e-05 1.063697871319309147e-05 1.289527869999443694e-06 1.185059059929827876e-07 8.255551222384106734e-09 4.359623423282817036e-10 1.745214037788412414e-11 5.295966598592636356e-13 1.218256105310901078e-14 2.124363226991837332e-16 2.808120714257481974e-18
