6.712289273900492956e-15 3.081396651862191274e-14 1.072312497144054711e-13 2.828732941484811520e-13 5.656650520042347156e-13 8.574791470742737971e-13 9.853365801672512394e-13 8.583066241085071808e-13 5.667573250698772445e-13 2.836930124212770314e-13 1.076457667071064464e-13 3.096293287338201580e-14 6.751247765068349089e-15 1.115893688514701134e-15 1.398164964667229300e-16 1.327977842660592493e-17 9.561368618621151629e-19 5.218505123671694934e-20 2.159081250462205963e-21 6.771559162378594457e-23
2.683046036209910151e-13 1.231700353695435336e-12 4.286263117752734754e-12 1.130705247710054255e-11 2.261084577364310826e-11 3.427528124623526036e-11 3.938601716749484633e-11 3.430835727866115135e-11 2.265450627156929914e-11 1.133981837518520355e-11 4.302832251305015387e-12 1.237654858505319106e-12 2.698618580991476024e-13 4.460466490087967144e-14 5.588765342704097983e-15 5.308212357264216670e-16 3.821884177829254374e-17 2.085948461942868970e-18 8.630310993050320696e-20 2.706737482281238958e-21
8.129847584162917491e-12 3.732152191860513675e-11 1.298772566056058235e-10 3.426128811222816146e-10 6.851270064243946621e-10 1.038568882812902364e-09 1.193428335546855937e-09 1.039571113481636018e-09 6.864499550014902161e-10 3.436057144683795551e-10 1.303793148206484687e-10 3.750194825453153285e-11 8.177033660683063088e-12 1.351557603905552222e-12 1.693441327753720165e-13 1.608431492658597127e-14 1.158061972502239544e-15 6.320593398378776752e-17 2.615054383358185231e-18 8.201634591545165602e-20
1.867383436248117023e-10 8.572558233703955749e-10 2.983212602941137946e-09 7.869638546475494337e-09 1.573700872345319917e-08 2.385538362300316563e-08 2.741242419465131164e-08 2.387840433686917233e-08 1.576739615980180361e-08 7.892443408759377337e-09 2.994744617349738799e-09 8.614001218665720953e-10 1.878221831040032576e-10 3.104457071968924003e-11 3.889746090523907185e-12 3.694482948956475521e-13 2.660007734723318891e-14 1.451807219902133448e-15 6.006643039512628680e-17 1.883872536091092448e-18
3.251482495655556428e-09 1.492651294791328935e-08 5.194360928235925640e-08 1.370259127520795983e-07 2.740123287218032859e-07 4.153692314695933813e-07 4.773043163083453560e-07 4.157700674560338053e-07 2.745414338614191985e-07 1.374229903371783681e-07 5.214440437490086873e-08 1.499867335030050986e-08 3.270354276492235170e-09 5.405471437779139120e-10 6.772814345667499313e-11 6.432822743231084133e-12 4.631597571165390194e-13 2.527882421439102311e-14 1.045874902899781767e-15 3.280193267352381187e-17
4.291668393997469084e-08 1.970167267907681305e-07 6.856095535655331702e-07 1.808620466825519423e-06 3.616719611168977694e-06 5.482505303100723114e-06 6.299993468690348212e-06 5.487795982464617300e-06 3.623703329543058057e-06 1.813861538626490911e-06 6.882598706239274883e-07 1.979691800751915732e-07 4.316577470230675214e-08 7.134742676661896156e-09 8.939513992325384476e-10 8.490755244169572202e-11 6.113297837661701467e-12 3.336580500226462394e-13 1.380462072561519844e-14 4.329564065163836794e-16
4.294056106551649385e-07 1.971263390135111125e-06 6.859909992850122916e-06 1.809626710877466115e-05 3.618731809229903306e-05 5.485555549657256455e-05 6.303498532948687287e-05 5.490849172543431350e-05 3.625719413065419446e-05 1.814870698601054992e-05 6.886427908737598678e-06 1.980793222048276145e-06 4.318979041198082739e-07 7.138712161975299524e-08 8.944487580177045570e-09 8.495479160611797145e-10 6.116699031941959467e-11 3.338436840096422454e-12 1.381230106416567057e-13 4.331972861352963054e-15
3.256912499809100507e-06 1.495144035484643004e-05 5.203035556333420256e-05 1.372547472226269376e-04 2.744699317029264027e-04 4.160629017123674005e-04 4.781014186834997440e-04 4.164644070984041568e-04 2.749999204527446236e-04 1.376524879307595062e-04 5.223148598543333516e-05 1.502372126573557463e-05 3.275815796684529422e-06 5.414498622270607838e-07 6.784125004752201464e-08 6.443565613371528617e-09 4.639332379543592135e-10 2.532104007151596671e-11 1.047621523118227119e-12 3.285671218745295608e-14
1.872583906779948801e-05 8.596431925422240222e-05 2.991520542773225028e-04 7.891554679264672564e-04 1.578083467185615587e-03 2.392181840931904575e-03 2.748876497258860747e-03 2.394490323350213778e-03 1.581130673408509980e-03 7.914423050741153324e-04 3.003084672654170585e-04 8.637990324828532412e-05 1.883452485385018994e-05 3.113102665159238094e-06 3.900578632747129188e-07 3.704771703442272520e-08 2.667415582287108935e-09 1.455850353475268495e-10 6.023370921701075823e-12 1.889118927067623837e-13
8.161562332395345758e-05 3.746711415253645931e-04 1.303839111832865447e-03 3.439494229397620229e-03 6.877997048103164091e-03 1.042620367210295509e-02 1.198083930722960988e-02 1.043626507607105063e-02 6.891278142444395502e-03 3.449461293547317550e-03 1.308879279405679571e-03 3.764824433632203552e-04 8.208932483035141184e-05 1.356830065496708315e-05 1.700047486700743282e-06 1.614706026013703267e-07 1.162579602570363218e-08 6.345250198673475520e-10 2.625255778959225168e-11 8.233629382772473751e-13
2.696510628093576334e-04 1.237881515837891636e-03 4.307773290447384877e-03 1.136379576251449197e-02 2.272431598860703145e-02 3.444728823659255063e-02 3.958367186291435885e-02 3.448053025770144581e-02 2.276819559227273235e-02 1.139672609290462435e-02 4.324425574500303897e-03 1.243865902720629833e-03 2.712161322097050029e-04 4.482850884574422529e-05 5.616811989484501499e-06 5.334851077605887152e-07 3.841063912349883279e-08 2.096416580771771247e-09 8.673621325330258877e-11 2.720320967261847368e-12
6.753482678837675630e-04 3.100307222439919411e-03 1.078893292624039796e-02 2.846092911647418733e-02 5.691365456474878348e-02 8.627415075431452141e-02 9.913836033347514509e-02 8.635740628145005537e-02 5.702355220068729830e-02 2.854340400590394886e-02 1.083063901511793076e-02 3.115295278757953049e-03 6.792680258763024188e-04 1.122741942322316738e-04 1.406745520898981192e-05 1.336127659628848555e-06 9.620046859857285700e-08 5.250531156215013693e-09 2.172331559650804107e-10 6.813116307377765487e-12
1.282183735976117397e-03 5.886094162346928137e-03 2.048334908729414899e-02 5.403455100027423907e-02 1.080535269107154722e-01 1.637959526852183212e-01 1.882193222013250067e-01 1.639540176243019509e-01 1.082621732760406241e-01 5.419113385815975403e-02 2.056253026150150695e-02 5.914549765120728775e-03 1.289625599953557076e-03 2.131583845850137861e-04 2.670779379068984654e-05 2.536707704503640488e-06 1.826415822711491639e-07 9.968405893495849734e-09 4.124284206221236600e-10 1.293505489842597496e-11
1.845310940159156435e-03 8.471230485790574166e-03 2.947950991837181706e-02 7.776619318251221102e-02 1.555099707916113294e-01 2.357341268361361208e-01 2.708840899023193804e-01 2.359616129234748949e-01 1.558102533562359948e-01 7.799154626771379051e-02 2.959346697688047811e-02 8.512183614140267710e-03 1.856021224986074275e-03 3.067762349691085470e-04 3.843769242007668408e-05 3.650814113269787302e-06 2.628566409293528503e-07 1.434646840003086903e-08 5.935644441997056691e-10 1.861605138631185847e-11
2.013194191716651937e-03 9.241928630854859619e-03 3.216150560360349353e-02 8.484122920413925129e-02 1.696580035041118373e-01 2.571808168519141846e-01 2.955286637886432866e-01 2.574289992366603497e-01 1.699856052658637040e-01 8.508708452984067860e-02 3.228583028152198775e-02 9.286607605184852426e-03 2.024878880045287866e-03 3.346862151823826550e-04 4.193468831676431906e-05 3.982958973428077705e-06 2.867708911580404354e-07 1.565168570024172619e-08 6.475659280323283327e-10 2.030970808658913885e-11
1.664940050099956905e-03 7.643205598837438976e-03 2.659801968994065721e-02 7.016489565829357733e-02 1.403095667652070888e-01 2.126921704105730615e-01 2.444063818178794922e-01 2.128974207504524818e-01 1.405804980523468473e-01 7.036822148745348893e-02 2.670083795572642318e-02 7.680155742080183902e-03 1.674603452493688771e-03 2.767902302551194529e-04 3.468057992334317260e-05 3.293963364314509491e-06 2.371635800740858728e-07 1.294416528774533880e-08 5.355461748783521278e-10 1.679641563557641283e-11
1.043778510867663691e-03 4.791652262633102309e-03 1.667473935913085792e-02 4.398753594821736002e-02 8.796239278998814470e-02 1.333402466299198619e-01 1.532224113685680678e-01 1.334689214696545001e-01 8.813224410410673559e-02 4.411500428028657800e-02 1.673919783398430255e-02 4.814816919815774303e-03 1.049836657982233324e-03 1.735243826593403996e-04 2.174183032370501933e-05 2.065040224751893716e-06 1.486817789186535232e-07 8.114911745715175673e-09 3.357427727694105701e-10 1.052995133306077807e-11
4.960379704478008484e-04 2.277151175944727799e-03 7.924386048696895751e-03 2.090432771854586202e-02 4.180262990757240005e-02 6.336768253863821199e-02 7.281634290324910663e-02 6.342883306596283632e-02 4.188334885345607744e-02 2.096490487363924723e-02 7.955018841680804378e-03 2.288159784969890417e-03 4.989170017442847100e-04 8.246450918595299277e-05 1.033243477931539485e-05 9.813752164024678380e-07 7.065848462052513241e-08 3.856473677889246707e-09 1.595560378596165319e-10 5.004180133794517892e-12
1.786974321398466798e-04 8.203425785493898741e-04 2.854756132698064736e-03 7.530773663438863029e-03 1.505937663286530115e-02 2.282817611741530528e-02 2.623205131429440576e-02 2.285020556446961879e-02 1.508845559297278607e-02 7.552596553432050150e-03 2.865791581134713179e-03 8.243084244753633291e-04 1.797346017324636855e-04 2.970779841893837737e-05 3.722254490214274564e-06 3.535399336032520970e-07 2.545468394119521126e-08 1.389292724368643341e-09 5.747998328067934684e-11 1.802753404274756427e-12
4.879985382262115096e-05 2.240244721947279749e-04 7.795953210221461547e-04 2.056552517550781865e-03 4.112512247901261610e-03 6.234066400546289625e-03 7.163618717269850354e-03 6.240082344833627025e-03 4.120453318937182703e-03 2.062512053896112686e-03 7.826089528585233792e-04 2.251074911231647582e-04 4.908309082218456187e-05 8.112798280736021835e-06 1.016497399195407448e-06 9.654697817255762860e-08 6.951330192922017211e-09 3.793970682967818996e-10 1.569700665664120096e-11 4.923075925231720766e-13
