8.484617782664806601e-27 5.097664891749137141e-25 2.321705347778268488e-23 8.015668357560078265e-22 2.097824717927392494e-20 4.161936747942041730e-19 6.259196305524701740e-18 7.135731309497131249e-17 6.166734122148900858e-16 4.039882923273353823e-15 2.006222763539601038e-14 7.552423722379375874e-14 2.155213808919523568e-13 4.662203152826790856e-13 7.645199907420020849e-13 9.503494275001792063e-13 8.955185954453504893e-13 6.396799209918502105e-13 3.463758851448984878e-13 1.421770169120928058e-13
3.397674530555326627e-25 2.041365517182115682e-23 9.297294621470653630e-22 3.209883217073639585e-20 8.400762174855062050e-19 1.666652151986949661e-17 2.506502050390292907e-16 2.857511457581521967e-15 2.469475467279241371e-14 1.617775563546984486e-13 8.033941140195897783e-13 3.024376392996560259e-12 8.630577421446490142e-12 1.866984384493892182e-11 3.061528718419966133e-11 3.805684743445290440e-11 3.586114072928488405e-11 2.561605284921913071e-11 1.387066044813342943e-11 5.693494292453945771e-12
1.031402277032208956e-23 6.196794377278220605e-22 2.822298238571065692e-20 9.743961139668349519e-19 2.550145741751019968e-17 5.059309857730845147e-16 7.608768582480774513e-15 8.674297074338930909e-14 7.496370229465963499e-13 4.910939482177832476e-12 2.438793095401763442e-11 9.180834333267567715e-11 2.619908741855784021e-10 5.667440857073035805e-10 9.293614391198744393e-10 1.155258361198784817e-09 1.088605217260508954e-09 7.776040641816175867e-10 4.210594817569860614e-10 1.728324159567773683e-10
2.373401521749404697e-22 1.425969433315600577e-20 6.494504698525208909e-19 2.242222332812799423e-17 5.868243573758976276e-16 1.164218266988105367e-14 1.750884532101434663e-13 1.996077605682810720e-12 1.725020092199774219e-11 1.130076159397131120e-10 5.612005492671364392e-10 2.112638944351096260e-09 6.028778036691234841e-09 1.304157752424846340e-08 2.138591219915886868e-08 2.658411769627404217e-08 2.505033522579433067e-08 1.789376182644927359e-08 9.689170142464619950e-09 3.977116670905246886e-09
4.140103196605058176e-21 2.487425981247144606e-19 1.132885414302424228e-17 3.911277448214962774e-16 1.023641965151728250e-14 2.030833689341653514e-13 3.054199882241782470e-12 3.481908644715077960e-11 3.009082589894063054e-10 1.971277037219834265e-09 9.789444249807368834e-09 3.685235374894906122e-08 1.051645201732664473e-07 2.274940683324232887e-07 3.730505885611420006e-07 4.637268057877719163e-07 4.369718818916713407e-07 3.121343770032098036e-07 1.690154991124310691e-07 6.937584429603551554e-08
5.474543815268392434e-20 3.289174659400065549e-18 1.498037740547834360e-16 5.171962810367293656e-15 1.353582875413809034e-13 2.685413258041708372e-12 4.038631474121510533e-11 4.604199589006735807e-10 3.978971948246309855e-09 2.606660269034351851e-08 1.294478396496122325e-07 4.873062716403552801e-07 1.390612132500297721e-06 3.008200969050200968e-06 4.932924846086784824e-06 6.131955161604150684e-06 5.778169286741217120e-06 4.127417221282829563e-06 2.234926791460676519e-06 9.173710926609940774e-07
5.487588342572064115e-19 3.297011975183605595e-17 1.501607205852688695e-15 5.184286359574307169e-14 1.356808139357605405e-12 2.691811954946547427e-11 4.048254566074252453e-10 4.615170294380002559e-09 3.988452885831406744e-08 2.612871316419881358e-07 1.297562828616294735e-06 4.884674058243459002e-06 1.393925628298911014e-05 3.015368791794858873e-05 4.944678825050706966e-05 6.146566142761583868e-05 5.791937280855341601e-05 4.137251868415711052e-05 2.240252086962304739e-05 9.195569683557762648e-06
4.169768393843389271e-18 2.505249204206889480e-16 1.141002909849697534e-14 3.939303033917821477e-13 1.030976695557130766e-11 2.045385278780762165e-10 3.076084226087676841e-09 3.506857662120240787e-08 3.030643653543107786e-07 1.985401883713629737e-06 9.859588828513117455e-06 3.711641295007128189e-05 1.059180584512427724e-04 2.291241379435298190e-04 3.757236183780349290e-04 4.670495604402825950e-04 4.401029287396210116e-04 3.143709221855266862e-04 1.702265505957892776e-04 6.987294497369611981e-05
2.401812832388960943e-17 1.443039305463731491e-15 6.572248556338130748e-14 2.269063334909047305e-12 5.938490638806680288e-11 1.178154790805307628e-09 1.771843869946158429e-08 2.019972079667100623e-07 1.745669814233672515e-06 1.143603977811658175e-05 5.679185204954373926e-05 2.137928740774986422e-04 6.100946813869358512e-04 1.319769451788643539e-03 2.164191683606190957e-03 2.690234856409223167e-03 2.535020562243944352e-03 1.810796293026703746e-03 9.805156426384311306e-04 4.024725596808166844e-04
1.048728832066918737e-16 6.300894495348216315e-15 2.869710103799535251e-13 9.907650209105320052e-12 2.592985709748880451e-10 5.144301342275441395e-09 7.736588493805837229e-08 8.820016827914087668e-07 7.622301957787495914e-06 4.993438488729322664e-05 2.479762447250919832e-04 9.335063420096465859e-04 2.663920660398668653e-03 5.762648350892631346e-03 9.449738073302536845e-03 1.174665577975751198e-02 1.106892726051176071e-02 7.906670561036711203e-03 4.281328714963823431e-03 1.757358324350445254e-03
3.471235467002339905e-16 2.085561851387797763e-14 9.498584560406403760e-13 3.279378400679356079e-11 8.582641847817698213e-10 1.702735800355567805e-08 2.560768766161602978e-07 2.919377659549187693e-06 2.522940543546056287e-05 1.652801015321537950e-04 8.207878999257489519e-04 3.089855283819188930e-03 8.817432681269206027e-03 1.907405301335760028e-02 3.127811971115614792e-02 3.888079255053833450e-02 3.663754796617020582e-02 2.617065006526163654e-02 1.417096548398284576e-02 5.816760593579067655e-03
8.709671205139018160e-16 5.232879813611468469e-14 2.383288290920598483e-12 8.228282955352903606e-11 2.153469255443873078e-09 4.272331598156665687e-08 6.425220702448538294e-07 7.325005687459046272e-06 6.330305971256089165e-05 4.147040311097633172e-04 2.059437570705428128e-03 7.752750814327999222e-03 2.212380584876362868e-02 4.785867506683427752e-02 7.847987876040105060e-02 9.755573268639312901e-02 9.192721138661871794e-02 6.566473506622105827e-02 3.555634620530369328e-02 1.459482444526682098e-02
1.656594693385225893e-15 9.953028910249311103e-14 4.533056004705064904e-12 1.565033806496281701e-10 4.095936180497443016e-09 8.126049407826554624e-08 1.222088213068808334e-06 1.393228890626949601e-05 1.204035265223346487e-04 7.887743188934006255e-04 3.917086271839734929e-03 1.474586761734000655e-02 4.207986559231088886e-02 9.102803685790845922e-02 1.492701017407944142e-01 1.855527094779782227e-01 1.748471635426615545e-01 1.248954743424356695e-01 6.762879223858617173e-02 2.775961130731592966e-02
2.388512896950579782e-15 1.435048537266096045e-13 6.535855012134543214e-12 2.256498494113408929e-10 5.905606501861253531e-09 1.171630809234874388e-07 1.762032360589815823e-06 2.008786571002720659e-05 1.736003242587060588e-04 1.137271319884752829e-03 5.647736960715713135e-03 2.126090052164147925e-02 6.067163082829522130e-02 1.312461285113191711e-01 2.152207565077015050e-01 2.675337796396124457e-01 2.520982994720717962e-01 1.800769086299958410e-01 9.750860793654084202e-02 4.002438851615993526e-02
2.610572355954093449e-15 1.568464648284769835e-13 7.143491851765152683e-12 2.466284606419854412e-10 6.454649291860505986e-09 1.280557038598219006e-07 1.925848077573719201e-06 2.195542966490426434e-05 1.897399038845639784e-04 1.243003155938993175e-03 6.172805682635458535e-03 2.323752123563918581e-02 6.631225748590825753e-02 1.434480489324890529e-01 2.352297775255249856e-01 2.924063296048162175e-01 2.755358166267601328e-01 1.968186147185223556e-01 1.065739593333106805e-01 4.374544611320783233e-02
2.162921205223951922e-15 1.299510216478711438e-13 5.918552676882404972e-12 2.043375377501582670e-10 5.347830254084826113e-09 1.060971923251138325e-07 1.595610876489806841e-06 1.819059497957060677e-05 1.572040172160215038e-04 1.029857639459358203e-03 5.114316129276402778e-03 1.925283829914639644e-02 5.494128042665279155e-02 1.188501158285992232e-01 1.948934580379110548e-01 2.422655895369030532e-01 2.282879688132255780e-01 1.630688972809226645e-01 8.829905673403444510e-02 3.624414118016602154e-02
1.358446319638467697e-15 8.161716047003714455e-14 3.717211742193275236e-12 1.283364255018933010e-10 3.358763282345545716e-09 6.663550206541259118e-08 1.002140862786655700e-06 1.142480213442312407e-05 9.873370241306363149e-05 6.468133544098617982e-04 3.212102182226202543e-03 1.209195566944470598e-02 3.450647208578438985e-02 7.464511515538506392e-02 1.224049679450997380e-01 1.521575532601861236e-01 1.433787556860895707e-01 1.024172044842641821e-01 5.545718834241005618e-02 2.276352928425591851e-02
6.467569197200146715e-16 3.885796776713545300e-14 1.769766225998403448e-12 6.110103141033327775e-11 1.599108748836406156e-09 3.172519328646911017e-08 4.771197272733967607e-07 5.439353568889382991e-06 4.700716128571072455e-05 3.079481365470702545e-04 1.529283331383636015e-03 5.756985674812944292e-03 1.642854728521479443e-02 3.553857377514257898e-02 5.827706173010124835e-02 7.244228132980790047e-02 6.826269175325454241e-02 4.876087832179205189e-02 2.640319296401453728e-02 1.083772679789061881e-02
2.334191621574890761e-16 1.402411632994060061e-14 6.387211904373660226e-13 2.205179585080078377e-11 5.771296958271355700e-10 1.144984740080992657e-08 1.721958955416803013e-07 1.963101304394480146e-06 1.696521810305891615e-05 1.111406678909525959e-04 5.519292071393933595e-04 2.077736985557492120e-03 5.929179303469430708e-03 1.282612348153472012e-02 2.103260515237997605e-02 2.614493343202446002e-02 2.463648989261307126e-02 1.759814702695915861e-02 9.529099715872893159e-03 3.911412513298735509e-03
6.385997543629962322e-17 3.836787503082372449e-15 1.747445203511344236e-13 6.033039996983148218e-12 1.578940128926229029e-10 3.132506204746658072e-09 4.711020962410949943e-08 5.370750195436626174e-07 4.641428755544216506e-06 3.040641674783096032e-05 1.509995378473561118e-04 5.684376194070550311e-04 1.622134366250123231e-03 3.509034660663878057e-03 5.754204736139645511e-03 7.152860936182566833e-03 6.740173449502008009e-03 4.814588598804731348e-03 2.607018499085839939e-03 1.070103691195507063e-03
