2.450189857427563464e-27 3.336931857881763394e-25 3.445020083299997679e-23 2.696081381608137834e-21 1.599451427923178932e-19 7.192931659818016788e-18 2.452096918677491367e-16 6.336743799209356865e-15 1.241342100514269496e-13 1.843374776676890164e-12 2.075069350798820183e-11 1.770713956840758589e-10 1.145410142541562767e-09 5.616560713920572594e-09 2.087741435376972460e-08 5.882741743979538001e-08 1.256549711242879203e-07 2.034587564789786663e-07 2.497295394959827583e-07 2.323594106462370916e-07
3.480991110642679321e-26 4.740787779728283618e-24 4.894349003037338436e-22 3.830329839337609580e-20 2.272344808557337153e-18 1.021901673920672590e-16 3.483700477526411951e-15 9.002628416161486379e-14 1.763577954605283704e-12 2.618887345298276445e-11 2.948056430076609717e-10 2.515657929351246028e-09 1.627287172110517915e-08 7.979462431564077292e-08 2.966059693634392284e-07 8.357626514093480961e-07 1.785183446767423452e-06 2.890543851280641538e-06 3.547914070475708054e-06 3.301136197596235757e-06
3.748891835070468179e-25 5.105643776247369415e-23 5.271023232255363534e-21 4.125116038480321703e-19 2.447226846750701916e-17 1.100548297837725175e-15 3.751809717669331528e-14 9.695480135049807298e-13 1.899304762461561424e-11 2.820439660343001471e-10 3.174941942899890249e-09 2.709265600346202814e-08 1.752524898494695569e-07 8.593570223860495964e-07 3.194330756490962564e-06 9.000838210548816980e-06 1.922573035945997289e-05 3.113003135758781316e-05 3.820965256036608099e-05 3.555195099403515375e-05
3.060551737026811392e-24 4.168188258155037485e-22 4.303202124551186531e-20 3.367696805466992947e-18 1.997887564174220358e-16 8.984748434508643188e-15 3.062933862478629583e-13 7.915277333702525134e-12 1.550570340684631148e-10 2.302574168955679520e-09 2.591985713591259779e-08 2.211812958068641155e-07 1.430740965128396608e-06 7.015690884931545641e-06 2.607814515734844187e-05 7.348179737352897691e-05 1.569566288811007927e-04 2.541419591087611530e-04 3.119391640506520872e-04 2.902419972526131724e-04
1.894058376218737086e-23 2.579532242014824702e-21 2.663087158424023396e-19 2.084138707995303653e-17 1.236416176170748451e-15 5.560317058103743859e-14 1.895532582522984290e-12 4.898462310771988755e-11 9.595886604887440274e-10 1.424975058847435994e-08 1.604080791209254790e-07 1.368806417867898557e-06 8.854308445160521330e-06 4.341742674957965167e-05 1.613876631260855962e-04 4.547507305011167585e-04 9.713445260170752368e-04 1.572787352603971381e-03 1.930472141323033488e-03 1.796196677141652766e-03
8.885539754389611454e-23 1.210128292344960351e-20 1.249326161890607922e-18 9.777257964205334176e-17 5.800362451482740393e-15 2.608495011934402827e-13 8.892455654599987101e-12 2.298001061859402954e-10 4.501689756604166083e-09 6.684943132365354602e-08 7.525176530196071989e-07 6.421440856701567766e-06 4.153795399071443374e-05 2.036828834108410130e-04 7.571131463422526740e-04 2.133358583314716971e-03 4.556839699082580915e-03 7.378370551948510749e-03 9.056366568126540326e-03 8.426444074710741014e-03
3.159883621326446381e-22 4.303469092910789921e-20 4.442864908350132144e-18 3.476997251327734352e-16 2.062730100233102042e-14 9.276353370037340496e-13 3.162343059965591167e-11 8.172171998412444295e-10 1.600894951053399628e-08 2.377305475789990831e-07 2.676110030750781896e-06 2.283598560051877194e-05 1.477176447427726075e-04 7.243388978328605104e-04 2.692452565344664438e-03 7.586668938712635805e-03 1.620507423089053572e-02 2.623902757022911550e-02 3.220633206127321291e-02 2.996619603727267503e-02
8.518344125536751116e-22 1.160119645534199147e-19 1.197697660039482396e-17 9.373212010232821594e-16 5.560662017201915288e-14 2.500698750509358800e-12 8.524974225627266033e-11 2.203035987329501984e-09 4.315657073529382579e-08 6.408687331909128127e-07 7.214198018522783345e-06 6.156074308501372817e-05 3.982139477670093683e-04 1.952656722421378024e-03 7.258253860521076371e-03 2.045197372153417445e-02 4.368527940299484630e-02 7.073458808866880942e-02 8.682111507767119318e-02 8.078220610910673283e-02
1.740748754788145409e-21 2.370738724108158153e-19 2.447530505460806121e-17 1.915443529249290751e-15 1.136337689530950129e-13 5.110251677904764797e-12 1.742103635303255189e-10 4.501969039030411745e-09 8.819172559978659243e-08 1.309634164626380837e-06 1.474242650034674191e-05 1.258011947977248635e-04 8.137619512653967253e-04 3.990311623938445039e-03 1.483245591330481158e-02 4.179421172008251917e-02 8.927215736138584268e-02 1.445482177301022353e-01 1.774215102530281585e-01 1.650808216022921771e-01
2.696583203082974145e-21 3.672496794694794442e-19 3.791454471476572381e-17 2.967201805096924427e-15 1.760293734630412209e-13 7.916259483317349664e-12 2.698682040166247194e-10 6.973972583956511550e-09 1.366172603881769374e-07 2.028746239686320165e-06 2.283740233285904352e-05 1.948778580976777506e-04 1.260593639980717683e-03 6.181367225213777426e-03 2.297686634344549284e-02 6.474315664478758059e-02 1.382909505932636007e-01 2.239187561642182744e-01 2.748425716795385165e-01 2.557256866962709374e-01
3.166564774001307087e-21 4.312568204614533207e-19 4.452258753922838556e-17 3.484348898498980426e-15 2.067091468048565552e-13 9.295966982612430380e-12 3.169029412795576018e-10 8.189450966675078110e-09 1.604279830012929993e-07 2.382331971301193562e-06 2.681768308659969569e-05 2.288426924781771649e-04 1.480299740104188896e-03 7.258704158710868604e-03 2.698145397364634657e-02 7.602709938808654977e-02 1.623933770006174282e-01 2.629450649611524971e-01 3.227442805700741491e-01 3.002955556401549209e-01
2.818770689099693273e-21 3.838904844049692358e-19 3.963252727019706881e-17 3.101651551967171335e-15 1.840056104224491367e-13 8.274960762705567053e-12 2.820964628617224601e-10 7.289976991537559724e-09 1.428076570257586860e-07 2.120672720022531517e-06 2.387220992752712133e-05 2.037081569492229410e-04 1.317713615949498958e-03 6.461457125844902519e-03 2.401799332659891942e-02 6.767679634786424869e-02 1.445571854242659326e-01 2.340649551972827924e-01 2.872962289023162086e-01 2.673131202794791217e-01
1.902076311575949852e-21 2.590451928032956035e-19 2.674360549442464195e-17 2.092961292159542383e-15 1.241650177983788059e-13 5.583855014112495251e-12 1.903556758496106942e-10 4.919198500664854346e-09 9.636507949751526873e-08 1.431007268863197767e-06 1.610871192314698624e-05 1.374600854572063631e-04 8.891790538446254057e-04 4.360122157101980860e-03 1.620708500154878148e-02 4.566757830795270534e-02 9.754564254796084521e-02 1.579445282202204814e-01 1.938644223573694758e-01 1.803800343969967634e-01
9.729554304554376610e-22 1.325075264001984695e-19 1.367996438281669008e-17 1.070597453186538297e-15 6.351323950795385050e-14 2.856269238932500994e-12 9.737127128324389533e-11 2.516282267741709143e-09 4.929293679373677678e-08 7.319928673671701506e-07 8.239973679227572141e-06 7.031396995089327431e-05 4.548353732288255087e-04 2.230301962325895258e-03 8.290293753274632568e-03 2.336000823944717544e-02 4.989682172933876392e-02 8.079222978980322989e-02 9.916607517625211643e-02 9.226850307960877962e-02
3.772721745359543882e-22 5.138097908964076396e-20 5.304528602984183141e-18 4.151337425880571108e-16 2.462782695993830934e-14 1.107543956384319517e-12 3.775658175540899871e-11 9.757109659718005197e-10 1.911377733379972325e-08 2.838367844734185327e-07 3.195123528552641060e-06 2.726487104472190420e-05 1.763664860101437628e-04 8.648195434857996198e-04 3.214635587547633351e-03 9.058052229122887794e-03 1.934793912137251423e-02 3.132791006073096934e-02 3.845253302551385893e-02 3.577793772293039881e-02
1.108953723784376007e-22 1.510292354935232881e-20 1.559212988457339435e-18 1.220244006274301652e-16 7.239102764346027138e-15 3.255514394078966600e-13 1.109816857989344313e-11 2.868004539117034308e-10 5.618303172232114399e-09 8.343097644981039469e-08 9.391745201717332267e-07 8.014235428503247309e-06 5.184115994037458429e-05 2.542050323031920999e-04 9.449098942442610673e-04 2.662523617617567739e-03 5.687132681489235828e-03 9.208525002661872849e-03 1.130273647666568335e-02 1.051656600860391769e-02
2.470978071523146020e-23 3.365243481845811542e-21 3.474248763207444152e-19 2.718955820015464629e-17 1.613021698250744742e-15 7.253958850370554562e-14 2.472901312905996284e-12 6.390506811233707103e-11 1.251874053894585515e-09 1.859014572670571946e-08 2.092674919525186964e-07 1.785737274615605771e-06 1.155128177737172138e-05 5.664213456522506268e-05 2.105454518223707475e-04 5.932652853713402119e-04 1.267210690978745093e-03 2.051849672770868216e-03 2.518483267880355665e-03 2.343308240699744534e-03
4.173699510963240262e-24 5.684192521301593611e-22 5.868312038489785745e-20 4.592555760454024929e-18 2.724535660898182123e-16 1.225257514635761314e-14 4.176948034983592143e-13 1.079412863280180778e-11 2.114525493666841463e-10 3.140039283329602912e-09 3.534712180931427331e-08 3.016267475485034248e-07 1.951113191202730494e-06 9.567355212872010074e-06 3.556298048265919744e-05 1.002077298848516254e-04 2.140430423959689481e-04 3.465754744854945228e-04 4.253939970030565405e-04 3.958053926482629661e-04
5.344047196700240223e-25 7.278097771335648411e-23 7.513846269065972235e-21 5.880354987913271712e-19 3.488523101073125250e-17 1.568832152177141617e-15 5.348206639812705172e-14 1.382091180963668176e-12 2.707459894297359221e-11 4.020538154586402255e-10 4.525881336696742589e-09 3.862059476137004541e-08 2.498225124377834761e-07 1.225013867694189592e-06 4.553520100223975171e-06 1.283069939683433567e-05 2.740628829854081040e-05 4.437587535959968733e-05 5.446787894542619909e-05 5.067932402571625241e-05
5.186999558117103832e-26 7.064213419964048761e-24 7.293033882909998404e-22 5.707546659152145853e-20 3.386004486435016010e-18 1.522728258299698190e-16 5.191036766021946257e-15 1.341475118214260820e-13 2.627894694495139186e-12 3.902385002158928228e-11 4.392877463363687247e-10 3.748563599609288722e-09 2.424808789904796445e-08 1.189013898369109651e-07 4.419703995564071529e-07 1.245363853500524504e-06 2.660088881361998545e-06 4.307178387635292159e-06 5.286720974244944763e-06 4.918999059165831173e-06
