5.324639018636485069e-12 1.824352437344077761e-10 4.738317210566301094e-09 9.329026813138950380e-08 1.392340225951222137e-06 1.575256277768663258e-05 1.350995452134786550e-04 8.783212182972419861e-04 4.328622188502826915e-03 1.617122082218740847e-02 4.579654902746928963e-02 9.831493995556581100e-02 1.599937813581320256e-01 1.973710750856535745e-01 1.845698375934515245e-01 1.308382639051071938e-01 7.030814423602649299e-02 2.864001997893904014e-02 8.843777702490888959e-03 2.070137240051421555e-03
7.516393955776561991e-12 2.575301646790458054e-10 6.688727389293103521e-09 1.316908817783319607e-07 1.965462376340448338e-06 2.223671261765924699e-05 1.907099056887408078e-04 1.239860255940930522e-03 6.110391622911286527e-03 2.282770081126427042e-02 6.464755697065882600e-02 1.387838345206327262e-01 2.258512336616673721e-01 2.786139587353326785e-01 2.605434108961127149e-01 1.846945741408174968e-01 9.924873940334519307e-02 4.042897036016215168e-02 1.248409836546182650e-02 2.922257637426663689e-03
8.043141671031377004e-12 2.755778384241971906e-10 7.157472360751753181e-09 1.409197582189178518e-07 2.103201672903126609e-06 2.379505796717728731e-05 2.040748261132218548e-04 1.326749469158686840e-03 6.538606914129098564e-03 2.442746252114813554e-02 6.917804767290960943e-02 1.485097839823240617e-01 2.416788528655988422e-01 2.981391814771696680e-01 2.788022524658456680e-01 1.976379410692989391e-01 1.062040755698927530e-01 4.326222629280967319e-02 1.335898203038329152e-02 3.127048996548734486e-03
6.524372094791582953e-12 2.235410530481506147e-10 5.805941863230000007e-09 1.143101757662298509e-07 1.706058511169870569e-06 1.930188706661088450e-05 1.655398046186366942e-04 1.076222148931574264e-03 5.303935481206666601e-03 1.981487599473172670e-02 5.611530198888279447e-02 1.204669928801035267e-01 1.960431418504853252e-01 2.418421850008540819e-01 2.261566077475231085e-01 1.603183830801836185e-01 8.614978267720747873e-02 3.509311081762555434e-02 1.083643346576518458e-02 2.536574891576219310e-03
4.011885633438274287e-12 1.374570803408764038e-10 3.570117462838292769e-09 7.029018965341374907e-08 1.049068252289207616e-06 1.186887600763944453e-05 1.017916750091339034e-04 6.617771204578386940e-04 3.261429950435140463e-03 1.218431677051131333e-02 3.450572263420861180e-02 7.407606295554741704e-02 1.205484072485580316e-01 1.487105844773621011e-01 1.390654046622714357e-01 9.858098350474112093e-02 5.297415144706869167e-02 2.157901865135523900e-02 6.663404708894341173e-03 1.559759041606280892e-03
1.870058472320668432e-12 6.407280794084321919e-11 1.664137270742425663e-09 3.276433495182667436e-08 4.890017195118164688e-07 5.532433913373454552e-06 4.744810835980966114e-05 3.084738758715657855e-04 1.520248897390571443e-03 5.679470176373375805e-03 1.608413719918211707e-02 3.452904239632084010e-02 5.619117564593373998e-02 6.931839883663726276e-02 6.482249544399532049e-02 4.595151015178647325e-02 2.469281773685266454e-02 1.005861840053209194e-02 3.106009883858524851e-03 7.270497908074199933e-04
6.607826746798031174e-13 2.264004149178048416e-11 5.880206919043139837e-10 1.157723419027965859e-08 1.727881073905977983e-07 1.954878167115029841e-06 1.676572599977821176e-05 1.089988338783377748e-04 5.371779265009566946e-04 2.006833235139956519e-03 5.683308493131446898e-03 1.220079121935646778e-02 1.985507720015066216e-02 2.449356406003340078e-02 2.290494257420078172e-02 1.623690501291818328e-02 8.725174314624575128e-03 3.554199437432006056e-03 1.097504462569555373e-03 2.569020768633685763e-04
1.769941565322102933e-13 6.064255618738340254e-12 1.575044721587526280e-10 3.101023799507686585e-09 4.628221425632149300e-08 5.236245222068222236e-07 4.490788947241738213e-06 2.919591781766881807e-05 1.438859668268849994e-04 5.375409637162814527e-04 1.522304430184379586e-03 3.268046868725809316e-03 5.318288109816876087e-03 6.560731504308888254e-03 6.135210783642077760e-03 4.349141431178796605e-03 2.337084381278324574e-03 9.520112370990437434e-04 2.939724119385609910e-04 6.881258868937288836e-05
3.593817578258070453e-14 1.231330393537934186e-12 3.198084907370220093e-11 6.296543377260718005e-10 9.397476075703393539e-09 1.063205164048113466e-07 9.118423215236132089e-07 5.928150664534591314e-06 2.921564909138751900e-05 1.091462115070331756e-04 3.090997198916643090e-04 6.635679117045142905e-04 1.079863746339134074e-03 1.332138454080880607e-03 1.245737644257132468e-03 8.830811836918688691e-04 4.745385438632787828e-04 1.933032584588815508e-04 5.969028821329810263e-05 1.397220652266597582e-05
5.531589559596272526e-15 1.895258788457875049e-13 4.922479424480452941e-12 9.691614237159624227e-11 1.446455737247322248e-09 1.636481111544904944e-08 1.403504033218862202e-07 9.124585655665814917e-07 4.496860955560232691e-06 1.679974096888999088e-05 4.757650454410687911e-05 1.021361060359366222e-04 1.662121934394725567e-04 2.050422149724752657e-04 1.917434370808783234e-04 1.359235005565739255e-04 7.304078177870255723e-05 2.975315978184312613e-05 9.187505150164357388e-06 2.150596407365894507e-06
6.454174265129488497e-16 2.211359025545281683e-14 5.743473856803981159e-13 1.130802756117783503e-11 1.687702475827203036e-10 1.909421182050700362e-09 1.637587083172484053e-08 1.064642726729461967e-07 5.246868723817745352e-07 1.960168133482504072e-06 5.551153930440969438e-06 1.191708495389145872e-05 1.939338502775800015e-05 2.392401267090908106e-05 2.237233156548949623e-05 1.585934657419848322e-05 8.522286930042001336e-06 3.471553268754684998e-06 1.071984077308572634e-06 2.509283061868012915e-07
5.708582026944145229e-17 1.955900765889104568e-15 5.079982393459123404e-14 1.000171365757718917e-12 1.492737509798708885e-11 1.688843064032512274e-10 1.448411494102533961e-09 9.416542047463107852e-09 4.640745549178384446e-08 1.733727680246076361e-07 4.909879444582968485e-07 1.054041217153073149e-06 1.715304307929867655e-06 2.116028838629375916e-06 1.978785893117284394e-06 1.402726004807235976e-06 7.537784385547993962e-07 3.070516193320447337e-07 9.481474756509763479e-08 2.219408339326532726e-08
3.827477300777366954e-18 1.311387967919080401e-16 3.406015225416978609e-15 6.705926587822721488e-14 1.000847304603233631e-12 1.132331717692773861e-11 9.711276968074163978e-11 6.313582036373763255e-10 3.111516689140444742e-09 1.162425854713252639e-08 3.291964980969970897e-08 7.067111961771616036e-08 1.150073393276906082e-07 1.418750279739737618e-07 1.326731936802735458e-07 9.404965921955666295e-08 5.053916804149543013e-08 2.058712825029600129e-08 6.357117973806411712e-09 1.488063935988607785e-09
1.945332404252426024e-19 6.665187819720311031e-18 1.731122425215967261e-16 3.408317088955675823e-15 5.086851051887188969e-14 5.755126444102434579e-13 4.935799820113367454e-12 3.208906221277759852e-11 1.581442231029761775e-10 5.908081237360279800e-10 1.673155879943285281e-09 3.591891165735212408e-09 5.845299301332789646e-09 7.210861556669082202e-09 6.743174225735449687e-09 4.780115865129820121e-09 2.568675750346356399e-09 1.046349972804996011e-09 3.231033555597950020e-10 7.563151305143237395e-11
7.495003462798472594e-21 2.567972737194138916e-19 6.669692307165337402e-18 1.313161099264927253e-16 1.959868974849358157e-15 2.217343037781097666e-14 1.901671748363548532e-13 1.236331805695431214e-12 6.093002394795749313e-12 2.276273671055554246e-11 6.446358003683014069e-11 1.383888772239223068e-10 2.252084960329376353e-10 2.778210665635023795e-10 2.598019447044717887e-10 1.841689619902975373e-10 9.896629286371687033e-11 4.031391577259153796e-11 1.244857055518535782e-11 2.913941344821283479e-12
2.189004598997898904e-22 7.500068758767883897e-21 1.947962693646896206e-19 3.835242638357341447e-18 5.724029642778429060e-17 6.476013161769061910e-16 5.554057744755037962e-15 3.610853579971769073e-14 1.779533569279110725e-13 6.648127061248830947e-13 1.882735263150925917e-12 4.041811190574292275e-12 6.577481064504136008e-12 8.114093548116060048e-12 7.587823736299401474e-12 5.378872828951340505e-12 2.890427887054779149e-12 1.177415693906388818e-12 3.635752582571300676e-13 8.510511084730368406e-14
4.846389662052336122e-24 1.660492431757084031e-22 4.312730208459039868e-21 8.491110654818372275e-20 1.267282768558008199e-18 1.433769634512439271e-17 1.229651506851331804e-16 7.994320098354789055e-16 3.939833245383563276e-15 1.471875128832374804e-14 4.168318659491703413e-14 8.948447152159514351e-14 1.456234319834275370e-13 1.796435654201805013e-13 1.679921117110101828e-13 1.190866098849579705e-13 6.399319506748831215e-14 2.606762566647133003e-14 8.049445733471786167e-15 1.884201292162700721e-15
8.133674801925314672e-26 2.786797264100064208e-24 7.238036449836406255e-23 1.425059427520490558e-21 2.126875187574034134e-20 2.406289374400196315e-19 2.063718803863312579e-18 1.341683283365572530e-17 6.612205090044975782e-17 2.470241660653984208e-16 6.995671172000913268e-16 1.501814014002702430e-15 2.443991758582408846e-15 3.014950186170904840e-15 2.819404342669857557e-15 1.998625421418977293e-15 1.073995024153095110e-15 4.374918337449792460e-16 1.350934994857160642e-16 3.162246876642783933e-17
1.034789704249980850e-27 3.545444324919569282e-26 9.208439948329304443e-25 1.813001944943158690e-23 2.705872314695168036e-22 3.061351149035419910e-21 2.625522931159413759e-20 1.706928395591088531e-19 8.412239136912921109e-19 3.142713102875771323e-18 8.900095810803000675e-18 1.910651356531333915e-17 3.109317215945540849e-17 3.835707091138830929e-17 3.586927996213786705e-17 2.542709241642025554e-17 1.366367626532429984e-17 5.565898026136819151e-18 1.718698691344639497e-18 4.023102213862810265e-19
9.979624782691510056e-30 3.419265180674145325e-28 8.880719931870738219e-27 1.748478851936076452e-25 2.609572775958689209e-24 2.952400441361059168e-23 2.532082954025391651e-22 1.646180363890214261e-21 8.112855184378956141e-21 3.030866797141230344e-20 8.583349482221211831e-20 1.842653009631907493e-19 2.998659439503239990e-19 3.699197758603484365e-19 3.459272485774350154e-19 2.452216528522747042e-19 1.317739843371732989e-19 5.367812769245590975e-20 1.657531765505375026e-20 3.879923659065282728e-21
