2.423947584835159258e-19 7.638300123324635238e-19 1.824597318245963229e-18 3.303955316722781919e-18 4.535217477410622348e-18 4.719096839230305162e-18 3.722343783967180041e-18 2.225721860673015945e-18 1.008839600485683307e-18 3.466332116126644971e-19 9.028488306792382461e-20 1.782611599845957698e-20 2.668057813715359322e-21 3.027126452568905719e-22 2.603530739970110884e-23 1.697429227090374368e-24 8.389140369697477227e-26 3.142968772638780052e-27 8.926053598128499383e-29 1.921656388241526534e-30
2.160638222289239184e-17 6.808564386054635333e-17 1.626394370386836029e-16 2.945052189539179310e-16 4.042564405844590434e-16 4.206469260851913306e-16 3.317991818988605151e-16 1.983945426229947558e-16 8.992510459406680433e-17 3.089790269438228718e-17 8.047738757714791461e-18 1.588969490190223291e-18 2.378231166241532769e-19 2.698294780812267497e-20 2.320713560341675312e-21 1.513040335784221737e-22 7.477842115200098475e-24 2.801553343855289358e-25 7.956431359727817711e-27 1.712910076322169962e-28
1.459949064618765967e-15 4.600565288660532120e-15 1.098959055362682771e-14 1.989979694432888152e-14 2.731571654194243931e-14 2.842322606059224847e-14 2.241976006243506498e-14 1.340557266551651076e-14 6.076263531002051363e-15 2.087779604748027028e-15 5.437878748240090714e-16 1.073670963042153655e-16 1.606977202746495854e-17 1.823245048927591608e-18 1.568112401565835156e-19 1.022365428960237289e-20 5.052798052367200261e-22 1.893017138013742991e-23 5.376182093562427463e-25 1.157417950818718935e-26
7.478081141106057156e-14 2.356479507217820188e-13 5.629035413575463631e-13 1.019297863518853958e-12 1.399152543595340858e-12 1.455880865464386857e-12 1.148374206841239346e-12 6.866538194050176806e-13 3.112354589674831389e-13 1.069392464943903184e-13 2.785364195253910815e-14 5.499505958843369022e-15 8.231181624945182919e-16 9.338938423554308595e-17 8.032110202657015638e-18 5.236711210622130065e-19 2.588120006439505907e-20 9.696321674939840331e-22 2.753762230432292347e-23 5.928470766653207366e-25
2.903617876769161299e-12 9.149828537947400065e-12 2.185663346975523096e-11 3.957768633984366103e-11 5.432682878471133663e-11 5.652949770993394972e-11 4.458951184516891521e-11 2.666165648051980419e-11 1.208476914719294353e-11 4.152277863668766757e-12 1.081511836799324660e-12 2.135369156095341899e-13 3.196034605956370418e-14 3.626158642171132947e-15 3.118738394588398178e-16 2.033330208608957240e-17 1.004925110616031978e-18 3.764924774551909723e-20 1.069241305326660328e-21 2.301929248311360675e-23
8.546446324145138986e-11 2.693140826151335243e-10 6.433234423519413796e-10 1.164921096000735888e-09 1.599044178244913509e-09 1.663877061007793411e-09 1.312438088542826887e-09 7.847534548075593145e-10 3.557004924184128951e-10 1.222172523757416323e-10 3.183298648242850926e-11 6.285199585253418736e-12 9.407139427144397391e-13 1.067315725188806672e-13 9.179627423308959998e-15 5.984860344803845323e-16 2.957874927820030348e-17 1.108159849737355964e-18 3.147181830172923364e-20 6.775448973527877589e-22
1.906902537360659238e-09 6.008997049860075081e-09 1.435397892921555824e-08 2.599198438201106539e-08 3.567823730703674751e-08 3.712480332940403581e-08 2.928341706307307640e-08 1.750959752648731752e-08 7.936470268547006546e-09 2.726939125635488769e-09 7.102648328067804605e-10 1.402368023195504696e-10 2.098942339607043325e-11 2.381419115425209587e-12 2.048179343978307441e-13 1.335355648933673821e-14 6.599677797215526689e-16 2.472551454860689702e-17 7.022063662340314199e-19 1.511753581471223391e-20
3.225286087951290147e-08 1.016346363159120281e-07 2.427795214496000231e-07 4.396217634781629148e-07 6.034525633820908452e-07 6.279194104067000682e-07 4.952922124270144687e-07 2.961528457871302067e-07 1.342354244282091024e-07 4.612274960195697870e-08 1.201323737910308112e-08 2.371929339220736362e-09 3.550097288515041640e-10 4.027871268760867173e-11 3.464238058493402757e-12 2.258586326563980354e-13 1.116252591167137490e-14 4.182010172446282573e-16 1.187693854044674368e-17 2.556941269519895036e-19
4.135278937105737205e-07 1.303101676492084221e-06 3.112781359649426842e-06 5.636580970587004589e-06 7.737126589230828124e-06 8.050826628232710965e-06 6.350355899941060819e-06 3.797103859786148381e-06 1.721090495894652991e-06 5.913597422036036784e-07 1.540269177541759514e-07 3.041153302159648272e-08 4.551733440551182266e-09 5.164308146586862081e-10 4.441649604332447005e-11 2.895831318271603995e-12 1.431195777015630525e-13 5.361936308683870370e-15 1.522793713310749046e-16 3.278365108373516606e-18
4.019186831958647933e-06 1.266518940685019428e-05 3.025394427256126247e-05 5.478341935044357821e-05 7.519917707509796178e-05 7.824811061771340794e-05 6.172078643177980389e-05 3.690505541450405356e-05 1.672773315395847648e-05 5.747581541569935957e-06 1.497028299711365880e-06 2.955777226133725549e-07 4.423949964461957516e-08 5.019327502358525507e-09 4.316956576187282933e-10 2.814534951327062814e-11 1.391016980576893225e-12 5.211407533429016148e-14 1.480043434412584053e-15 3.186329646519478966e-17
2.961204493638271314e-05 9.331294451437060925e-05 2.229010978485212362e-04 4.036261919139172948e-04 5.540427712940194623e-04 5.765063095286864945e-04 4.547384278814607813e-04 2.719042943274726631e-04 1.232444289228138258e-04 4.234628794341243111e-05 1.102961149494173950e-05 2.177719317406170091e-06 3.259420639575384387e-07 3.698075201889283738e-08 3.180591434715019691e-09 2.073656660869900058e-10 1.024855500833760863e-11 3.839593442997506132e-13 1.090447260105736923e-14 2.347582747948106300e-16
1.653847359003360849e-04 5.211574113758946775e-04 1.244913658572742617e-03 2.254272249537384986e-03 3.094356286599128040e-03 3.219816258928256784e-03 2.539736615977740072e-03 1.518598935133505913e-03 6.883262325306055114e-04 2.365061130673931373e-04 6.160092584261346485e-05 1.216267012116303940e-05 1.820402551807447721e-06 2.065393294917618087e-07 1.776376050918794591e-08 1.158147503634835518e-09 5.723868672546426608e-11 2.144431932678183556e-12 6.090201892955192596e-14 1.311136578401431028e-15
7.001954234124013049e-04 2.206443250861786845e-03 5.270636625144869448e-03 9.543995119373335431e-03 1.310068972501650560e-02 1.363185421228358535e-02 1.075257607964592507e-02 6.429348020486010118e-03 2.914192021463638503e-03 1.001304606965896550e-03 2.608020995296520721e-04 5.149354267158716783e-05 7.707105063867273351e-06 8.744331360298394581e-07 7.520708451971517676e-08 4.903291572024452683e-09 2.423335277534815652e-10 9.078960140466182837e-12 2.578431116928796980e-13 5.551007030168192235e-15
2.247190710925437481e-03 7.081307034765340139e-03 1.691545712619288433e-02 3.063027329263406928e-02 4.204504524365333673e-02 4.374975204670969453e-02 3.450906457934359295e-02 2.063419820502516988e-02 9.352739280372347405e-03 3.213563437211057732e-03 8.370121195546588585e-04 1.652621638117718231e-04 2.473500158461930661e-05 2.806385124648690196e-06 2.413678468574447474e-07 1.573650855915777139e-08 7.777395200035113575e-10 2.913780097717301342e-11 8.275156136390250616e-13 1.781527130480648792e-14
5.467104982666386170e-03 1.722784309553008347e-02 4.115297357232500924e-02 7.451922924228802925e-02 1.022897946446868489e-01 1.064371111192804614e-01 8.395579333415351120e-02 5.020015758856614246e-02 2.275392438777302032e-02 7.818156507266749156e-03 2.036335014701502830e-03 4.020600453841700374e-04 6.017684647416659296e-05 6.827547846141296514e-06 5.872146728776591529e-07 3.828475435363183109e-08 1.892132957098557411e-09 7.088824999665533213e-11 2.013231325923834984e-12 4.334209733269615702e-14
1.008258090447564440e-02 3.177204797987572688e-02 7.589541207243256926e-02 1.374303511925782373e-01 1.886455689944062930e-01 1.962941607123506738e-01 1.548335145154270120e-01 9.258047026879837049e-02 4.196339456831724851e-02 1.441845286642446516e-02 3.755463375852527170e-03 7.414898650923554052e-04 1.109797461500508937e-04 1.259154593814367632e-05 1.082956970161675956e-06 7.060576564787428411e-08 3.489522093037715506e-09 1.307340023712850784e-10 3.712854936462535273e-12 7.993265253037728421e-14
1.409557630618398991e-02 4.441772706284750211e-02 1.061027511003033857e-01 1.921293784174593622e-01 2.637289041145997048e-01 2.744217325894274806e-01 2.164592220269765943e-01 1.294286746121689202e-01 5.866535917818992835e-02 2.015718044033616707e-02 5.250185550795897702e-03 1.036612259568565333e-03 1.551510962440747681e-04 1.760314132516804027e-05 1.513987614267658805e-06 9.870775814001910739e-08 4.878396255932253636e-09 1.827677976200801206e-10 5.190618410755152004e-12 1.117468645947076205e-13
1.493794230733881505e-02 4.707217568655525097e-02 1.124435596074856852e-01 2.036112258202416592e-01 2.794896121213022444e-01 2.908214549200369703e-01 2.293950456720129927e-01 1.371634640737385558e-01 6.217126081312791125e-02 2.136179408033561655e-02 5.563941988395720503e-03 1.098561264339498276e-03 1.644230838293266668e-04 1.865512298549502486e-05 1.604465056603172088e-06 1.046066343336010021e-07 5.169934186478270275e-09 1.936901874164843949e-10 5.500815055376926772e-12 1.184249710747482025e-13
1.200039490882687590e-02 3.781542904867301463e-02 9.033152575379248261e-02 1.635710640355605983e-01 2.245279603685913783e-01 2.336313954891537648e-01 1.842844939118624681e-01 1.101902592794781477e-01 4.994527803007170474e-02 1.716099578180364446e-02 4.469792407602829303e-03 8.825291149462677343e-04 1.320892729053912398e-04 1.498659174688938727e-05 1.288946891111768971e-06 8.403573238261452927e-08 4.153266267463343325e-09 1.556009985271248313e-10 4.419079390373109912e-12 9.513669223807270684e-14
7.307976088842447170e-03 2.302876308460051133e-02 5.500990886489955795e-02 9.961117395554523746e-02 1.367325807289315465e-01 1.422763721368679735e-01 1.122251963609734449e-01 6.710344002474967484e-02 3.041557385131362506e-02 1.045066831441525054e-02 2.722005091084475463e-03 5.374407858020310066e-04 8.043945681113828035e-05 9.126504166871418882e-06 7.849402566830557482e-07 5.117590942017963554e-08 2.529247645916442791e-09 9.475757966930105236e-11 2.691121980976555900e-12 5.793614937921779022e-14
