5.189263740582372570e-30 5.495051267175407267e-28 4.410974759754145123e-26 2.684072337532253789e-24 1.238085619041408841e-22 4.329163233270389450e-21 1.147503617059088104e-19 2.305690362723964095e-18 3.511920894247939719e-17 4.054947959184709319e-16 3.549136186524025053e-15 2.354815377155190157e-14 1.184371317652409617e-13 4.515602648002964342e-13 1.305089741983300841e-12 2.859314012677335078e-12 4.748759206536623534e-12 5.978541715195848934e-12 5.705677212096631498e-12 4.127774395469521289e-12
1.817636597749040833e-28 1.924744393239173607e-26 1.545026338201993233e-24 9.401464939141619007e-23 4.336626243752815503e-21 1.516370322225842486e-19 4.019345854604624147e-18 8.076111363524582306e-17 1.230115921043590899e-15 1.420321298172195966e-14 1.243151272611465785e-13 8.248180906640753192e-13 4.148481865459531441e-12 1.581674211259402184e-11 4.571320705525503114e-11 1.001528165403230824e-10 1.663341652920101651e-10 2.094095957722456443e-10 1.998520066448893357e-10 1.445830118400339068e-10
4.826198635883520547e-27 5.110591840293647749e-25 4.102362383695878880e-23 2.496282112760198484e-21 1.151463372153467323e-19 4.026274773342288168e-18 1.067218909690725961e-16 2.144373506461891327e-15 3.266210521658348702e-14 3.771244879336114477e-13 3.300822058438059368e-12 2.190061505663322717e-11 1.101507173923701728e-10 4.199670016682973816e-10 1.213779574009185060e-09 2.659263062624238103e-09 4.416513854459497431e-09 5.560255040575908184e-09 5.306481411315220417e-09 3.838976038326047469e-09
9.714045782657193593e-26 1.028646495069062813e-23 8.257127196543040984e-22 5.024451034710004156e-20 2.317635215216114412e-18 8.103980053992315623e-17 2.148070175100742452e-15 4.316138640048888441e-14 6.574142702557362593e-13 7.590662585477304062e-12 6.643807894202481221e-11 4.408098244168952056e-10 2.217084692259330897e-09 8.452985442991999274e-09 2.443063628652514880e-08 5.352494807485702093e-08 8.889443021050767195e-08 1.119153522314920924e-07 1.068074633129950689e-07 7.726990082329327158e-08
1.482149182578092907e-24 1.569487725238400822e-22 1.259855532763593950e-20 7.666204340208467163e-19 3.536200278034029770e-17 1.236488655849036544e-15 3.277481417505792194e-14 6.585475815507504036e-13 1.003069210374029944e-11 1.158167729287129661e-10 1.013698582436005345e-09 6.725785893436223953e-09 3.382782352338984725e-08 1.289739182312974549e-07 3.727576378791877624e-07 8.166726800723754190e-07 1.356332984424216170e-06 1.707581491163935449e-06 1.629646369643649532e-06 1.178968299157087076e-06
1.714275076613817376e-23 1.815292092087190372e-21 1.457167041845234248e-19 8.866842276827021852e-18 4.090020136842158756e-16 1.430140575694740390e-14 3.790782179107015933e-13 7.616856110618071308e-12 1.160164285535601969e-10 1.339553464788097647e-09 1.172458370247243499e-08 7.779140766183282525e-08 3.912574755893850297e-07 1.491730901018740833e-06 4.311368489386588660e-06 9.445753758500037027e-06 1.568754251001419753e-05 1.975013329290924421e-05 1.884872446048184216e-05 1.363611703274870400e-05
1.503024025607398308e-22 1.591592659266556042e-20 1.277599553942543564e-18 7.774176475613883406e-17 3.586004728619568584e-15 1.253903573929995866e-13 3.323642027332434172e-12 6.678226785206010938e-11 1.017196608992335565e-09 1.174479562019385572e-08 1.027975686951603233e-07 6.820513014312079073e-07 3.430426038573399398e-06 1.307904089932251444e-05 3.780076203169641509e-05 8.281748380219366372e-05 1.375435810562180953e-04 1.731631361451471261e-04 1.652598588326792200e-04 1.195573090679228462e-04
9.989601268779689973e-22 1.057825808337588897e-19 8.491354700667046665e-18 5.166978162782600479e-16 2.383378893254320758e-14 8.333863278064731095e-13 2.209003851404987050e-11 4.438573278276966384e-10 6.760629479413594923e-09 7.805984683553789892e-08 6.832270843106806415e-07 4.533141473501494163e-06 2.279976083119454114e-05 8.692768800518300650e-05 2.512365297687607656e-04 5.504327456995952847e-04 9.141607242615066870e-04 1.150900221865970964e-03 1.098372392820628693e-03 7.946179342503612757e-04
5.033003175198184055e-21 5.329582742014732837e-19 4.278150250476609681e-17 2.603248798401868452e-15 1.200804037588447742e-13 4.198802255627085068e-12 1.112949666258747673e-10 2.236260767758014845e-09 3.406168947159955719e-08 3.932844228794120376e-07 3.442263602115834248e-06 2.283906515974750057e-05 1.148707196310137720e-04 4.379627554405561584e-04 1.265790513585142874e-03 2.773213547068361599e-03 4.605763237246478237e-03 5.798514190041657163e-03 5.533866259400307790e-03 4.003477695001166937e-03
1.922219923426679763e-20 2.035490496158551003e-18 1.633924192101301531e-16 9.942407210437718684e-15 4.586147405108313160e-13 1.603619363895484331e-11 4.250611310550963200e-10 8.540795330598283810e-09 1.300894433179115954e-07 1.502043863110417686e-06 1.314679813889246174e-05 8.722765425391980918e-05 4.387177559934676775e-04 1.672680713525543728e-03 4.834345736334723538e-03 1.059154176250180247e-02 1.759047143234261645e-02 2.214586225038787937e-02 2.113511080187045060e-02 1.529020411957623601e-02
5.565135764675648893e-20 5.893072286253105085e-18 4.730473265526195205e-16 2.878486757911637079e-14 1.327763417452498288e-12 4.642735914958177993e-11 1.230620322773095929e-09 2.472697581260943130e-08 3.766298563406154652e-07 4.348658507194090732e-06 3.806209457203807623e-05 2.525380849720284507e-04 1.270158447908020100e-03 4.842679626964804633e-03 1.399620825286381452e-02 3.066421648594628777e-02 5.092724328396527195e-02 6.411583219338924666e-02 6.118954422457312248e-02 4.426759953843063811e-02
1.221364442979417675e-19 1.293335734237287462e-17 1.038183449476935532e-15 6.317332630078756839e-14 2.914004429251933352e-12 1.018927983871732815e-10 2.700807255383309888e-09 5.426758720178936443e-08 8.265787828909925373e-07 9.543876555644756381e-06 8.353379127007989598e-05 5.542381183955301166e-04 2.787580448749743534e-03 1.062809058973669327e-02 3.071707828780928518e-02 6.729787964111033638e-02 1.117685655052886307e-01 1.407131846991061530e-01 1.342909441174538476e-01 9.715283568727524355e-02
2.031943372632616298e-19 2.151679614449592453e-17 1.727191250627456552e-15 1.050993603439999412e-13 4.847932180993021247e-12 1.695156573387296274e-10 4.493243138753027722e-09 9.028317861820752497e-08 1.375151609749611336e-06 1.587782977303600160e-05 1.389723882480628600e-04 9.220675106497635155e-04 4.637604812450507076e-03 1.768160057523341516e-02 5.110298077885255807e-02 1.119612424571670289e-01 1.859456423941042991e-01 2.340998419717346402e-01 2.234153740699942881e-01 1.616299391569488708e-01
2.562564162351640505e-19 2.713568273168624427e-17 2.178229206580097112e-15 1.325449606180094602e-13 6.113919037235933609e-12 2.137829007955576054e-10 5.666606656061929328e-09 1.138596877778445081e-07 1.734258090263056960e-06 2.002415918687041490e-05 1.752635759821898054e-04 1.162855810788917740e-03 5.848666873101811096e-03 2.229896589510001192e-02 6.444799047896952737e-02 1.411987515780897817e-01 2.345034048499232415e-01 2.952325707146624678e-01 2.817579656112127462e-01 2.038379096707038374e-01
2.449823042646259258e-19 2.594183662235301051e-17 2.082397069639790541e-15 1.267135876943875432e-13 5.844934522360987291e-12 2.043774295243761616e-10 5.417301843046764509e-09 1.088503815220355947e-07 1.657958654788648229e-06 1.914318763460499983e-05 1.675527790819207326e-04 1.111695465970880588e-03 5.591352242020661278e-03 2.131791323689899431e-02 6.161257323708743683e-02 1.349866513747888519e-01 2.241863260325704654e-01 2.822436859542805099e-01 2.693619019357696986e-01 1.948699725894365020e-01
1.775380729725883546e-19 1.879998515454941127e-17 1.509108031363213118e-15 9.182902514625900587e-14 4.235809663338083917e-12 1.481118201813252637e-10 3.925905313089407231e-09 7.888360359644056194e-08 1.201518556709508709e-06 1.387302096534005209e-05 1.214250866351307883e-04 8.056429681861466746e-04 4.052039208868900809e-03 1.544903925708725721e-02 4.465048018970119853e-02 9.782449403453989667e-02 1.624672787289735687e-01 2.045413045787858042e-01 1.952059074040367326e-01 1.412217895394554945e-01
9.753154580340129354e-20 1.032787831085282014e-17 8.290370432594886531e-16 5.044679500107476159e-14 2.326966026369637274e-12 8.136606718870035464e-11 2.156718316541116491e-09 4.333515436146184735e-08 6.600610234484374545e-07 7.621222631618401406e-06 6.670555898545050318e-05 4.425845270099739532e-04 2.226010686496486882e-03 8.487017205339342230e-03 2.452899415235897801e-02 5.374043978779351194e-02 8.925231963825240589e-02 1.123659240082740957e-01 1.072374707030354091e-01 7.758098983665498438e-02
4.061584871874472945e-20 4.300921713111761423e-18 3.452425864256993340e-16 2.100796595841226321e-14 9.690372414603090365e-13 3.388392800045442856e-11 8.981396137220350122e-10 1.804640805444103027e-08 2.748745388242029969e-07 3.173767245334603513e-06 2.777873425602855122e-05 1.843090463318319122e-04 9.269955945463690707e-04 3.534317066811273021e-03 1.021480698894493278e-02 2.237956503734314997e-02 3.716806375171683580e-02 4.679344855111349649e-02 4.465776535352945775e-02 3.230767769238168663e-02
1.282161634256906680e-20 1.357715519052883904e-18 1.089862240456800423e-16 6.631797393223055983e-15 3.059058009030701474e-13 1.069648274518408465e-11 2.835248286684826925e-10 5.696892413544558202e-09 8.677242973672008665e-08 1.001895251828437950e-06 8.769194399441467165e-06 5.818270342928750155e-05 2.926340884030299090e-04 1.115713665801949762e-03 3.224611582847469998e-03 7.064783966707023286e-03 1.173321914114587063e-02 1.477176185145745273e-02 1.409756910521414025e-02 1.019889184538741271e-02
3.068222437745393714e-21 3.249023452528681959e-19 2.608048541523446998e-17 1.586994105954619542e-15 7.320348831925927513e-14 2.559676368943230258e-12 6.784770482410605619e-11 1.363270640896178793e-09 2.076470772346829068e-08 2.397542875873207867e-07 2.098474817717605810e-06 1.392316470722417991e-05 7.002755753237919025e-05 2.669911196880191584e-04 7.716519779692541242e-04 1.690608118767901675e-03 2.807768168536096953e-03 3.534893725309519365e-03 3.373558893871685897e-03 2.440602492235096482e-03
