9.130803768446239714e-28 2.717307321600548187e-26 6.130068505949695809e-25 1.048307556604424367e-23 1.358967041853833885e-22 1.335444830992134389e-21 9.948092117568934133e-21 5.617595499468100899e-20 2.404683645349682691e-19 7.803011636994654051e-19 1.919390667918095148e-18 3.578996903809522051e-18 5.058899896525662124e-18 5.420603840232112419e-18 4.402872107188471224e-18 2.710948652974639641e-18 1.265328624064427345e-18 4.476949472969715309e-19 1.200764590939830644e-19 2.441351832215010033e-20
8.075736666803971581e-26 2.403321649278924589e-24 5.421737259823104729e-23 9.271753054439628965e-22 1.201937994418716399e-20 1.181133782045149347e-19 8.798587103166483191e-19 4.968480662250320679e-18 2.126821732159384824e-17 6.901371312582579759e-17 1.697604503164697347e-16 3.165442742987650065e-16 4.474342503038498730e-16 4.794251448055157795e-16 3.894118920630459071e-16 2.397697726711257134e-16 1.119119523762644273e-16 3.959636624678285860e-17 1.062015883942578493e-17 2.159252899084345823e-18
5.414422080641739597e-24 1.611320222739512837e-22 3.635033576031910498e-21 6.216297848166864367e-20 8.058459413732344281e-19 7.918976427234188893e-18 5.899061132795432153e-17 3.331145196389404127e-16 1.425939332015121887e-15 4.627062367592397562e-15 1.138168279299462277e-14 2.122288503176563136e-14 2.999847548817260047e-14 3.214332261130025949e-14 2.610833455624638400e-14 1.607549632911415109e-14 7.503198420579225470e-15 2.654760160779323717e-15 7.120343925586018669e-16 1.447682986314957068e-16
2.751812801217523411e-22 8.189334983041661700e-21 1.847460685258312080e-19 3.159356204594053088e-18 4.095611949442294690e-17 4.024721453267276177e-16 2.998124582571738081e-15 1.693013189147630911e-14 7.247159621389727025e-14 2.351647002308226866e-13 5.784598973386206797e-13 1.078626783050102714e-12 1.524635272903941446e-12 1.633644465060932037e-12 1.326923689736305680e-12 8.170171428367570137e-13 3.813407443362413319e-13 1.349248892271244563e-13 3.618826399506831785e-14 7.357669044845024013e-15
1.060187024241874304e-20 3.155093501400007265e-19 7.117685641411563735e-18 1.217200694606361723e-16 1.577910620667043548e-15 1.550598739512358830e-14 1.155083215724849141e-13 6.522647958503978021e-13 2.792102932949350948e-12 9.060157131115094232e-12 2.228624261546243594e-11 4.155610145005194419e-11 5.873940743058741616e-11 6.293918915254163849e-11 5.112220124112920154e-11 3.147710385806242385e-11 1.469186089915501368e-11 5.198232116028364513e-12 1.394220126472111447e-12 2.834678742158446316e-13
3.096299066751065798e-19 9.214518609000105992e-18 2.078735440540739956e-16 3.554860876979189873e-15 4.608321994585483278e-14 4.528557056704855591e-13 3.373445440370442460e-12 1.904953402075784928e-11 8.154396826112842120e-11 2.646038427960376024e-10 6.508745215117907743e-10 1.213654904233696648e-09 1.715497060897288982e-09 1.838152591750855219e-09 1.493034911518171021e-09 9.192956060694939549e-10 4.290789657930360671e-10 1.518154899238038893e-10 4.071849945086916720e-11 8.278740395036004478e-12
6.854884452489281460e-18 2.039998688378838978e-16 4.602104300975392975e-15 7.870092659342650303e-14 1.020234612733813447e-12 1.002575484182471404e-11 7.468457730338306216e-11 4.217368922410913779e-10 1.805298739485202008e-09 5.858054176771493864e-09 1.440968569846254129e-08 2.686905868704906586e-08 3.797932266076331046e-08 4.069478868434148946e-08 3.305424179431325277e-08 2.035224964202123770e-08 9.499362523114259546e-09 3.361037222472520844e-09 9.014652745005554119e-10 1.832827113812194271e-10
1.150414096828137563e-16 3.423607304962976907e-15 7.723435310412782972e-14 1.320790394266039427e-12 1.712198489552611946e-11 1.682562234464765451e-10 1.253386415787976393e-09 7.077757026385136738e-09 3.029724473525833554e-08 9.831220572206210622e-08 2.418291026386938256e-07 4.509272781521362769e-07 6.373841671548570867e-07 6.829562029000807242e-07 5.547294922868483446e-07 3.415595850320183476e-07 1.594220972390442825e-07 5.640626953664230833e-08 1.512875040818369735e-08 3.075923691190303348e-09
1.463541596460957994e-15 4.355467926354364019e-14 9.825652237337835765e-13 1.680292068346576993e-11 2.178236269676213433e-10 2.140533417977881496e-09 1.594541618537602762e-08 9.004228865343883472e-08 3.854375398429458632e-07 1.250714876588994432e-06 3.076517854939214981e-06 5.736637184594243215e-06 8.108717062218968421e-06 8.688478472761767811e-06 7.057195221997999933e-06 4.345275859732267947e-06 2.028146832933326714e-06 7.175930996992730001e-07 1.924659614820435007e-07 3.913149432025124607e-08
1.411408619558695792e-14 4.200321322149740361e-13 9.475651593435840024e-12 1.620438198938298417e-10 2.100645074858604084e-09 2.064285240606090212e-08 1.537742275375831852e-07 8.683488234127987363e-07 3.717078266523640949e-06 1.206163023788777709e-05 2.966928872529171510e-05 5.532291797647765898e-05 7.819875555879948466e-05 8.378985221164713748e-05 6.805810091303524339e-05 4.190492308258814044e-05 1.955901990524080633e-05 6.920316366139024276e-06 1.856101102041042854e-06 3.773758703775134876e-07
1.031804172519696730e-13 3.070626752635675671e-12 6.927134152338473117e-11 1.184614343291744780e-09 1.535667504921246081e-08 1.509086805204681514e-07 1.124159845707054290e-06 6.348026551517255389e-06 2.717354004951833151e-05 8.817602666146070881e-05 2.168960531927259180e-04 4.044358013198352743e-04 5.716686234822968265e-04 6.125420939672141006e-04 4.975358058801748881e-04 3.063441294502670812e-04 1.429853698564854860e-04 5.059067376229536747e-05 1.356894690286893288e-05 2.758789993683868749e-06
5.717927094058552697e-13 1.701642653931161162e-11 3.838795103639544143e-10 6.564751946076248810e-09 8.510175736556153501e-08 8.362874041974670829e-07 6.229732551016946445e-06 3.517872284242072682e-05 1.505870251631107309e-04 4.886431992834099547e-04 1.201968214682112889e-03 2.241253222039889421e-03 3.168003772508672881e-03 3.394511408878451292e-03 2.757183524233331514e-03 1.697660703980171173e-03 7.923789631125722739e-04 2.803572537467949105e-04 7.519474256853252755e-05 1.528832744800856801e-05
2.402020816997175369e-12 7.148361653789066100e-11 1.612623875654226612e-09 2.757760036724304773e-08 3.575005231660412842e-07 3.513125859828028678e-06 2.617023096957029772e-05 1.477808709220370688e-04 6.325949304028762651e-04 2.052721410146104552e-03 5.049299554790371777e-03 9.415189817820145829e-03 1.330833864216017688e-02 1.425986539096112289e-02 1.158254051257806387e-02 7.131634041636644196e-03 3.328672669374793842e-03 1.177741423803233770e-03 3.158825462570842937e-04 6.422411510868026479e-05
7.649124673078026761e-12 2.276362848779885553e-10 5.135326466937926761e-09 8.781959835679997561e-08 1.138443952291061655e-06 1.118738751299948728e-05 8.333789532254760532e-05 4.706013777981517200e-04 2.014469423399009931e-03 6.536796798011493791e-03 1.607926190023287183e-02 2.998223838344269906e-02 4.237979152598862764e-02 4.540988463752369808e-02 3.688406685935514961e-02 2.271036017724494677e-02 1.060000482249990987e-02 3.750463326367564805e-03 1.005913421429193181e-03 2.045187368936060535e-04
1.846475423697283238e-11 5.495070658847289666e-10 1.239652184940450015e-08 2.119938385309985293e-07 2.748169063789566328e-06 2.700601308125753845e-05 2.011751437616701547e-04 1.136017408005849175e-03 4.862867898058603928e-03 1.577962858902432972e-02 3.881484901725993503e-02 7.237621125108789633e-02 1.023035273429047515e-01 1.096180799238767323e-01 8.903701520451361151e-02 5.482211850747878423e-02 2.558808913744991392e-02 9.053504362387375728e-03 2.428244394516890919e-03 4.937020083994685636e-04
3.378875136929582810e-11 1.005545884151140925e-09 2.268446085108802573e-08 3.879286455707983657e-07 5.028889094621338342e-06 4.941844607124087853e-05 3.681314588327714221e-04 2.078804259059251116e-03 8.898587668187107544e-03 2.887522575452293114e-02 7.102749736332053532e-02 1.324416114955862533e-01 1.872057653857006621e-01 2.005907038129463305e-01 1.629293047066696920e-01 1.003192844060810940e-01 4.682377955236822348e-02 1.656705548287290899e-02 4.443457251433661701e-03 9.034279145145255718e-04
4.687028281519677853e-11 1.394849411826705189e-09 3.146689512080993633e-08 5.381177046554622979e-07 6.975855708161777621e-06 6.855111389974059279e-05 5.106559103081342605e-04 2.883626638777842498e-03 1.234373286261049828e-02 4.005445429679249658e-02 9.852624776480035929e-02 1.837172294250396798e-01 2.596836761549153882e-01 2.782506791995760231e-01 2.260084282790154886e-01 1.391585377198616968e-01 6.495190562413684365e-02 2.298109709383713492e-02 6.163770178296266479e-03 1.253195816372119995e-03
4.928557462511056981e-11 1.466727970224389507e-09 3.308842862783768408e-08 5.658476692888854200e-07 7.335331396104514398e-06 7.208364952823967278e-05 5.369707299287965543e-04 3.032223988423688506e-03 1.297982283468041530e-02 4.211851684565861426e-02 1.036034443378645031e-01 1.931844374920345664e-01 2.730655424145728705e-01 2.925893293251477512e-01 2.376549614980729697e-01 1.463295735286192500e-01 6.829896897152100410e-02 2.416534545462541844e-02 6.481397952989431145e-03 1.317774765115319480e-03
3.928609786331387460e-11 1.169145718912592090e-09 2.637516667106510120e-08 4.510436792205973423e-07 5.847076944505720706e-06 5.745870533623477635e-05 4.280255390381462678e-04 2.417020583787773957e-03 1.034636592979736557e-02 3.357315375223673959e-02 8.258349596597801268e-02 1.539895349645477862e-01 2.176636815944134606e-01 2.332263164843502157e-01 1.894375006507173775e-01 1.166409845004299228e-01 5.444189297554702378e-02 1.926247454052219116e-02 5.166396784638342329e-03 1.050413407531811073e-03
2.373858255076727249e-11 7.064550482678456772e-10 1.593716620799841209e-08 2.725426600125251207e-07 3.533089980347794449e-06 3.471936114984175973e-05 2.586339734642361158e-04 1.460482098649182933e-03 6.251780530086558166e-03 2.028654219133605580e-02 4.990098897427020647e-02 9.304801154923952877e-02 1.315230464427972756e-01 1.409267519043977679e-01 1.144674068433620406e-01 7.048018993894195061e-02 3.289645551249578692e-02 1.163932960721052179e-02 3.121789722890305156e-03 6.347111763016747990e-04
