2.702565483267512700e-21 2.563020140966586856e-20 1.842572697676324040e-19 1.004139528924004837e-18 4.148206000467812394e-18 1.299042579179985425e-17 3.083779213458282449e-17 5.549322779008870309e-17 7.569958797779945749e-17 7.827874681876999789e-17 6.136080271531078692e-17 3.646154101916314441e-17 1.642388240059940077e-17 5.608070350487691826e-18 1.451603139174317320e-18 2.848256937379440853e-19 4.236500367271551797e-20 4.776746041286796861e-21 4.082760230605612124e-22 2.645284690897215289e-23
2.028770105630104354e-19 1.924015782157536495e-18 1.383188096510573431e-17 7.537905263629343591e-17 3.113987941402079876e-16 9.751692482191350330e-16 2.314940792133399336e-15 4.165782561143947661e-15 5.682639775010913516e-15 5.876252858084324125e-15 4.606251466505805294e-15 2.737106089856838245e-15 1.232913016872948074e-15 4.209883367408409079e-16 1.089693875034281041e-16 2.138138211075859679e-17 3.180269026162471441e-18 3.585822297646163525e-19 3.064858911131238093e-20 1.985770385583668289e-21
1.154479610990643634e-17 1.094868751053089011e-16 7.871086285996134651e-16 4.289474648847057516e-15 1.772027090325669327e-14 5.549238975918394319e-14 1.317326166110120689e-13 2.370554957072061892e-13 3.233728522836720398e-13 3.343904809548056007e-13 2.621205520733485136e-13 1.557560989827680583e-13 7.015940032607583987e-14 2.395650694395515670e-14 6.200945870886295352e-15 1.216715961713380362e-15 1.809744602397576773e-16 2.040526287221870350e-17 1.744070022347371181e-18 1.130010451111881360e-19
4.980082269958259834e-16 4.722938719006135857e-15 3.395352926550625727e-14 1.850352006461884741e-13 7.643998742294065212e-13 2.393776934009152991e-12 5.682553958634002296e-12 1.022587025295846202e-11 1.394934473430734246e-11 1.442461252318595385e-11 1.130710236495235455e-11 6.718855661005139462e-12 3.026468222639117392e-12 1.033412581269833565e-12 2.674903938933409786e-13 5.248551408633864768e-14 7.806700890818829201e-15 8.802224558697512790e-16 7.523400251655290100e-17 4.874529579280222060e-18
1.628484340056635159e-14 1.544398531193963485e-13 1.110278660095208473e-12 6.050641541190460884e-12 2.499583655942863101e-11 7.827638258384361088e-11 1.858192220836518846e-10 3.343854311574135827e-10 4.561428551271981878e-10 4.716840873713122332e-10 3.697416655909297961e-10 2.197062344341441358e-10 9.896535517049096732e-11 3.379253823912297916e-11 8.746922118106651659e-12 1.716273610277944258e-12 2.552787174801270722e-13 2.878322902007202684e-14 2.460148011551108714e-15 1.593968664511090525e-16
4.036709301756228106e-13 3.828276246287093775e-12 2.752173959862518542e-11 1.499841318097461223e-10 6.196002225057617465e-10 1.940325699865444942e-09 4.606112344955661809e-09 8.288791897611708363e-09 1.130693161076125545e-08 1.169216980567314141e-08 9.165207082592145660e-09 5.446108251573976831e-09 2.453166787925245413e-09 8.376540693972945255e-10 2.168199042962270551e-10 4.254322547999925109e-11 6.327883836798770648e-12 7.134826259113044425e-13 6.098248609243679268e-14 3.951151372150177728e-15
7.585220036683524557e-12 7.193561764941263174e-11 5.171500721071343733e-10 2.818292219588139079e-09 1.164266156207864606e-08 3.645988917237151373e-08 8.655162668010939480e-08 1.557513947172533940e-07 2.124640587075287528e-07 2.197029165407402534e-07 1.722197641851141873e-07 1.023356559606951237e-07 4.609648226341565226e-08 1.574002474797365675e-08 4.074176660935249792e-09 7.994128440104424790e-10 1.189047505794124247e-10 1.340676849713564255e-11 1.145897662717203834e-12 7.424451531093430533e-14
1.080452580766561009e-10 1.024664061984515010e-09 7.366379977766243698e-09 4.014426855492658590e-08 1.658401954182411002e-07 5.193413132412634536e-07 1.232857161213687157e-06 2.218551282183051353e-06 3.026376814917778312e-06 3.129488426576643945e-06 2.453129741430321600e-06 1.457687753979988930e-06 6.566067033639241647e-07 2.242037841754335972e-07 5.803331566543508414e-08 1.138698239776660805e-08 1.693700960652706083e-09 1.909684564510472170e-10 1.632237536933075967e-11 1.057552421518610118e-12
1.166648583859488647e-09 1.106409386331245616e-08 7.954052701817416601e-08 4.334688527140349517e-07 1.790705418968067842e-06 5.607731597094054391e-06 1.331211648557977496e-05 2.395542162287377726e-05 3.267814143998833056e-05 3.379151761088828947e-05 2.648834747409997380e-05 1.573978705001119935e-05 7.089892645623415382e-06 2.420902425154379578e-06 6.266307910497602782e-07 1.229540946569088060e-07 1.828820498373961493e-08 2.062034773635122246e-09 1.762453665143032027e-10 1.141921502974713404e-11
9.549293125100664136e-09 9.056221121434412086e-08 6.510579263798399098e-07 3.548044537519415684e-06 1.465734513632414985e-05 4.590060239938513963e-05 1.089628052483000378e-04 1.960807617452595955e-04 2.674782755588826538e-04 2.765915214510204605e-04 2.168133557346914049e-04 1.288338599529158344e-04 5.803243927539690321e-05 1.981565589235790821e-05 5.129120446151912391e-06 1.006408190996106798e-06 1.496932602823013700e-07 1.687823973732610093e-08 1.442609788474731621e-09 9.346896150755909921e-11
5.925148105849849427e-08 5.619206649210368047e-07 4.039686067598195854e-06 2.201491680645467383e-05 9.094593666100586843e-05 2.848041879133508337e-04 6.760927229556004323e-04 1.216642466440438775e-03 1.659649962590282676e-03 1.716195856541333740e-03 1.345284124410845534e-03 7.993886995287898716e-04 3.600798437599952691e-04 1.229522378658149740e-04 3.182518108728840829e-05 6.244564397042209157e-06 9.288171658368849776e-07 1.047261497783828910e-07 8.951109305874830583e-09 5.799564773821164282e-10
2.786916878310112077e-07 2.643016102489579651e-06 1.900082341190496550e-05 1.035480331064253892e-04 4.277678150256565147e-04 1.339587777604215116e-03 3.180028899273142605e-03 5.722526026385922442e-03 7.806229329969114131e-03 8.072195181684676743e-03 6.327597159540495307e-03 3.759956408258614911e-03 1.693649806193434039e-03 5.783107203614647716e-04 1.496909996897340816e-04 2.937155595930070532e-05 4.368728325591282714e-06 4.925835931926395830e-07 4.210189713150343240e-08 2.727848260713934156e-09
9.936779217703093022e-07 9.423699602837842763e-06 6.774762055808048107e-05 3.692015185002104770e-04 1.525210302262993214e-03 4.776313241483567430e-03 1.133842394939072254e-02 2.040372216850496953e-02 2.783318655047092513e-02 2.878149037987986700e-02 2.256110917489754716e-02 1.340616111941906295e-02 6.038724845806864305e-03 2.061972494474686047e-03 5.337247143503198515e-04 1.047245682565730045e-04 1.557674330776927951e-05 1.756311589309439587e-06 1.501147234415810052e-07 9.726169487532718891e-09
2.685740724840661452e-06 2.547064118815828127e-05 1.831101804292156493e-04 9.978882816903678066e-04 4.122381440694958439e-03 1.290955419880340446e-02 3.064581217839159460e-02 5.514775599387322647e-02 7.522832195718892612e-02 7.779142430490784688e-02 6.097880246815522848e-02 3.623455054536476455e-02 1.632163590350917126e-02 5.573157439229144833e-03 1.442566217664187616e-03 2.830525180200678132e-04 4.210126132976065613e-05 4.747008520139317464e-06 4.057343101947680644e-07 2.628816532708219928e-08
5.502744496383569874e-06 5.218613595912685555e-05 3.751696983514471581e-04 2.044547412670707793e-03 8.446240389091823689e-03 2.645005069223325608e-02 6.278940954430872745e-02 1.129908065869588141e-01 1.541333572497590731e-01 1.593848311568000498e-01 1.249378864363794445e-01 7.424003059873453270e-02 3.344097637918490296e-02 1.141869769577878550e-02 2.955636499644399839e-03 5.799389610904621007e-04 8.626018212792729996e-05 9.726022607797435868e-06 8.312985024087544411e-07 5.386113995877427116e-08
8.546561675980386891e-06 8.105265107236883822e-05 5.826930485373020118e-04 3.175479176498243253e-03 1.311823844682795392e-02 4.108077155363931005e-02 9.752107545998263405e-02 1.754911386397944306e-01 2.393914972659056672e-01 2.475477992104761216e-01 1.940466893923399327e-01 1.153055535752660204e-01 5.193869483083211197e-02 1.773489650127960116e-02 4.590532897282620199e-03 9.007294637287000406e-04 1.339745952628077429e-04 1.510592616723344336e-05 1.291127350480441446e-06 8.365417563886627775e-08
1.006237117766434356e-05 9.542806697528837456e-05 6.860388960282714707e-04 3.738678939235980277e-03 1.544487589904953474e-02 4.836681548783595269e-02 1.148173143921989436e-01 2.066160688160015024e-01 2.818497301711732073e-01 2.914526255476883043e-01 2.284626132109068009e-01 1.357560294897532938e-01 6.115048901362055145e-02 2.088033973883014760e-02 5.404705151260483405e-03 1.060481926921453925e-03 1.577361934566604495e-04 1.778509789548311188e-05 1.520120386503642303e-06 9.849099529761945207e-08
8.980614517175857672e-06 8.516905891194034601e-05 6.122861858539463539e-04 3.336751722227337610e-03 1.378447229444973270e-02 4.316713403335702137e-02 1.024738624969973588e-01 1.844037786252178124e-01 2.515494343973173619e-01 2.601199691254220681e-01 2.039017071232751832e-01 1.211615580168672462e-01 5.457649689837768686e-02 1.863559581248007413e-02 4.823671546742863518e-03 9.464746648636410218e-04 1.407787412956230163e-04 1.587310838861776151e-05 1.356699625749482156e-06 8.790270668451040166e-08
6.075871725043816545e-06 5.762147745034049687e-05 4.142447398393405886e-04 2.257493115175801795e-03 9.325941481879212666e-03 2.920490225060115921e-02 6.932911356018535420e-02 1.247591356245560945e-01 1.701868054777677941e-01 1.759852360332052335e-01 1.379505394234497306e-01 8.197235090193376317e-02 3.692395366960624786e-02 1.260798907021781594e-02 3.263474844143501776e-03 6.403413311769379787e-04 9.524443701368421732e-05 1.073901683036351549e-05 9.178807173722260524e-07 5.947093810537936604e-08
3.116075394233779831e-06 2.955178716534009436e-05 2.124498178069804183e-04 1.157779338865279209e-03 4.782908213806695216e-03 1.497804453622573334e-02 3.555617278397611714e-02 6.398404876178497014e-02 8.728211209375034974e-02 9.025589883524738621e-02 7.074940041061984763e-02 4.204039143883847585e-02 1.893684210175755611e-02 6.466141204156317622e-03 1.673707761080676535e-03 3.284058578404189092e-04 4.884712186938905312e-05 5.507618925762763696e-06 4.707448819987418580e-07 3.050030272007362605e-08
