5.933129878062553712e-08 5.881292867176717101e-07 4.419351819421805697e-06 2.517335882779970252e-05 1.086977552951640650e-04 3.557925124472505521e-04 8.828153020448124572e-04 1.660503210966310416e-03 2.367589507449138937e-03 2.558997802346898911e-03 2.096670760147019245e-03 1.302229063321223715e-03 6.131141627438595112e-04 2.188225790184684255e-04 5.920245762968748813e-05 1.214183029394075294e-05 1.887667074224474890e-06 2.224659058299853516e-07 1.987459755797244372e-08 1.345953461842004455e-09
2.614854416171021746e-07 2.592008761411783201e-06 1.947700768249845661e-05 1.109442568316483291e-04 4.790537394307827802e-04 1.568052008861599072e-03 3.890751658328852822e-03 7.318184909984272110e-03 1.043446209078298034e-02 1.127803847540885009e-02 9.240466514475456292e-03 5.739195815824103472e-03 2.702122335119521920e-03 9.643968678656695886e-04 2.609176117205064933e-04 5.351158531334502936e-05 8.319343561898119260e-06 9.804537710490530436e-07 8.759150779125791163e-08 5.931898384141750381e-09
8.735906810648795058e-07 8.659582289570025732e-06 6.507028575370932201e-05 3.706511088587411936e-04 1.600459589290737557e-03 5.238668791253130869e-03 1.299852248000450683e-02 2.444915518101159480e-02 3.486025374131795224e-02 3.767853862868340842e-02 3.087126145844233671e-02 1.917394693373462508e-02 9.027458188338752937e-03 3.221931253248415655e-03 8.716936312596263760e-04 1.787756211957650966e-04 2.779390303072211185e-05 3.275575390761457115e-06 2.926324481915633104e-07 1.981774249978399484e-08
2.212408357525758345e-06 2.193078823456898045e-05 1.647934749631377142e-04 9.386908866354610678e-04 4.053237114334668802e-03 1.326716832870727600e-02 3.291935272843485305e-02 6.191860379162741901e-02 8.828518709557124644e-02 9.542262248017877035e-02 7.818288168409177896e-02 4.855889761923797704e-02 2.286245077471435461e-02 8.159688268848231882e-03 2.207603992123567584e-03 4.527574378119940987e-04 7.038933070860364273e-05 8.295544500763897178e-06 7.411050599498732491e-07 5.018933933723971511e-08
4.247363274937194266e-06 4.210254595227838533e-05 3.163691508969378413e-04 1.802091004064231179e-03 7.781371104243371348e-03 2.547020007860600552e-02 6.319830122583046383e-02 1.188708236819627229e-01 1.694891723379880200e-01 1.831915617846281152e-01 1.500948499241533118e-01 9.322297021606022749e-02 4.389114399485382484e-02 1.566490208290506961e-02 4.238139893955454075e-03 8.691999861942011421e-04 1.351328551902070000e-04 1.592571775382183559e-05 1.422767367422842929e-06 9.635307874752083753e-08
6.181165105210458198e-06 6.127161041683941997e-05 4.604103367913906929e-04 2.622573420188607438e-03 1.132418783767757953e-02 3.706664623617256238e-02 9.197215047527565468e-02 1.729920752732032607e-01 2.466566879147078784e-01 2.665977021447252793e-01 2.184322340162196951e-01 1.356668910106604842e-01 6.387454760218742866e-02 2.279704839535379515e-02 6.167742368094288052e-03 1.264942100859612565e-03 1.966581229342852016e-04 2.317661204922713287e-05 2.070545756290710898e-06 1.402221212506429374e-07
6.818959330292609987e-06 6.759382938691707024e-05 5.079170849489744862e-04 2.893179714273886195e-03 1.249265712844737850e-02 4.089131238085549902e-02 1.014621584985316988e-01 1.908420023850384561e-01 2.721075872924449968e-01 2.941061850850604786e-01 2.409708355672285085e-01 1.496654751203956857e-01 7.046534673099068280e-02 2.514932754790685787e-02 6.804151588234528397e-03 1.395463249099362663e-03 2.169499955809570840e-04 2.556805590655202151e-05 2.284191906110811550e-06 1.546907299417522096e-07
5.702465620955710075e-06 5.652643894726092479e-05 4.247539213719406475e-04 2.419468581166232032e-03 1.044718766291593409e-02 3.419602489953302293e-02 8.484937988932229891e-02 1.595947277175402690e-01 2.275543945310182781e-01 2.459510796475196659e-01 2.015157795956713793e-01 1.251601872336487176e-01 5.892779201910203907e-02 2.103153410741036983e-02 5.690082405875505032e-03 1.166978833257655088e-03 1.814279615616674576e-04 2.138170250614033406e-05 1.910192624026583993e-06 1.293626382921297807e-07
3.614964781309712671e-06 3.583381287846416663e-05 2.692643092560054229e-04 1.533774035964367670e-03 6.622787049585911537e-03 2.167789056339525927e-02 5.378857855603552673e-02 1.011719067382871734e-01 1.442535872621394655e-01 1.559158002783139207e-01 1.277469246705308648e-01 7.934281395912036461e-02 3.735610294721871533e-02 1.333252318362251367e-02 3.607114688144771875e-03 7.397830452949397161e-04 1.150126515414783240e-04 1.355450548269760762e-05 1.210928661454407571e-06 8.200687431149837203e-08
1.737169856462623976e-06 1.721992421515015982e-05 1.293948543784409488e-04 7.370544896254818765e-04 3.182577625042151952e-03 1.041730149990068369e-02 2.584807956432241816e-02 4.861811866474798766e-02 6.932100273120751777e-02 7.492527445636779082e-02 6.138873273145589032e-02 3.812815700150996856e-02 1.795146008900029219e-02 6.406938597279194028e-03 1.733397497382651795e-03 3.555024417534952737e-04 5.526928295475918733e-05 6.513612100881582619e-06 5.819112761156962540e-07 3.940837012111654966e-08
6.328158066298068525e-07 6.272869743724365366e-06 4.713592562213634734e-05 2.684940275974131594e-04 1.159348591883856746e-03 3.794812019700382656e-03 9.415932045146012050e-03 1.771059626967349046e-02 2.525223776854084584e-02 2.729376048961290255e-02 2.236267241048211715e-02 1.388931562360297411e-02 6.539353451328968475e-03 2.333918011172968730e-03 6.314416125950625142e-04 1.295023417544227836e-04 2.013348075592714891e-05 2.372777008741364735e-06 2.119784960648478299e-07 1.435567134289435800e-08
1.747467758829530213e-07 1.732200352401765004e-06 1.301619040553692553e-05 7.414237314385471874e-05 3.201443870928159341e-04 1.047905502007230724e-03 2.600130637673524637e-03 4.890632573753923504e-03 6.973193601757921196e-03 7.536942973473332794e-03 6.175264370639297652e-03 3.835417982637704098e-03 1.805787592545532276e-03 6.444918779758234111e-04 1.743673037292971446e-04 3.576098519314665727e-05 5.559691797423619914e-06 6.552224641400426618e-07 5.853608325798197504e-08 3.964198201947887367e-09
3.657950668166560846e-08 3.625991612406344419e-07 2.724661565304547473e-06 1.552012287555315056e-05 6.701539234465392532e-05 2.193566440281721059e-04 5.442818361220506940e-04 1.023749514148575073e-03 1.459689202614554166e-03 1.577698097515489164e-03 1.292659753895280660e-03 8.028628683647303808e-04 3.780030788747274612e-04 1.349106147313799433e-04 3.650007228804079396e-05 7.485798751971501678e-06 1.163802778187328428e-06 1.371568338464904937e-07 1.225327928274966147e-08 8.298202578153874177e-10
5.804480227658596402e-09 5.753767212617364082e-08 4.323525825677274058e-07 2.462751811990218948e-06 1.063408326412168542e-05 3.480777677368867271e-05 8.636729804854517613e-05 1.624498073378590032e-04 2.316252427578427777e-04 2.503510364953413108e-04 2.051208084316772750e-04 1.273992480407107374e-04 5.998198435032919379e-05 2.140777902021463557e-05 5.791875482296559975e-06 1.187855572306792662e-06 1.846736281511518949e-07 2.176421177788174650e-08 1.944365131538200661e-09 1.316768791038453067e-10
6.982093294245816551e-10 6.921091621682068789e-09 5.200682833084057577e-08 2.962394949672311331e-07 1.279152629292798296e-06 4.186957923314531962e-06 1.038894972324032085e-05 1.954076275530217970e-05 2.786173767172855459e-05 3.011422598689263429e-05 2.467357222162164457e-05 1.532460100731215593e-05 7.215113055470357598e-06 2.575098966303660443e-06 6.966931297888487669e-07 1.428847734964426710e-07 2.221402175847054032e-08 2.617973550582508965e-09 2.338837968951858885e-10 1.583914870133049747e-11
6.366559149618496829e-11 6.310935321600783043e-10 4.742195997656264787e-09 2.701233265840666463e-08 1.166383852603947451e-07 3.817840030541320065e-07 9.473070629109469964e-07 1.781806926195355826e-06 2.540547561064552925e-06 2.745938687879417225e-06 2.249837553886566727e-06 1.397359998580407416e-06 6.579036128992097086e-07 2.348080896971828390e-07 6.352733819224416495e-08 1.302881992130706174e-08 2.025565650816636050e-09 2.387175702114521899e-10 2.132648425505456816e-11 1.444278568573846035e-12
4.400689514742436581e-12 4.362241242924832157e-11 3.277898110000281117e-10 1.867144972739444178e-09 8.062272052599505596e-09 2.638965286668839475e-08 6.547970671478744710e-08 1.231619603797008507e-07 1.756075888237242492e-07 1.898046229979763392e-07 1.555131476922769323e-07 9.658824098794071761e-08 4.547557735594445718e-08 1.623039186510995315e-08 4.391133177469299660e-09 9.005773742100408575e-10 1.400110375398830150e-10 1.650062276225422881e-11 1.474128072039700322e-12 9.983134380320645464e-14
2.305862986720758946e-13 2.285716951289131838e-12 1.717545375735046912e-11 9.783422504719944514e-11 4.224450430479960051e-10 1.382758851172158288e-09 3.430990338880924951e-09 6.453411558805276025e-09 9.201445316680183550e-09 9.945338188784647834e-09 8.148541495844382049e-09 5.061008032955779572e-09 2.382818653157494635e-09 8.504362722331485385e-10 2.300855679494714957e-10 4.718824236321147249e-11 7.336265558250420656e-12 8.645957675010122580e-13 7.724101751816776074e-14 5.230939374823873264e-15
9.158895147991945763e-15 9.078875030912738404e-14 6.822095718118545076e-13 3.885978543619612561e-12 1.677953060241435566e-11 5.492322573274092700e-11 1.362790458433657758e-10 2.563297132324141428e-10 3.654817018651482355e-10 3.950291505044653172e-10 3.236603284726662844e-10 2.010234007134463212e-10 9.464563300868777154e-11 3.377935589533720068e-11 9.139006107697206427e-12 1.874318493820491069e-12 2.913967022880073871e-13 3.434177149961941094e-14 3.068015682836327389e-15 2.077730790399138371e-16
2.757715725682333180e-16 2.733621909597032185e-15 2.054112460070076047e-14 1.170056427794511076e-13 5.052266093688302954e-13 1.653721773871250016e-12 4.103320998118755512e-12 7.718010411939841997e-12 1.100454389308778649e-11 1.189420866651082077e-11 9.745314944502585349e-12 6.052754010391249165e-12 2.849751485280860310e-12 1.017086225475736191e-12 2.751727195591827014e-13 5.643516496069115265e-14 8.773866883799788059e-15 1.034020389818020948e-15 9.237702756159121698e-17 6.255984790561079759e-18
