1.249750141152426609e-07 1.847409590014576529e-06 2.070141408015293853e-05 1.758464683622722072e-04 1.132306780684125226e-03 5.527024439764357915e-03 2.045104391693886026e-02 5.736359977817927225e-02 1.219703113104195769e-01 1.965932882858927033e-01 2.402039035931160249e-01 2.224786058360357921e-01 1.562044015089582016e-01 8.313714367917331149e-02 3.354237045724199617e-02 1.025862659785560169e-02 2.378381471078543953e-03 4.179945533406452052e-04 5.568735007125276529e-05 5.623922158172308282e-06
1.575499222546673770e-07 2.328939423130852846e-06 2.609726593735171052e-05 2.216810905393193083e-04 1.427444089749925309e-03 6.967650909657437629e-03 2.578163644910143673e-02 7.231550041647662186e-02 1.537620395594773703e-01 2.478355974152608443e-01 3.028133791724643697e-01 2.804679583430361722e-01 1.969192921305031041e-01 1.048069537407744917e-01 4.228523513430185871e-02 1.293255163341235775e-02 2.998309850278014881e-03 5.269454046307726989e-04 7.020233393375746654e-05 7.089805150726372804e-06
1.505601404946451103e-07 2.225614851039453210e-06 2.493944757206878566e-05 2.118460971542451159e-04 1.364114812786792769e-03 6.658527562964799799e-03 2.463782114525020842e-02 6.910718676868610189e-02 1.469403091256189786e-01 2.368402461417939420e-01 2.893789108836820057e-01 2.680248559191070745e-01 1.881828684202746516e-01 1.001571403794157128e-01 4.040922935130791122e-02 1.235879245775464361e-02 2.865288321593966857e-03 5.035672059931235039e-04 6.708777198273350615e-05 6.775262369521089090e-06
1.090683263379542071e-07 1.612273248937370229e-06 1.806655996429175879e-05 1.534649156272736468e-04 9.881879697685256453e-04 4.823550607629367194e-03 1.784805665096914420e-02 5.006242139534327479e-02 1.064460589320643941e-01 1.715711022272414787e-01 2.096310044869130751e-01 1.941617639039600607e-01 1.363228702938465986e-01 7.255553585490269464e-02 2.927313297844887086e-02 8.952919441340273510e-03 2.075663589879919377e-03 3.647926481464944422e-04 4.859952298038194179e-05 4.908115286797765526e-06
5.989410862187213610e-08 8.853685789656249413e-07 9.921125053042174519e-06 8.427418513552281101e-05 5.426565125493018052e-04 2.648819081914497494e-03 9.801135486668598532e-03 2.749142858977943887e-02 5.845410881517022761e-02 9.421707087841139916e-02 1.151174000263553848e-01 1.066225747468108886e-01 7.486075082628051991e-02 3.984336508608787852e-02 1.607513624882319150e-02 4.916433097551861989e-03 1.139836143900480698e-03 2.003233314944836909e-04 2.668808815621517616e-05 2.695257184063346164e-06
2.493253183707006801e-08 3.685584574263247326e-07 4.129934845615132402e-06 3.508139368430727946e-05 2.258953524318425712e-04 1.102642106378301165e-03 4.079985964956223815e-03 1.144404573893112280e-02 2.433309323030099017e-02 3.922038700169658970e-02 4.792071052059543312e-02 4.438451127486116310e-02 3.116279875048695580e-02 1.658587115431454581e-02 6.691707340355359211e-03 2.046597362411922347e-03 4.744874178904440903e-04 8.338996864827266002e-05 1.110963370080736233e-05 1.121973214010087785e-06
7.867658087318507177e-09 1.163015431873848386e-07 1.303233682826041214e-06 1.107021190380555543e-05 7.128306936745117020e-05 3.479474584593415429e-04 1.287471917537356958e-03 3.611259361781887778e-03 7.678500482578752562e-03 1.237630405921588163e-02 1.512176012212472671e-02 1.400588441500119109e-02 9.833668205657833047e-03 5.233803136208093829e-03 2.111621303378322188e-03 6.458200232165869307e-04 1.497282664709642858e-04 2.631436572604081044e-05 3.505732991919631807e-06 3.540475427303625774e-07
1.882007688563514473e-09 2.782027333181431239e-08 3.117440773165949523e-07 2.648084561601763447e-06 1.705148890877547743e-05 8.323185689679613096e-05 3.079737350966587966e-04 8.638425575744447050e-04 1.836759653821856122e-03 2.960512408767207362e-03 3.617247788172693428e-03 3.350321259721644653e-03 2.352293270047054255e-03 1.251968201140855712e-03 5.051169590984321911e-04 1.544853926838773539e-04 3.581621691820136851e-05 6.294609916501848196e-06 8.385997931809233741e-07 8.469104657834211409e-08
3.412668689854127443e-10 5.044685859659408840e-09 5.652895354098368209e-08 4.801805713324241243e-07 3.091968362721662336e-06 1.509253940651635629e-05 5.584527254848825221e-05 1.566416793678432925e-04 3.330619847876148463e-04 5.368335137374502736e-04 6.559201827471415787e-04 6.075180528476808008e-04 4.265443569027828818e-04 2.270210003226674506e-04 9.159350631268011139e-05 2.801303447673435834e-05 6.494600569834215950e-06 1.141409692820510436e-06 1.520643765111856460e-07 1.535713614376832503e-08
4.690981087621284481e-11 6.934316838610058103e-10 7.770348547227754332e-09 6.600459005763816621e-08 4.250153305585215913e-07 2.074588052764460653e-06 7.676371226332321851e-06 2.153162882855763291e-05 4.578198511590925098e-05 7.379198184782790693e-05 9.016137960897292422e-05 8.350812678563278801e-05 5.863187121595646160e-05 3.120581913423359775e-05 1.259024666353033976e-05 3.850611555933402055e-06 8.927338459582205259e-07 1.568957249840008041e-07 2.090244260849673602e-08 2.110958951996062499e-09
4.887987149871430795e-12 7.225535760462965217e-11 8.096678101964188152e-10 6.877656976397367661e-09 4.428646024070544687e-08 2.161714053793293032e-07 7.998754036968830035e-07 2.243588773093083241e-06 4.770468069732623788e-06 7.689100687008535817e-06 9.394786649349186355e-06 8.701519852960902179e-06 6.109422053155997805e-06 3.251636279921413789e-06 1.311899637955144998e-06 4.012324810734440037e-07 9.302257855641505934e-08 1.634848389423888451e-08 2.178027772076690247e-09 2.199612413380048373e-10
3.860941740520336611e-13 5.707333460548809027e-12 6.395434661536041245e-11 5.432549653460514760e-10 3.498115638207672420e-09 1.707502856585759236e-08 6.318086031445647863e-08 1.772174368917018233e-07 3.768115325903553845e-07 6.073495874537174132e-07 7.420789540886899107e-07 6.873189346896465369e-07 4.825733352450791236e-07 2.568414738665807855e-07 1.036248238027337557e-07 3.169270266739026468e-08 7.347702548046630516e-09 1.291340216865169895e-09 1.720388797962490598e-10 1.737438155910267494e-11
2.311815976479793425e-14 3.417379894319838347e-13 3.829394230921258232e-12 3.252847601942123997e-11 2.094566601487342124e-10 1.022401437015169744e-09 3.783080193875552047e-09 1.061124796619753012e-08 2.256234306832141013e-08 3.636626952559735659e-08 4.443345942952365343e-08 4.115459390325982765e-08 2.889504222595080835e-08 1.537889620233836508e-08 6.204743280968996955e-09 1.897663867738711868e-09 4.399583646322055191e-10 7.732157450315343085e-11 1.030117151767889369e-11 1.040325795342777332e-12
1.049325175117289925e-15 1.551136765440038276e-14 1.738148629837410923e-13 1.476456134166523870e-12 9.507164446744773877e-12 4.640644315339106703e-11 1.717126850626684567e-10 4.816408288387176011e-10 1.024096849926310448e-09 1.650652237312428702e-09 2.016819161702828272e-09 1.867992603813396385e-09 1.311535846808018297e-09 6.980427125173635933e-10 2.816311244537126925e-10 8.613429834327799318e-11 1.996955608529765196e-11 3.509599186584531029e-12 4.675665674376432577e-13 4.722002350028466385e-14
3.610470024032849795e-17 5.337080370887457152e-16 5.980542232430747420e-15 5.080122673709635323e-14 3.271181618670896237e-13 1.596731650973456221e-12 5.908211456907649136e-12 1.657207714165590864e-11 3.523665557678185538e-11 5.679488650649361837e-11 6.939379040829005210e-11 6.427303433780195859e-11 4.512672499080769034e-11 2.401793408565485405e-11 9.690234798389749901e-12 2.963669504781945002e-12 6.871033436432245156e-13 1.207566821039737974e-13 1.608781639861882706e-14 1.624724951089142779e-15
9.417035642441618880e-19 1.392048008837462017e-17 1.559879433676065264e-16 1.325026823872180490e-15 8.532084102865666258e-15 4.164687358859755753e-14 1.541013704654290326e-13 4.322424506323663352e-13 9.190627239063734065e-13 1.481356906386022230e-12 1.809968766640133178e-12 1.676406260620011314e-12 1.177021204542288510e-12 6.264495753652249574e-13 2.527462792175063980e-13 7.730013314935349920e-14 1.792142472879921010e-14 3.149645259112021757e-15 4.196116833165856401e-16 4.237701094795590744e-17
1.861922088695856423e-20 2.752336334481090735e-19 3.084170097195057298e-18 2.619823058079079316e-17 1.686950804575844708e-16 8.234357052898245477e-16 3.046869062221077241e-15 8.546232562583374675e-15 1.817156960547056858e-14 2.928916540159929819e-14 3.578642955611750793e-14 3.314565182496346211e-14 2.327188579093528724e-14 1.238606655123827452e-14 4.997261324889175329e-15 1.528366577707835709e-15 3.543397076364855175e-16 6.227431117565947340e-17 8.296498935618685142e-18 8.378718710726637298e-19
2.790651557345623613e-22 4.125205734864267239e-21 4.622558665107557211e-20 3.926594641840894857e-19 2.528404340083014087e-18 1.234166642789318573e-17 4.566651819180586542e-17 1.280910589922490851e-16 2.723557517620941624e-16 4.389864406118989530e-16 5.363675310526470460e-16 4.967875156868602891e-16 3.487993655541811794e-16 1.856425471315502918e-16 7.489902603031522654e-17 2.290718068263961476e-17 5.310848735017491437e-18 9.333682892537395155e-19 1.243480477285565051e-19 1.255803589237597745e-20
3.170637138992503449e-24 4.686909218213659729e-23 5.251983588629162123e-22 4.461254493925984108e-21 2.872681357138765652e-20 1.402215401286256053e-19 5.188464256896974585e-19 1.455324179561860178e-18 3.094407323200503239e-18 4.987604806678594406e-18 6.094013455849781314e-18 5.644319668926330463e-18 3.962931952475716962e-18 2.109203325521304350e-18 8.509755830353993691e-19 2.602630831169493319e-19 6.033993815707435260e-20 1.060459215868806562e-20 1.412797442416577761e-21 1.426798515506562710e-22
2.730764765656696394e-26 4.036679693027368225e-25 4.523359534668478738e-24 3.842330752017812822e-23 2.474145318163432108e-22 1.207681687886368376e-21 4.468652437820609376e-21 1.253422519808931777e-20 2.665110549821880652e-20 4.295658845220535991e-20 5.248571973758024068e-20 4.861265607613742338e-20 3.413142050040615514e-20 1.816586973673598298e-20 7.329170878650729473e-21 2.241559743423625138e-21 5.196879045377012916e-22 9.133384033439570424e-23 1.216795649465899547e-23 1.228854310044026936e-24
