1.121280429096628459e-24 3.996271915999997138e-23 1.079673990828159429e-21 2.211195120065932897e-20 3.432877565599782052e-19 4.040046661662530741e-18 3.604219792238157673e-17 2.437434605400395431e-16 1.249543839334346434e-15 4.855867658173082733e-15 1.430470828572561634e-14 3.194390376925204308e-14 5.407465925471402047e-14 6.938992426169388561e-14 6.749876936782428554e-14 4.977280490250818209e-14 2.782179818387082344e-14 1.178894918270051163e-14 3.786707978707452909e-15 9.220306397817906203e-16
5.397910001418232343e-23 1.923828828542250358e-21 5.197614158001344040e-20 1.064482349282349802e-18 1.652607471257157898e-17 1.944902248829421529e-16 1.735092627943772005e-15 1.173395369514637296e-14 6.015377609852226764e-14 2.337643279722034032e-13 6.886370788179884423e-13 1.537798334528204026e-12 2.603185933152040640e-12 3.340471807499738877e-12 3.249430497485310863e-12 2.396092131906221969e-12 1.339357744744988993e-12 5.675269544370708828e-13 1.822943515315170136e-13 4.438709784760949683e-14
1.969853171900093767e-21 7.020606714637904051e-20 1.896759437034298829e-18 3.884603358734377586e-17 6.030841693000468433e-16 7.097509708175380193e-15 6.331853839351765848e-14 4.282058407650391151e-13 2.195184925615843194e-12 8.530735095845548036e-12 2.513035477881684740e-11 5.611870013055409861e-11 9.499776887939963189e-11 1.219034586333853844e-10 1.185810984373327871e-10 8.744031828912035531e-11 4.887703020431429772e-11 2.071069675194559215e-11 6.652447085807005570e-12 1.619813325223675456e-12
5.449277094959936284e-20 1.942136191089605052e-18 5.247075214702473548e-17 1.074612078083821897e-15 1.668333862127238185e-14 1.963410148316231047e-13 1.751603956457905455e-12 1.184561526358939188e-11 6.072620591727228451e-11 2.359888545201657573e-10 6.951902235044780541e-10 1.552432189275182595e-09 2.627958131150818992e-09 3.372260097368271245e-09 3.280352428432252462e-09 2.418893602964813031e-09 1.352103217444991689e-09 5.729276021226306159e-10 1.840290842345052104e-10 4.480949025626113007e-11
1.142722419017573914e-18 4.072691712440451214e-17 1.100320350319071395e-15 2.253479300051037855e-14 3.498523700367989184e-13 4.117303552580822358e-12 3.673142465329254605e-11 2.484045111466282224e-10 1.273438581196890622e-09 4.948725307947526802e-09 1.457825395987218948e-08 3.255475975574947240e-08 5.510871663111216171e-08 7.071685195794684210e-08 6.878953294034774034e-08 5.072459889923083994e-08 2.835382808536634459e-08 1.201438656927623737e-08 3.859120331769246509e-09 9.396624214235448151e-10
1.816516817138914329e-17 6.474112053415998289e-16 1.749112809314742903e-14 3.582219949037484812e-13 5.561391840322122797e-12 6.545028801446671911e-11 5.838972745239407862e-10 3.948736494895704057e-09 2.024308405821245344e-08 7.866689753943985019e-08 2.317416989630492513e-07 5.175033550586739880e-07 8.760299865073226469e-07 1.124143087585276348e-06 1.093505661127236723e-06 8.063383146214589459e-07 4.507236813609896272e-07 1.909854474497932814e-07 6.134610527767817484e-08 1.493724602355151520e-08
2.188945341673036868e-16 7.801456769948815699e-15 2.107721932374142879e-13 4.316659001618374561e-12 6.701607520080912581e-11 7.886913113531085981e-10 7.036099016676626433e-09 4.758320030094890121e-08 2.439339076426036358e-07 9.479545539470726871e-07 2.792541790037120079e-06 6.236036725165251270e-06 1.055636666855290166e-05 1.354618769133898971e-05 1.317699952146669447e-05 9.716565687418895914e-06 5.431326004736982066e-06 2.301419406515722773e-06 7.392349474025749419e-07 1.799973156988222967e-07
1.999526807864202639e-15 7.126364306558519942e-14 1.925331997593090391e-12 3.943120565791413722e-11 6.121689581314218325e-10 7.204425757724861481e-09 6.427236139153131244e-08 4.346562830710041965e-07 2.228252932554545542e-06 8.659241083678214290e-06 2.550891548069703874e-05 5.696406561373210445e-05 9.642880407092631573e-05 1.237397979635718355e-04 1.203673901251845391e-04 8.875750893586979706e-05 4.961330802541219802e-05 2.102268024632324221e-05 6.752658764479645615e-06 1.644214002202114597e-06
1.384574613313803318e-14 4.934659072976363387e-13 1.333198332517270728e-11 2.730418322554001235e-10 4.238970916288351522e-09 4.988712813660540706e-08 4.450546977937194990e-07 3.009782377963110225e-06 1.542956278616986732e-05 5.996101341512495168e-05 1.766367755052336325e-04 3.944483205212000643e-04 6.677223510267774574e-04 8.568376390009175506e-04 8.334853625502753032e-04 6.146023805744562892e-04 3.435479159585685233e-04 1.455717885771378535e-04 4.675886245134267135e-05 1.138537856732123571e-05
7.267789113566142627e-14 2.590258491299499700e-12 6.998109191171165016e-11 1.433227532075373596e-09 2.225083890884665873e-08 2.618631912588205239e-07 2.336142564267557157e-06 1.579868891890900766e-05 8.099152430364215272e-05 3.147421571552909674e-04 9.271864598180457094e-04 2.070503952753536235e-03 3.504950319768244168e-03 4.497637906216049759e-03 4.375059159694933211e-03 3.226117572689097667e-03 1.803321958660046619e-03 7.641228216160362739e-04 2.454425700275240560e-04 5.976314285249190384e-05
2.891912105170728773e-13 1.030684816174409142e-11 2.784604281579674591e-10 5.702928338600342079e-09 8.853788873783586759e-08 1.041974830126073552e-06 9.295700322948634444e-06 6.286426176722307755e-05 3.222718296995346677e-04 1.252384514825741549e-03 3.689349959113666279e-03 8.238702790089289657e-03 1.394648097155131231e-02 1.789646521441070129e-02 1.740871446193030178e-02 1.283698290550117430e-02 7.175564013043118396e-03 3.040506546267053838e-03 9.766358493560208485e-04 2.378023819314774767e-04
8.722976062280738173e-13 3.108890814202259020e-11 8.399299704757059709e-10 1.720194306513205831e-08 2.670599437251637680e-07 3.142945279850459662e-06 2.803894739893172730e-05 1.896196808983105823e-04 9.720798398367934672e-04 3.777611402526023527e-03 1.112831587142061249e-02 2.485068861314906896e-02 4.206726042965729107e-02 5.398173664601322447e-02 5.251051691888574541e-02 3.872064244151109808e-02 2.164390577681225836e-02 9.171186694392813657e-03 2.945861017098519354e-03 7.172916775142278807e-04
1.994532381851636112e-12 7.108564045452884523e-11 1.920522895672676586e-09 3.933271423560845491e-08 6.106398800732760349e-07 7.186430514416061599e-06 6.411182163164391636e-05 4.335705968785724847e-04 2.222687193518110491e-03 8.637611996862611455e-03 2.544519921016338143e-02 5.682178054410265411e-02 9.618794382063193538e-02 1.234307202041197565e-01 1.200667359794428263e-01 8.853581007707159167e-02 4.948938370731998521e-02 2.097016971199923766e-02 6.735791946563188595e-03 1.640107077928569870e-03
3.457118944194797100e-12 1.232125968531164273e-10 3.328838451460015323e-09 6.817531404743927220e-08 1.058420869317925452e-06 1.245622547850686171e-05 1.111248907896050721e-04 7.515070388194151300e-04 3.852579217890186435e-03 1.497155540750665093e-02 4.410411233664780079e-02 9.848907731421770173e-02 1.667223685166456526e-01 2.139422177328235142e-01 2.081114306787138213e-01 1.534589405727905531e-01 8.577984870432044107e-02 3.634755275671685409e-02 1.167513456011190151e-02 2.842794281610512303e-03
4.542389504519237571e-12 1.618919151480083025e-10 4.373838762343734087e-09 8.957714096484980422e-08 1.390683955559891540e-06 1.636652622973979528e-05 1.460095952038798666e-04 9.874226894732161027e-04 5.061994015004649648e-03 1.967147710193286464e-02 5.794942558182270692e-02 1.294071041012689605e-01 2.190604226071793115e-01 2.811036878077360912e-01 2.734424802111188879e-01 2.016332941633396103e-01 1.127081511349344728e-01 4.775790038532339715e-02 1.534023258839709719e-02 3.735213950326626668e-03
4.524298398099453086e-12 1.612471435222964154e-10 4.356418947853184876e-09 8.922037948757822318e-08 1.385145238236929591e-06 1.630134279105629127e-05 1.454280785544347847e-04 9.834900524902372588e-04 5.041833464631186729e-03 1.959313093955921542e-02 5.771862872388634769e-02 1.288917106746499952e-01 2.181879643087866749e-01 2.799841279976264530e-01 2.723534329146976019e-01 2.008302433948285504e-01 1.122592651126040064e-01 4.756769361036568972e-02 1.527913659916393420e-02 3.720337605396545171e-03
3.415976933955117485e-12 1.217462851631756840e-10 3.289223064235291630e-09 6.736398255612814486e-08 1.045824958403001246e-06 1.230798812698469281e-05 1.098024308255279527e-04 7.425636062140012102e-04 3.806730967890629112e-03 1.479338396017650450e-02 4.357924412393745367e-02 9.731699191803458437e-02 1.647382616625223117e-01 2.113961633289259401e-01 2.056347665111829537e-01 1.516326773153406082e-01 8.475901156486417842e-02 3.591499275174061395e-02 1.153619270899959581e-02 2.808963142638642042e-03
1.955129089830068678e-12 6.968129712330169189e-11 1.882581709467394837e-09 3.855567073452081175e-08 5.985762897633474044e-07 7.044457878258917585e-06 6.284525065351755319e-05 4.250051260964373833e-04 2.178776553933763765e-03 8.466970321160449675e-03 2.494251265358099143e-02 5.569922909678734491e-02 9.428768806454335127e-02 1.209922655784192724e-01 1.176947390628109019e-01 8.678672722909376580e-02 4.851168855635096949e-02 2.055589029070617121e-02 6.602721970120606874e-03 1.607705689650146957e-03
8.482673767845639960e-13 3.023246466394009486e-11 8.167914111550073893e-10 1.672806048678042336e-08 2.597029228219008853e-07 3.056362792791047242e-06 2.726652485123689330e-05 1.843959998902947332e-04 9.453007894050311898e-04 3.673545005802037518e-03 1.082175079340049265e-02 2.416609685806516902e-02 4.090838310044429132e-02 5.249463693589023067e-02 5.106394666493947743e-02 3.765395841598338095e-02 2.104765511859998939e-02 8.918537003551075051e-03 2.864707846845456363e-03 6.975315824898702891e-04
2.789888918079527625e-13 9.943234932819854356e-12 2.686366785672856057e-10 5.501735873650774118e-09 8.541437832020945790e-08 1.005215209096026996e-06 8.967759175810628065e-06 6.064648608581130651e-05 3.109024664616710462e-04 1.208201892733685914e-03 3.559194121925324337e-03 7.948051246897762032e-03 1.345446586677670128e-02 1.726509940783017491e-02 1.679455591631224057e-02 1.238410956045279086e-02 6.922418729519913723e-03 2.933241125693860328e-03 9.421813091227006871e-04 2.294129993983254812e-04
