1.744923987397321154e-21 6.849017336282573238e-21 2.037871696315103985e-20 4.596446705111401767e-20 7.858948444394373308e-20 1.018599526638668202e-19 1.000781617759615530e-19 7.453701367793700948e-20 4.208249468894986819e-20 1.801058358522444982e-20 5.843202166609440746e-21 1.437046625847252068e-21 2.679091987371993827e-22 3.786179599219754977e-23 4.056127667856789611e-24 3.293963940085177501e-25 2.027789567430179538e-26 9.462889039168708594e-28 3.347506510308458150e-29 8.976683899233840066e-31
1.948008315464230884e-19 7.646145517053488764e-19 2.275050970095406645e-18 5.131407710487482567e-18 8.773618238419560441e-18 1.137150020488681225e-17 1.117258360501617560e-17 8.321206167328049378e-18 4.698029838642329768e-18 2.010675928795743165e-18 6.523267770805175363e-19 1.604298409030272819e-19 2.990900180745746462e-20 4.226837040690930915e-21 4.528203224115809165e-22 3.677334481312374069e-23 2.263795424841118111e-24 1.056423470005205431e-25 3.737108644989156549e-27 1.002144219879979729e-28
1.648549224295829491e-17 6.470735859249989224e-17 1.925316992854039980e-16 4.342578075008791168e-16 7.424886960899572795e-16 9.623407504489289450e-16 9.455069513417545926e-16 7.042022286791524785e-16 3.975821553085503708e-16 1.701583210098665442e-16 5.520473366599608839e-17 1.357676390162438658e-17 2.531121727650136634e-18 3.577063233939702789e-19 3.832101666768816568e-20 3.112033382259520573e-21 1.915791715035315000e-22 8.940239516328533630e-24 3.162618716202927348e-25 8.480888213877980942e-27
1.057571775123699722e-15 4.151084789079721497e-15 1.235122906735289076e-14 2.785836137445037841e-14 4.763188607052664129e-14 6.173576140323432665e-14 6.065584516285327894e-14 4.517574544056419226e-14 2.550555722270114647e-14 1.091593960012566368e-14 3.541475578523691898e-15 8.709720091014750671e-16 1.623756730532885776e-16 2.294745621358819666e-17 2.458357022314749698e-18 1.996421228930081576e-19 1.229012282422214973e-20 5.735312501422730667e-22 2.028872562881986425e-23 5.440630992870555561e-25
5.142977252566345158e-14 2.018674774221730834e-13 6.006409364244050834e-13 1.354753617794049143e-12 2.316341191394752532e-12 3.002213410333867157e-12 2.949697025256295270e-12 2.196898939945452299e-12 1.240336624859696571e-12 5.308427321376625901e-13 1.722221485982465532e-13 4.235541582893472444e-14 7.896337747719607881e-15 1.115936034667167622e-15 1.195500347290624026e-16 9.708607215549952022e-18 5.976693365216521151e-19 2.789085566105079263e-20 9.866418227772319996e-22 2.645781789388979340e-23
1.895903265549992123e-12 7.441627502086642096e-12 2.214198229676778312e-11 4.994153545419107563e-11 8.538942743139458124e-11 1.106733693152092994e-10 1.087374092462868634e-10 8.098631725908391151e-11 4.572367603374730879e-11 1.956894654455388259e-11 6.348784330409390840e-12 1.561386862905811537e-12 2.910900007251032985e-13 4.113778203500034207e-14 4.407083487027740115e-15 3.578973660581228856e-16 2.203243746149296530e-17 1.028166404982316055e-18 3.637148993412559012e-20 9.753390085348344854e-22
5.298031854874532104e-11 2.079535400068428174e-10 6.187495410231963375e-10 1.395597816225573032e-09 2.386176103081861676e-09 3.092726547671063955e-09 3.038626856503853677e-09 2.263132810856418683e-09 1.277731288038486812e-09 5.468470045031924551e-10 1.774144400372641137e-10 4.363238086969514939e-11 8.134402870125665168e-12 1.149580169097346116e-12 1.231543250419535747e-13 1.000131009111143637e-14 6.156883509436771782e-16 2.873173154289555225e-17 1.016387891627715881e-18 2.725548940399269709e-20
1.122302099122312142e-09 4.405158384520934893e-09 1.310720523664623732e-08 2.956347567520569047e-08 5.054726967902871909e-08 6.551439461937227573e-08 6.436838042727237631e-08 4.794079714488405629e-08 2.706666448901173013e-08 1.158406664708919140e-08 3.758237094879588998e-09 9.242812044383777911e-10 1.723141284597805651e-10 2.435199093226079436e-11 2.608824584235145191e-12 2.118615292752585499e-13 1.304235889094352358e-14 6.086351215941127196e-16 2.153052861029482503e-17 5.773633267713024780e-19
1.802195100363711822e-08 7.073812713277768725e-08 2.104757807672162990e-07 4.747309218546764889e-07 8.116891327526660246e-07 1.052031543723056139e-06 1.033628823425509533e-06 7.698343413026488717e-07 4.346370746649481340e-07 1.860171888656123348e-07 6.034985128954109690e-08 1.484212726056366042e-08 2.767023943700346561e-09 3.910447888901153303e-10 4.189256072044967398e-11 3.402076948034136042e-12 2.094344767672201399e-13 9.773475741549336608e-15 3.457376868497251389e-16 9.271312594449052950e-18
2.193767778969063312e-07 8.610778267968130325e-07 2.562069922436754699e-06 5.778782773490441105e-06 9.880492215369888193e-06 1.280612128294516934e-05 1.258210949406620761e-05 9.371004131310694643e-06 5.290730230888453476e-06 2.264341497684830521e-06 7.346238994759816995e-07 1.806695654039441357e-07 3.368230204432729258e-08 4.760092055670150716e-09 5.099478401005552557e-10 4.141264610398990065e-11 2.549394384905651420e-12 1.189701168648146054e-13 4.208579843731414115e-15 1.128574083591045287e-16
2.024306742939586477e-06 7.945625182806256647e-06 2.364158809146483140e-05 5.332391626180772970e-05 9.117258083047731607e-05 1.181689234042381079e-04 1.161018469384749374e-04 8.647126205874732126e-05 4.882039468413974429e-05 2.089428883961179142e-05 6.778767230926560164e-06 1.667134611955329045e-06 3.108045974588142457e-07 4.392391272076438445e-08 4.705561186371985998e-09 3.821366124297511606e-10 2.352462413410993995e-11 1.097800834192813071e-12 3.883481486754614674e-14 1.041395606782881185e-15
1.415985510801222347e-05 5.557897869160408614e-05 1.653709167674496038e-04 3.729963014214532314e-04 6.377445211235063111e-04 8.265816628383089318e-04 8.121226371227277053e-04 6.048591924269238048e-04 3.414945474318460770e-04 1.461537899756377426e-04 4.741690563233279254e-05 1.166146614547146995e-05 2.174051972247078156e-06 3.072440686532655612e-07 3.291500402955572102e-08 2.673013406858654390e-09 1.645527637406012352e-10 7.679024339489182580e-12 2.716462579541694416e-13 7.284474526203822046e-15
7.508239484323919668e-05 2.947066047833882393e-04 8.768765198237357715e-04 1.977806648780380903e-03 3.381629655024738154e-03 4.382935440087246289e-03 4.306266698101917853e-03 3.207255749719068946e-03 1.810769125213921096e-03 7.749780264755251743e-04 2.514273489223018353e-04 6.183472916258327698e-05 1.152787421515453475e-05 1.629156534434777444e-06 1.745312582623485493e-07 1.417360887552244301e-08 8.725382770849911791e-10 4.071789810491288508e-11 1.440399738685361987e-12 3.862580432002270641e-14
3.017965306922008590e-04 1.184584363370409310e-03 3.524638393338138612e-03 7.949868757224852825e-03 1.359258851696346602e-02 1.761737505613585053e-02 1.730920214300466636e-02 1.289168599814564595e-02 7.278455102758633714e-03 3.115053538733288888e-03 1.010621754731106997e-03 2.485470365792396955e-04 4.633672716025504922e-05 6.548456413430699558e-06 7.015350049887805257e-07 5.697135786560531497e-08 3.507200662288305922e-09 1.636671340971187606e-10 5.789741321554797881e-12 1.552578838663447878e-13
9.195750701602452932e-04 3.609432641782264143e-03 1.073958534383898447e-02 2.422327752881192273e-02 4.141666410305437640e-02 5.368020257266708367e-02 5.274119864321791945e-02 3.928101171023496568e-02 2.217747780740287472e-02 9.491578878867507063e-03 3.079367973120121331e-03 7.573236778973404344e-04 1.411881675102661738e-04 1.995316928266284900e-05 2.137579580364263679e-06 1.735919239569385382e-07 1.068645251717326959e-08 4.986943222146648067e-10 1.764136178029304643e-11 4.730713077511692027e-13
2.124011942593307962e-03 8.336978987257321130e-03 2.480603081686306305e-02 5.595033231053428424e-02 9.566319491668409669e-02 1.239892152853862839e-01 1.218203270401400085e-01 9.073031740100079290e-02 5.122499429145373206e-02 2.192341609398767988e-02 7.112648616503617315e-03 1.749247656292302402e-03 3.261129663861067553e-04 4.608734101673350909e-05 4.937328886206219597e-06 4.009583682581072652e-07 2.468330591702197739e-08 1.151871913951340976e-09 4.074758474957554472e-11 1.092688503600490827e-12
3.718977399015756680e-03 1.459739270195614842e-02 4.343340360627441499e-02 9.796461929316915840e-02 1.674987097193114116e-01 2.170953374231293365e-01 2.132977851573857053e-01 1.588616302259915070e-01 8.969092509057714768e-02 3.838617256700136565e-02 1.245368678088570533e-02 3.062794689887471562e-03 5.709980848954843841e-04 8.069529939304198693e-05 8.644873492043431615e-06 7.020464808109866722e-07 4.321852198548270686e-08 2.016836877722908253e-09 7.134580729481623778e-11 1.913211393761290814e-12
4.936134027096043299e-03 1.937486547836476600e-02 5.764840128102609318e-02 1.300267355409311099e-01 2.223181245357905844e-01 2.881468659803665955e-01 2.831064408991133541e-01 2.108542791268367689e-01 1.190452051089338215e-01 5.094929929611902858e-02 1.652956188929656164e-02 4.065194128569793973e-03 7.578758281793295621e-04 1.071054675583978945e-04 1.147419024791856833e-05 9.318140850899689536e-07 5.736319264263314757e-08 2.676912514140295626e-09 9.469604928811453640e-11 2.539372211369805093e-12
4.966462571323311190e-03 1.949390832876801358e-02 5.800260399883833823e-02 1.308256444801806084e-01 2.236840892838089789e-01 2.899172950086026379e-01 2.848459005990933157e-01 2.121498078330881776e-01 1.197766414411670227e-01 5.126234146000042263e-02 1.663112265447534363e-02 4.090171452776141317e-03 7.625323610950770267e-04 1.077635438772327924e-04 1.154468985033937561e-05 9.375393276656590100e-07 5.771564298444506129e-08 2.693359972643649348e-09 9.527787978607462463e-11 2.554974596150948671e-12
3.787949756485734388e-03 1.486811674234300544e-02 4.423892187601774495e-02 9.978147646016534422e-02 1.706051499159035034e-01 2.211215993793800016e-01 2.172536175024069593e-01 1.618078866757107770e-01 9.135433787410129902e-02 3.909808461489284320e-02 1.268465353446095178e-02 3.119597447081956087e-03 5.815878464886864918e-04 8.219187881225456190e-05 8.805201786841282771e-06 7.150666730949865509e-07 4.402005504897906552e-08 2.054241244344164263e-09 7.266899052416981846e-11 1.948693916510978279e-12
