2.977635086653464062e-12 2.343721664856414639e-11 1.398419319679337838e-10 6.325074065529927645e-10 2.168655834225820562e-09 5.636538449620403073e-09 1.110532140615009023e-08 1.658618900683249643e-08 1.877841390120120758e-08 1.611639948368244643e-08 1.048513339171305524e-08 5.171025928172321218e-09 1.933197791215552025e-09 5.478638997875083752e-10 1.176971368843748196e-10 1.916707893524283832e-11 2.366152784409210120e-12 2.214248993350434006e-13 1.570749562018516433e-14 8.446645316608737411e-16
5.367950650697507626e-11 4.225159184989131473e-10 2.521009350899773531e-09 1.140256762756325686e-08 3.909558141845680530e-08 1.016130565291211825e-07 2.002018902032297595e-07 2.990085805708402915e-07 3.385290547248014979e-07 2.905394199682274964e-07 1.890214112030526085e-07 9.322099984757682952e-08 3.485084652513767262e-08 9.876651408830913467e-09 2.121792644624485713e-09 3.455357384240191265e-10 4.265597028880429925e-11 3.991751500356043383e-12 2.831678794796983178e-13 1.522724373672646648e-14
7.335713734347692488e-10 5.774002087575574281e-09 3.445151441064647005e-08 1.558247781981290228e-07 5.342709205540408439e-07 1.388619871669023797e-06 2.735911432820958201e-06 4.086180171750102848e-06 4.626257575407820126e-06 3.970442636527213850e-06 2.583121665002342910e-06 1.273936020299731078e-06 4.762633827024401256e-07 1.349719699448261759e-07 2.899591381785013678e-08 4.722009248977884848e-09 5.829263483613606317e-10 5.455032695104957398e-11 3.869704916820387734e-12 2.080918925758932121e-13
7.599290652024413632e-09 5.981465700253966594e-08 3.568937950550921514e-07 1.614236628087453006e-06 5.534676187273339059e-06 1.438513877740370107e-05 2.834214492156962530e-05 4.232999256265197686e-05 4.792481988772707746e-05 4.113103196882522743e-05 2.675934889604800738e-05 1.319709361750580770e-05 4.933758326917624579e-06 1.398215997285297340e-06 3.003775567074914910e-07 4.891674081625196555e-08 6.038712673832466980e-09 5.651035532138986391e-10 4.008745906045245372e-11 2.155687682590126045e-12
5.967611675140484167e-08 4.697157429789697763e-07 2.802634713792118207e-06 1.267636387305154451e-05 4.346300167436764232e-05 1.129643884507582112e-04 2.225667140227428106e-04 3.324112333539939101e-04 3.763465931057873070e-04 3.229959713704987057e-04 2.101372485978975546e-04 1.036348437715953631e-04 3.874408170740475851e-05 1.097998549054720912e-05 2.358820969533874189e-06 3.841360029137986254e-07 4.742112639892424716e-08 4.437675457148429217e-09 3.148009461279688260e-10 1.692829972117777279e-11
3.552424641536393239e-07 2.796143366410966176e-06 1.668364022407016231e-05 7.546038488948763072e-05 2.587283599339205661e-04 6.724590992075842391e-04 1.324904370996230277e-03 1.978791383845255204e-03 2.240331616543729618e-03 1.922743821608555257e-03 1.250913733434670834e-03 6.169217984970905896e-04 2.306373773354550717e-04 6.536211326018259314e-05 1.404168735048877678e-05 2.286700738482873564e-06 2.822904490429754965e-07 2.641677860975144676e-08 1.873960135279152251e-09 1.007714850470894559e-10
1.603046101516541856e-06 1.261771093015463006e-05 7.528560664620716756e-05 3.405180630762485376e-04 1.167522271674319373e-03 3.034499099037397171e-03 5.978684985951378435e-03 8.929376788175173718e-03 1.010958775033000447e-02 8.676459878714175289e-03 5.644799217608987077e-03 2.783884765515027594e-03 1.040760567525224464e-03 2.949492006769285500e-04 6.336368660076635052e-05 1.031883030339129165e-05 1.273847159324913427e-06 1.192067903984383386e-07 8.456321505408296762e-09 4.547354343846235389e-10
5.483577301638078424e-06 4.316169896160189693e-05 2.575312359105810258e-04 1.164818104554936513e-03 3.993770748111045120e-03 1.038018205813337480e-02 2.045142759873959035e-02 3.054492807604758386e-02 3.458210332452865687e-02 2.967976928703414119e-02 1.930929673993881171e-02 9.522899744500389757e-03 3.560154021223817678e-03 1.008939630892834649e-03 2.167496451058773216e-04 3.529786422087353900e-05 4.357478778696339103e-06 4.077734566782564389e-07 2.892673680347819888e-08 1.555524138627723760e-09
1.421931735890638373e-05 1.119214449846932052e-04 6.677973468432797134e-04 3.020458613598591378e-03 1.035613990690781479e-02 2.691657193995116229e-02 5.303204887479284757e-02 7.920523448963626145e-02 8.967392544335467397e-02 7.696181441727684147e-02 5.007041995021523084e-02 2.469357614483700183e-02 9.231739991929343442e-03 2.616254320579647612e-03 5.620476965411103608e-04 9.152994584361112630e-05 1.129926145483058580e-05 1.057386423514866875e-06 7.500914606298024185e-08 4.033587960906438512e-09
2.795054908135811785e-05 2.200011268010536487e-04 1.312672194326731110e-03 5.937238377672111531e-03 2.035679979954400573e-02 5.290921822194798174e-02 1.042437444461033619e-01 1.556917071491062121e-01 1.762697456676852736e-01 1.512818735924122970e-01 9.842214608608598758e-02 4.853953214555747908e-02 1.814659559512095052e-02 5.142704319126382984e-03 1.104802806753362029e-03 1.799180775801084015e-04 2.221066974628872808e-05 2.078477495257694825e-06 1.474435632643715126e-07 7.928720868212016271e-09
4.164844201477510143e-05 3.278183961999525772e-04 1.955981315812062998e-03 8.846936336764064240e-03 3.033317855723851458e-02 7.883875557327020556e-02 1.553311004134168560e-01 2.319924742267649720e-01 2.626553152866732965e-01 2.254214871364515760e-01 1.466564764901177875e-01 7.232759127930289689e-02 2.703980634545178827e-02 7.663020215124211401e-03 1.646240132918077139e-03 2.680916070626566863e-04 3.309558564824723791e-05 3.097089405588482030e-06 2.197021130852725311e-07 1.181439657481749026e-08
4.704397336534127334e-05 3.702870780623298890e-04 2.209377553463440658e-03 9.993051774756664396e-03 3.426282413221200945e-02 8.905227033534207637e-02 1.754541537968112852e-01 2.620469638362888376e-01 2.966821580559497185e-01 2.546247092042658311e-01 1.656557374080959433e-01 8.169758850801002448e-02 3.054279747290778585e-02 8.655760010674235991e-03 1.859509581138218568e-03 3.028227182580541703e-04 3.738309944929452057e-05 3.498315530143894208e-06 2.481643935834647432e-07 1.334494475438287055e-08
4.028153857404143942e-05 3.170593840490883359e-04 1.891785935114607270e-03 8.556579551883974205e-03 2.933764249076163677e-02 7.625126463620136852e-02 1.502331278282063309e-01 2.243784724561249666e-01 2.540349579137615721e-01 2.180231454104196998e-01 1.418432053898661116e-01 6.995379700040553483e-02 2.615235887941549930e-02 7.411519602094092558e-03 1.592210469547682790e-03 2.592928303882307758e-04 3.200938727665782326e-05 2.995442814264446046e-06 2.124914814317240553e-07 1.142664763279029364e-08
2.614597999762338344e-05 2.057972114984816733e-04 1.227922243545256876e-03 5.553912927144328583e-03 1.904250534847235637e-02 4.949324456182468968e-02 9.751346384043008131e-02 1.456397958074951426e-01 1.648892560571307009e-01 1.415146739850023094e-01 9.206772487365143254e-02 4.540567818104832704e-02 1.697499838282027357e-02 4.810676308010339297e-03 1.033473510756804502e-03 1.683020410056212100e-04 2.077668403686568267e-05 1.944284917564040920e-06 1.379241761822754961e-07 7.416819491581063963e-09
1.286472829600030746e-05 1.012593603392618747e-04 6.041802997348258864e-04 2.732717641253078807e-03 9.369572584599904566e-03 2.435239160411069304e-02 4.798000371846892348e-02 7.165982695308029116e-02 8.113122852145640551e-02 6.963012405270724292e-02 4.530051141468391385e-02 2.234116728261524923e-02 8.352287504231154999e-03 2.367019466403036572e-03 5.085047842233633405e-04 8.281043699247179178e-05 1.022284860045098987e-05 9.566555622220450677e-07 6.786347469844068617e-08 3.649332233419538657e-09
4.798363351844596266e-06 3.776832222987575223e-05 2.253507840546781183e-04 1.019265380428185583e-03 3.494719257022307814e-03 9.083100763135620870e-03 1.789586893456947964e-02 2.672811112210511653e-02 3.026081116291585646e-02 2.597106038708798387e-02 1.689645585904972491e-02 8.332942279057677440e-03 3.115286179563743745e-03 8.828650865655881782e-04 1.896651576865120083e-04 3.088713238805459766e-05 3.812979252046124201e-06 3.568191169285491856e-07 2.531212493800367543e-08 1.361149776710772182e-09
1.356695748337013340e-06 1.067866654395753369e-05 6.371598567954714744e-05 2.881884731639667067e-04 9.881016525793123294e-04 2.568168203086486877e-03 5.059902203319676869e-03 7.557142313222149806e-03 8.555982704014036475e-03 7.343092763790191532e-03 4.777326797714174372e-03 2.356067378013235181e-03 8.808202307235508738e-04 2.496224694693599967e-04 5.362618338230708590e-05 8.733069614890071085e-06 1.078086914314145531e-06 1.008875200491504126e-07 7.156784463094807533e-09 3.848533300846167161e-10
2.907827342692246364e-07 2.288775401417353069e-06 1.365634745687661579e-05 6.176788886838517991e-05 2.117813818058627748e-04 5.504395315398776575e-04 1.084496800126095051e-03 1.619734201860650868e-03 1.833817234323177354e-03 1.573856625160632242e-03 1.023931968858714887e-03 5.049796279976445732e-04 1.887875858705938129e-04 5.350197661952541830e-05 1.149378425593514653e-05 1.871772550547127986e-06 2.310680645298709715e-07 2.162338090134993737e-08 1.533924873948416781e-09 8.248621973776714394e-11
4.724453592508963850e-08 3.718657228685667484e-07 2.218796792228248326e-06 1.003565514986017905e-05 3.440889682166790620e-05 8.943192685693646105e-05 1.762021674463110533e-04 2.631641485909259437e-04 2.979470030253421960e-04 2.557102506626077252e-04 1.663619774714843300e-04 8.204588981643039550e-05 3.067301057364803886e-05 8.692662110138218621e-06 1.867437227865112599e-06 3.041137422762029484e-07 3.754247480772045923e-08 3.513229897858640165e-09 2.492223927798547447e-10 1.340183825397856100e-11
5.818772506599623427e-09 4.580004866182427848e-08 2.732733747839147202e-07 1.236020063025108958e-06 4.237898391589801214e-06 1.101469253571428287e-05 2.170156415898610950e-05 3.241205109881012723e-05 3.669600718221729344e-05 3.149400765774278062e-05 2.048961814736634192e-05 1.010500703616426629e-05 3.777775929550398508e-06 1.070613189551326178e-06 2.299989233999761366e-07 3.745552046995860907e-08 4.623838841114795274e-09 4.326994675413327374e-10 3.069494447856901113e-11 1.650608825828943521e-12
