2.869490727521401921e-10 1.255060034992312656e-09 4.161223042852614363e-09 1.045861818433558506e-08 1.992619799973081836e-08 2.877871470759718660e-08 3.150758857324404686e-08 2.614904046453811145e-08 1.645103278441072264e-08 7.845622323185013907e-09 2.836341030792535793e-09 7.772957918933343824e-10 1.614771236885585006e-10 2.542918918063602190e-11 3.035644006456510677e-12 2.747046346497626820e-13 1.884421075191720894e-14 9.799112376274743567e-16 3.862712127250575093e-17 1.154236403483132567e-18
4.930398026616380446e-09 2.156461235599177165e-08 7.149870073465168054e-08 1.797014012368777410e-07 3.423746463216517950e-07 4.944797933724432009e-07 5.413676755775634637e-07 4.492963725853641954e-07 2.826638845636587351e-07 1.348045506779571016e-07 4.873439766473765532e-08 1.335560209932588370e-08 2.774521918965914552e-09 4.369277898415056169e-10 5.215884852107921963e-11 4.720012424467598593e-12 3.237837941530787698e-13 1.683696826729565766e-14 6.636964555042780165e-16 1.983224699561117397e-17
6.421787870389718446e-08 2.808766458808639895e-07 9.312625200799751286e-07 2.340590501061400824e-06 4.459391187097000871e-06 6.440543587129426880e-06 7.051252969186647637e-06 5.852034622971194911e-06 3.681665243838089193e-06 1.755814081832138221e-06 6.347600378400686716e-07 1.739552123382265818e-07 3.613783534140620425e-08 5.690935226513488152e-09 6.793631243521151098e-10 6.147762994367524861e-11 4.217247432552529928e-12 2.192996143706035119e-13 8.644571542843588455e-15 2.583127822773209773e-16
6.340547341352106088e-07 2.773233414481706639e-06 9.194813368127665481e-06 2.310980240740687498e-05 4.402976477278278247e-05 6.359065783927489446e-05 6.962049225127128033e-05 5.778001908357755851e-05 3.635089362138863397e-05 1.733601690551284577e-05 6.267298377887965444e-06 1.717545458315719049e-06 3.568066407996560828e-07 5.618940542501495546e-08 6.707686611364276863e-09 6.069989089632491227e-10 4.163896026461582609e-11 2.165253064911171344e-12 8.535211099985875192e-14 2.550449279798978115e-15
4.745635334470400162e-06 2.075649588903135127e-05 6.881934455258297727e-05 1.729672360648788797e-04 3.295444324047583492e-04 4.759495616665904952e-04 5.210803582777127733e-04 4.324593531556640558e-04 2.720712833167641237e-04 1.297528587937865055e-04 4.690811539218265144e-05 1.285511167527072535e-05 2.670548946317700019e-06 4.205542730810522976e-07 5.020423771279048413e-08 4.543133763191320711e-09 3.116502574369724702e-10 1.620601645207737123e-11 6.388249657736848438e-13 1.908904952424430648e-14
2.692519119158754955e-05 1.177656058442046465e-04 3.904585749138319759e-04 9.813598333397982165e-04 1.869727912756183200e-03 2.700382992418734300e-03 2.956440451902971056e-03 2.453633696152087134e-03 1.543643960132049311e-03 7.361755138034953468e-04 2.661413881082622828e-04 7.293572203741640703e-05 1.515182602502290059e-05 2.386088144383336716e-06 2.848425139677637944e-07 2.577626314739467456e-08 1.768202184741704652e-09 9.194766573333715873e-11 3.624485053977587649e-12 1.083050575699832000e-13
1.158030633869440657e-04 5.065003186547176357e-04 1.679330660234997245e-03 4.220749044157437457e-03 8.041548097340599915e-03 1.161412821973926979e-02 1.271541058391491806e-02 1.055287951056842893e-02 6.639087466086254774e-03 3.166231172967046321e-03 1.144652523270463544e-03 3.136906245965807145e-04 6.516677475448661848e-05 1.026237157109550941e-05 1.225084548725929036e-06 1.108616170595256017e-07 7.604894175999465662e-09 3.954594523557534928e-10 1.558861623169961983e-11 4.658112678814323230e-13
3.775531689432655544e-04 1.651344919433472185e-03 5.475128152324790047e-03 1.376092419603090755e-02 2.621788991208092931e-02 3.786558650200902432e-02 4.145610159146325552e-02 3.440559329055504351e-02 2.164544217053051764e-02 1.032287556129914304e-02 3.731914984456206896e-03 1.022726739002518962e-03 2.124634841148970979e-04 3.345844914822186048e-05 3.994147823614934861e-06 3.614425526476845162e-07 2.479426546802810328e-08 1.289317959807236168e-09 5.082362491614497651e-11 1.518686252111208393e-12
9.331103592510523164e-04 4.081245180202724109e-03 1.353160089070538918e-02 3.400967592491434960e-02 6.479666093954196404e-02 9.358356366875271448e-02 1.024574047608411836e-01 8.503230314673820844e-02 5.349600528164732277e-02 2.551265070948245672e-02 9.223306326859609383e-03 2.527635822836125055e-03 5.250965805559776019e-04 8.269146724966788321e-05 9.871406247301792281e-06 8.932934958370823213e-07 6.127821949685261418e-08 3.186507341553662874e-09 1.256089335355869009e-10 3.753383604919688970e-12
1.748174260134831770e-03 7.646177863737716428e-03 2.535133828600462033e-02 6.371683633989780327e-02 1.213959888818623295e-01 1.753280044053034115e-01 1.919530696314220852e-01 1.593072911122995761e-01 1.002243073675396917e-01 4.779773242891213747e-02 1.727978534810862415e-02 4.735504049085347521e-03 9.837639429376436769e-04 1.549217551230277763e-04 1.849399499403072075e-05 1.673577707809043177e-06 1.148042189964245289e-07 5.969894192050245938e-09 2.353272603533705220e-10 7.031932012628413992e-12
2.482751491175902523e-03 1.085907733907879279e-02 3.600388952530867576e-02 9.049044711577620970e-02 1.724061950185510617e-01 2.490002709161207861e-01 2.726111353604121490e-01 2.262477051536898320e-01 1.423382406680895884e-01 6.788218667260076389e-02 2.454069586684529125e-02 6.725347699850798416e-03 1.397138404328834762e-03 2.200193809727066241e-04 2.626511252127008609e-05 2.376809706225271488e-06 1.630445845168056797e-07 8.478424631610794364e-09 3.342110222533589178e-10 9.986727346537100740e-12
2.672874703410787079e-03 1.169063968953976129e-02 3.876098186976217885e-02 9.741999062561572387e-02 1.856086519388753797e-01 2.680681202446524858e-01 2.934870486082469254e-01 2.435732170373691718e-01 1.532381650607891332e-01 7.308044329618669510e-02 2.641996406797892175e-02 7.240358852854487243e-03 1.504127944889702357e-03 2.368679425839412722e-04 2.827643245401512823e-05 2.558820148198493059e-06 1.755301515403322458e-07 9.127682252191139769e-09 3.598041085291893726e-10 1.075148720654961837e-11
2.181326972645884765e-03 9.540704489341116784e-03 3.163274923843524544e-02 7.950423301002206011e-02 1.514747991419360951e-01 2.187697838772478809e-01 2.395141135626265572e-01 1.987795490225370276e-01 1.250573183469160521e-01 5.964078373425742152e-02 2.156127264936012061e-02 5.908840409620817573e-03 1.227515398425349773e-03 1.933073897755691994e-04 2.307633228128284561e-05 2.088247309270631428e-06 1.432497578651748388e-07 7.449080747795052798e-09 2.936353154908465425e-10 8.774264281740080343e-12
1.349459197728298697e-03 5.902274893860732716e-03 1.956932864469240405e-02 4.918461094513095627e-02 9.370858357754140167e-02 1.353400479342581619e-01 1.481733493355089082e-01 1.229732608236044494e-01 7.736563596505720286e-02 3.689625864401922112e-02 1.333869614976335681e-02 3.655453372494428879e-03 7.593918589604849818e-04 1.195879565020347140e-04 1.427597477925972601e-05 1.291876263377641217e-06 8.862023243082772118e-08 4.608309829653727772e-09 1.816549660990695074e-10 5.428123241849827346e-12
6.328423948725354908e-04 2.767930875801786605e-03 9.177232499065384949e-03 2.306561549529527119e-02 4.394557801462663921e-02 6.346906983261325907e-02 6.948737494814424820e-02 5.766954126208687081e-02 3.628138918715291539e-02 1.730286971360420548e-02 6.255315040353585064e-03 1.714261439314763947e-03 3.561244115274239349e-04 5.608196892359674514e-05 6.694861233044577156e-06 6.058383015738238549e-07 4.155934482502032012e-08 2.161113010176304618e-09 8.518891418143500911e-11 2.545572713734723754e-12
2.249718566107916835e-04 9.839836160548086352e-04 3.262453733491547242e-03 8.199694558852039725e-03 1.562240196909728783e-02 2.256289179311218862e-02 2.470236488540389699e-02 2.050119251292813541e-02 1.289782661842133089e-02 6.151071349997367169e-03 2.223728766776445192e-03 6.094101498946016219e-04 1.266001941318851693e-04 1.993681961473442294e-05 2.379984927610638055e-06 2.153720556892277897e-07 1.477410970024548640e-08 7.682633309404404969e-10 3.028417239637521293e-11 9.049365595394712254e-13
6.062582183178559758e-05 2.651656802367935288e-04 8.791719184826005118e-04 2.209668484267553711e-03 4.209953069825874902e-03 6.080288790191104055e-03 6.656837859311221656e-03 5.524698348283519841e-03 3.475729588427836289e-03 1.657601805654711213e-03 5.992544403011256567e-04 1.642249467403808939e-04 3.411644873690820374e-05 5.372610121391324775e-06 6.413626324526508988e-07 5.803885015870998568e-08 3.981353738658583350e-09 2.070329885842931661e-10 8.161033418513608670e-12 2.438639368239863253e-13
1.238465476632444899e-05 5.416809713066034031e-05 1.795974118233814761e-04 4.513915110563225205e-04 8.600100382455408768e-04 1.242082585783423759e-03 1.359860142625626649e-03 1.128586461416042960e-03 7.100227215593680682e-04 3.386152217454406498e-04 1.224158145172618106e-04 3.354790430785215487e-05 6.969314834724284050e-06 1.097517848617547183e-06 1.310176842630881232e-07 1.185618768590780602e-08 8.133117220697249725e-10 4.229273948600844502e-11 1.667137506278506103e-12 4.981657281119755980e-14
1.917816231702897787e-06 8.388159208128710730e-06 2.781141970168404307e-05 6.989988684308191098e-05 1.331761960179551907e-04 1.923417478384759939e-04 2.105801012285498275e-04 1.747663923962723220e-04 1.099500249281918241e-04 5.243600090742084400e-05 1.895660723112848429e-05 5.195035036112600175e-06 1.079227912773604302e-06 1.699552861486068425e-07 2.028864318471815183e-08 1.835980866578349044e-09 1.259447640204562449e-10 6.549209792266244576e-12 2.581633021144356782e-13 7.714307241321518939e-15
2.251266426648624711e-07 9.846606204743566118e-07 3.264698380211377817e-06 8.205336146135324169e-06 1.563315055779782774e-05 2.257841560592012455e-05 2.471936070721215793e-05 2.051529782699109235e-05 1.290670063368009429e-05 6.155303435187562774e-06 2.225258745709447965e-06 6.098294387507009769e-07 1.266872981136433107e-07 1.995053662665482218e-08 2.381622414544530776e-09 2.155202368491265445e-10 1.478427464344048382e-11 7.687919146098631858e-13 3.030500863614615732e-14 9.055591776808974578e-16
