1.701372256793071337e-27 2.396614522418753985e-26 2.559138826781471931e-25 2.071506615539870513e-24 1.271088011779803070e-23 5.912371845566335803e-23 2.084705332002824133e-22 5.572170972675982352e-22 1.129018372715112398e-21 1.734101063301747230e-21 2.019038587359931480e-21 1.782016222036253970e-21 1.192272444145989555e-21 6.046947241824431239e-22 2.324843225419123282e-22 6.775603497054990285e-23 1.496921805034817858e-23 2.506958040614270441e-24 3.182671646286335410e-25 3.062904278401298440e-26
2.376342949775241311e-25 3.347402663314637893e-24 3.574403828578403120e-23 2.893317509790365035e-22 1.775355759609130550e-21 8.257935966432064939e-21 2.911752438823439686e-20 7.782770145094294510e-20 1.576924062007073988e-19 2.422055972478484597e-19 2.820034294811285855e-19 2.488980097514311301e-19 1.665272373841352567e-19 8.445900295128666770e-20 3.247158160713676225e-20 9.463630041228182653e-21 2.090782639458520823e-21 3.501521810650214075e-22 4.445305427959587096e-23 4.278023788594459066e-24
2.516029377042217555e-23 3.544170019098283772e-22 3.784514789401941742e-21 3.063392786984604531e-20 1.879714898180060931e-19 8.743354778501871300e-19 3.082911359846863330e-18 8.240257712665771952e-18 1.669618968823419619e-17 2.564429507185737000e-17 2.985801830784909465e-17 2.635287572785617374e-17 1.763160579897761810e-17 8.942368045034549622e-18 3.438032934190206695e-18 1.001992208213945668e-18 2.213683232205624990e-19 3.707348613458025180e-20 4.706609813086700939e-21 4.529495007783765284e-22
2.019384958892330726e-21 2.844578721389121668e-20 3.037481323611597915e-19 2.458703135051736989e-18 1.508673955489730184e-17 7.017485284977977002e-17 2.474368895084882828e-16 6.613695624617730001e-16 1.340049310825977283e-15 2.058231283864559450e-15 2.396428023590227202e-15 2.115102524397059345e-15 1.415126543293010721e-15 7.177214897327960315e-16 2.759392262598241724e-16 8.042068239176219095e-17 1.776719566018481081e-17 2.975547144122952836e-18 3.777562039079025141e-19 3.635408303876451472e-20
1.228624994466548547e-19 1.730685623083660852e-18 1.848050545281654293e-17 1.495912957257432021e-16 9.179005330574145279e-16 4.269546418803840724e-15 1.505444247588824050e-14 4.023874553694039603e-14 8.153066951640329922e-14 1.252259698485643219e-13 1.458023817726176548e-13 1.286861039491409127e-13 8.609848428189380454e-14 4.366728381671046734e-14 1.678856866015975303e-14 4.892918510830737694e-15 1.080983621946665158e-15 1.810368834027716543e-16 2.298327081680485376e-17 2.211838553895060757e-18
5.666519589694194786e-18 7.982064528211704986e-17 8.523361208462421248e-16 6.899273671749696564e-15 4.233432801209546357e-14 1.969149946503017540e-13 6.943232767178417697e-13 1.855844060447376573e-12 3.760261577424412328e-12 5.775524789754445569e-12 6.724525841974536027e-12 5.935109022145869826e-12 3.970932953697241278e-12 2.013971067580004077e-12 7.743026035135065295e-13 2.256654285666553499e-13 4.985585428822365107e-14 8.349570054973546041e-15 1.060007365186468301e-15 1.020118144375629301e-16
1.981117627788334940e-16 2.790673974152355270e-15 2.979921073387377245e-14 2.412110727526278781e-13 1.480084594393182117e-12 6.884503987016309244e-12 2.427479621514381278e-11 6.488366137947088961e-11 1.314655385587871114e-10 2.019227815169081199e-10 2.351015728999333679e-10 2.075021346084022086e-10 1.388309905015210432e-10 7.041206724309140218e-11 2.707101798170592126e-11 7.889671101268275153e-12 1.743050742443061453e-12 2.919160546174753813e-13 3.705977264378777423e-14 3.566517341482156741e-15
5.250503466206254891e-15 7.396049163772324745e-14 7.897605727888224162e-13 6.392753039045261368e-12 3.922628916191827189e-11 1.824581818864211289e-10 6.433484810861544301e-10 1.719594456152416808e-09 3.484196274908578836e-09 5.351505884302832774e-09 6.230834586029576130e-09 5.499373998417699687e-09 3.679400892812426869e-09 1.866112329409338572e-09 7.174560043936213038e-10 2.090978591245076317e-10 4.619561118734580955e-11 7.736573715319367311e-12 9.821853179927026207e-13 9.452246247812143422e-14
1.054844532467619219e-13 1.485892176337151684e-12 1.586656646408662682e-11 1.284326471557418233e-10 7.880698854454967859e-10 3.665648766935102015e-09 1.292509627149003817e-08 3.454725478820885147e-08 6.999872325171398999e-08 1.075136271951449058e-07 1.251796487343804838e-07 1.104843493878695625e-07 7.392045238176023880e-08 3.749085016927270514e-08 1.441394236555958981e-08 4.200849211276511347e-09 9.280860054394192647e-10 1.554304751184930503e-10 1.973244697814045326e-11 1.898989370870082902e-12
1.606470600995632696e-12 2.262932616194166144e-11 2.416391399751682963e-10 1.955959058545710072e-09 1.200187386416632580e-08 5.582582832260074115e-08 1.968421557498512589e-07 5.261358186360682169e-07 1.066042317611008616e-06 1.637373811772657059e-06 1.906417669571757307e-06 1.682616287980722797e-06 1.125768109977296580e-06 5.709651683208367889e-07 2.195164684652498353e-07 6.397663873124918290e-08 1.413424288644799136e-08 2.367121230581039672e-09 3.005143884277653946e-10 2.892057077614553152e-11
1.854615681882375296e-11 2.612478755873731437e-10 2.789641703226760866e-09 2.258088222000776625e-08 1.385575526042110263e-07 6.444902047818430366e-07 2.272475753262782102e-06 6.074059117158560156e-06 1.230709605620090390e-05 1.890292387881264204e-05 2.200894373052419175e-05 1.942523288223085842e-05 1.299661001971021196e-05 6.591598715346241890e-06 2.534242983312436131e-06 7.385885393206782489e-07 1.631750278685125338e-07 2.732760968318661231e-08 3.469336426474313405e-09 3.338781553623604675e-10
1.623049975988660265e-10 2.286286923708147601e-09 2.441329459073515982e-08 1.976145284600845484e-07 1.212573767299650893e-06 5.640197166533178339e-06 1.988736401184974044e-05 5.315657362635822981e-05 1.077044271416544821e-04 1.654272119411968520e-04 1.926092610039120039e-04 1.699981514826774838e-04 1.137386456207184411e-04 5.768577415354848409e-05 2.217819601870243962e-05 6.463690147347494832e-06 1.428011353786963195e-06 2.391550803404488777e-07 3.036158088542921143e-08 2.921904183911597758e-09
1.076729661035533552e-09 1.516720360317139870e-08 1.619575416550602381e-07 1.310972720448197703e-06 8.044201723670475280e-06 3.741700916877536254e-05 1.319325654056067163e-04 3.526401549505888571e-04 7.145100461716784746e-04 1.097442398414123646e-03 1.277767828354877278e-03 1.127765963651937084e-03 7.545409886176687904e-04 3.826868240029877789e-04 1.471299210429484461e-04 4.288005301348040170e-05 9.473412425155478271e-06 1.586552308304867258e-06 2.014184108863172128e-07 1.938388187711246547e-08
5.414748387007368289e-09 7.627410502158943615e-08 8.144656631795682888e-07 6.592729521940119582e-06 4.045335601335231664e-05 1.881657925615370550e-04 6.634735454735258674e-04 1.773386374790054953e-03 3.593188021111807812e-03 5.518910337188409274e-03 6.425745976850310778e-03 5.671404024231306747e-03 3.794498980476804229e-03 1.924487583082163181e-03 7.398992815723456516e-04 2.156388054418713319e-04 4.764069060680714476e-05 7.978587256558454410e-06 1.012909790570245465e-06 9.747929023065379688e-08
2.064175902553967100e-08 2.907672865321289715e-07 3.104854141379724552e-06 2.513238370207286060e-05 1.542137079916079895e-04 7.173136532483625431e-04 2.529251604441415911e-03 6.760390620444517613e-03 1.369772258360428367e-02 2.103883857967489210e-02 2.449581966389062157e-02 2.162016530362914982e-02 1.446514740474340310e-02 7.336409025568856393e-03 2.820596929311297053e-03 8.220445236507870849e-04 1.816128072867859719e-04 3.041546231571871020e-05 3.861350208207266213e-06 3.716043433800022176e-07
5.965020578898966773e-08 8.402543822397983466e-07 8.972354935882469800e-06 7.262713695773811355e-05 4.456441626801757312e-04 2.072880851800282254e-03 7.308988468976588236e-03 1.953606236874128738e-02 3.958344683423245525e-02 6.079767956239534588e-02 7.078760497655088579e-02 6.247758768803554630e-02 4.180113809067469849e-02 2.120063060449095191e-02 8.150913256619249370e-03 2.375530348107020469e-03 5.248216159857862183e-04 8.789408809855279482e-05 1.115846446312729500e-05 1.073855940633430771e-06
1.306694334971610644e-07 1.840656920936352165e-06 1.965479449902626978e-05 1.590966320612440107e-04 9.762258069105246702e-04 4.540842114946264975e-03 1.601103248590536599e-02 4.279559757964531558e-02 8.671129471021658819e-02 1.331830836336615476e-01 1.550669627801027628e-01 1.368630817191870130e-01 9.156935775154148582e-02 4.644199218140421942e-02 1.785534858831168761e-02 5.203824542374911599e-03 1.149671528217688235e-03 1.925403365784767286e-04 2.444367476707314204e-05 2.352383291291711555e-06
2.169865874218404536e-07 3.056551583634506354e-06 3.263828938933856423e-05 2.641921246412038868e-04 1.621097610400593948e-03 7.540415598151109337e-03 2.658754390553251870e-02 7.106536262505001866e-02 1.439907362153533821e-01 2.211606957078729729e-01 2.575005506261344723e-01 2.272716139611033470e-01 1.520579214216025432e-01 7.712047972361978088e-02 2.965017183983814295e-02 8.641348621263323856e-03 1.909117495098254600e-03 3.197279536390113561e-04 4.059059130972498939e-05 3.906312356490285236e-06
2.731420662866722654e-07 3.847577977908216956e-06 4.108498091882056412e-05 3.325642551393072875e-04 2.040632816149064253e-03 9.491852568450238545e-03 3.346832062816160885e-02 8.945686560377714980e-02 1.812551074391527406e-01 2.783964212940385208e-01 3.241409218130266168e-01 2.860888268866078055e-01 1.914100560123952188e-01 9.707902887000596781e-02 3.732354749809357192e-02 1.087770376021765864e-02 2.403191384273951903e-03 4.024725903301560334e-04 5.109531475593951755e-05 4.917254293412243760e-06
2.606400262460377908e-07 3.671469718227752730e-06 3.920447205580014925e-05 3.173423902308398548e-04 1.947230604169924040e-03 9.057399089775815954e-03 3.193643544374288185e-02 8.536231755084457140e-02 1.729588437344055096e-01 2.656538831214874108e-01 3.093046029757023918e-01 2.729941980821209424e-01 1.826489881293709705e-01 9.263560526067837753e-02 3.561520395503069147e-02 1.037981821000119251e-02 2.293194431699215139e-03 3.840509370565643797e-04 4.875662090459719937e-05 4.692185665566028637e-06
